20220701_namedtuples/mapdata/sd8579_DSM_2M.asc
ncols 500
nrows 500
xllcorner    385000
yllcorner    479000
cellsize     2
NODATA_value -9999
[rows 29 to 57 of 500, columns 335 to 401 of 500]
356.829 353.111 352.401 354.649 357.989 362.719 362.626 355.861 347.316 345.659 344.784 344.961 345.151 345.409 345.721 345.951 346.491 349.829 349.906 348.486 348.771 348.926 349.014 349.214 349.184 349.276 349.441 349.499 349.686 349.609 349.694 349.954 352.639 351.656 350.026 350.211 350.309 350.619 350.491 350.359 350.521 350.526 350.551 351.874 350.724 350.689 350.751 350.754 350.696 350.959 351.006 351.091 351.174 351.321 351.486 351.539 351.644 351.836 351.829 351.841 351.936 351.824 354.981 362.181 364.586 363.289 365.141
350.759 351.736 354.381 354.166 359.719 360.449 360.989 354.654 346.916 345.881 344.836 345.099 345.219 345.634 345.994 346.159 346.389 347.024 348.054 348.674 349.014 349.159 349.309 349.399 349.416 349.411 349.466 349.796 349.709 349.741 349.841 350.869 354.576 350.709 350.216 350.324 350.404 350.534 350.501 350.616 350.741 350.796 350.884 355.739 353.681 351.009 351.071 351.069 351.096 351.221 351.384 351.314 351.501 351.694 351.796 351.871 352.221 352.234 352.251 352.246 352.286 355.451 354.066 361.299 366.041 364.024 362.821
348.511 348.024 351.079 354.764 357.599 361.699 358.109 355.274 347.096 345.461 344.871 345.396 345.306 345.571 346.189 346.346 346.474 347.941 348.134 348.899 349.239 349.334 349.474 349.489 349.599 349.586 349.749 349.831 349.896 349.896 350.079 350.171 350.699 350.329 350.556 350.689 350.699 350.696 350.724 350.894 350.929 351.041 352.254 354.959 356.056 351.484 351.416 351.384 351.384 351.521 351.709 351.736 351.804 352.006 352.129 352.186 352.451 352.574 352.616 352.614 352.696 359.356 363.734 362.006 361.384 360.169 362.039
355.246 355.384 354.764 350.714 356.281 361.116 360.591 355.781 347.521 345.411 345.066 345.399 345.544 345.566 346.259 346.384 346.509 346.989 348.154 349.351 349.336 349.536 349.556 349.599 349.664 349.804 349.919 349.994 350.049 350.179 350.274 350.449 350.531 350.664 350.761 350.974 350.929 350.911 351.101 351.169 351.171 351.209 351.256 352.689 352.849 351.796 351.749 351.749 351.811 351.964 351.994 352.136 352.231 352.559 356.326 352.666 352.719 352.831 352.866 352.954 354.849 360.504 362.814 363.164 359.526 356.344 359.836
361.214 361.641 360.501 357.964 355.126 363.489 358.401 355.026 347.221 345.549 345.191 345.486 345.624 345.601 346.341 346.764 346.659 347.144 348.179 349.056 349.569 349.709 349.814 349.836 349.886 350.034 350.139 350.221 350.341 350.446 350.566 350.784 350.746 350.821 350.981 351.286 351.316 351.299 351.351 351.341 351.489 351.334 351.549 351.659 351.826 352.019 352.191 352.154 352.186 352.271 352.339 352.389 352.941 352.851 352.881 352.961 353.019 353.186 353.191 353.554 357.054 365.919 366.229 366.589 360.669 360.109 358.061
361.034 362.539 361.851 361.861 362.471 363.029 358.519 356.481 346.836 345.846 345.196 345.641 345.671 345.749 346.081 346.591 346.901 347.306 348.071 349.146 349.699 349.944 350.096 350.241 350.299 350.234 350.439 353.861 350.706 350.811 350.829 350.996 351.134 351.209 351.494 351.604 351.721 351.574 351.579 352.399 356.826 352.754 351.914 351.971 352.074 352.309 352.374 352.476 352.556 352.604 352.701 352.806 353.941 358.324 355.224 353.311 353.319 353.396 355.296 359.099 362.056 365.296 365.491 367.461 365.014 364.411 358.626
361.046 361.109 362.964 360.659 361.466 361.679 362.616 359.654 351.011 346.461 345.406 345.559 348.136 345.821 346.006 346.769 347.039 347.389 348.121 349.196 349.921 350.131 350.374 352.489 352.031 350.581 350.866 350.841 350.946 350.959 351.126 351.779 351.471 351.566 351.736 351.831 351.936 351.924 351.956 352.074 355.044 353.214 352.296 352.301 352.316 352.614 352.671 352.761 352.866 352.969 353.056 353.011 354.926 357.356 355.459 353.586 353.576 353.656 356.446 364.764 365.856 365.496 365.514 365.094 365.169 365.229 363.431
363.094 362.714 362.234 362.649 363.104 363.431 364.254 361.706 353.234 346.966 345.841 345.519 346.019 345.879 346.221 346.936 347.224 347.534 348.211 349.384 350.186 350.416 350.626 351.194 354.029 351.484 351.274 351.071 351.221 351.764 351.634 353.861 351.796 351.926 352.074 352.356 352.914 353.091 352.361 352.599 352.586 352.619 352.659 353.771 355.156 352.979 353.104 353.131 353.194 353.319 353.369 353.401 353.539 355.091 354.061 353.874 354.016 354.656 355.721 363.416 366.621 364.579 367.509 366.299 366.156 366.576 367.391
362.869 362.189 363.391 364.499 363.549 363.731 362.469 360.906 352.764 347.841 346.894 345.559 346.006 346.149 346.564 347.209 347.346 347.529 348.144 349.496 350.344 350.614 350.811 351.156 351.559 353.336 353.664 351.581 351.574 351.701 351.989 352.844 352.164 352.251 352.541 352.901 353.296 353.091 352.971 353.036 353.149 353.114 353.284 353.866 355.811 354.241 353.539 353.501 353.566 353.646 353.744 353.786 353.919 354.021 354.101 354.224 356.926 360.901 364.459 366.059 365.296 365.764 368.541 367.061 366.631 367.489 366.886
365.209 363.874 364.764 365.069 363.031 362.461 365.109 361.901 354.506 348.561 346.229 345.706 346.161 346.539 347.026 347.304 347.349 347.591 348.139 349.126 350.224 350.819 351.106 351.349 351.584 353.104 352.126 352.091 352.051 352.159 352.411 352.681 352.729 353.094 353.109 353.234 353.359 353.409 353.536 353.674 353.744 353.784 353.919 354.704 356.494 356.101 354.049 354.786 354.314 354.086 354.929 354.286 354.446 354.461 354.489 354.759 359.021 364.021 369.196 368.181 367.841 366.126 366.244 366.411 367.269 367.484 367.354
365.439 362.739 362.469 364.461 362.266 363.319 366.531 363.346 358.936 348.949 346.551 346.026 346.251 347.164 347.219 347.369 347.419 347.676 348.359 350.261 350.211 351.016 351.419 351.614 351.899 352.041 352.306 352.529 352.626 352.696 354.101 355.981 353.454 353.451 353.684 353.744 353.881 354.054 354.121 354.281 354.331 354.336 354.494 354.646 356.709 354.816 354.629 354.871 354.881 355.659 356.236 354.809 354.839 355.089 354.919 355.634 362.696 366.781 369.801 366.436 367.389 367.724 366.221 364.781 366.469 367.489 366.426
364.571 363.276 362.746 363.656 364.496 363.861 365.696 364.166 357.011 349.519 346.791 346.154 346.501 347.299 347.349 347.594 347.514 347.791 348.506 349.344 350.304 351.156 351.724 352.001 352.296 352.671 352.771 352.961 353.104 353.314 353.584 353.934 354.056 354.029 354.099 354.211 354.494 354.546 354.586 354.819 354.931 354.961 354.971 355.041 355.139 355.149 355.181 355.209 355.224 358.274 355.796 355.254 355.419 355.539 355.661 358.209 365.971 369.396 368.724 368.271 368.614 370.356 368.786 368.574 365.604 367.471 363.719
364.641 364.406 365.169 363.919 363.081 363.821 366.701 365.324 355.686 348.059 346.639 346.759 346.806 347.209 347.611 347.701 347.576 347.859 348.496 349.326 350.231 351.474 352.101 352.401 352.709 353.004 353.274 353.474 353.739 353.894 354.024 354.231 354.451 354.576 354.709 354.901 355.006 355.139 355.184 355.361 355.371 357.394 358.241 355.681 355.809 356.184 357.024 355.914 355.904 355.901 357.471 355.966 355.929 356.021 359.284 362.929 365.109 370.676 369.644 369.396 369.196 370.096 370.519 369.459 363.721 365.301 368.096
364.761 365.156 363.544 363.741 362.456 365.276 366.056 363.229 356.089 347.839 347.459 346.501 347.766 347.149 347.596 347.804 347.756 348.481 348.454 349.419 350.281 351.484 352.396 352.824 353.209 353.401 353.716 353.949 354.279 354.796 354.591 354.846 355.001 355.204 355.291 355.446 355.571 356.466 356.054 355.851 356.066 359.111 357.119 356.306 359.686 358.879 356.464 356.464 356.486 356.501 357.184 356.611 356.526 356.564 360.501 367.691 370.146 370.049 371.474 371.046 368.836 368.641 369.114 368.604 369.031 368.851 369.211
365.831 364.129 365.239 363.946 364.161 364.351 363.496 361.229 351.656 348.941 347.244 346.766 346.974 347.294 347.521 347.764 347.869 348.109 348.499 349.174 350.184 351.311 352.434 353.059 353.474 353.806 354.144 354.479 354.731 354.966 355.114 355.386 355.511 355.691 355.796 356.261 356.109 358.624 358.851 356.421 356.529 356.771 357.001 357.921 362.529 356.954 356.931 356.976 357.006 357.041 358.974 358.411 357.021 357.134 359.809 363.066 369.891 371.299 371.199 371.296 370.469 368.829 366.146 368.406 370.564 369.196 369.061
365.596 363.036 364.986 365.374 365.741 363.756 362.084 360.024 352.679 349.139 348.326 347.601 346.984 346.936 348.544 347.524 347.766 348.039 348.216 348.401 350.259 350.859 352.154 353.024 353.701 354.114 354.571 354.884 355.124 355.659 355.681 355.846 355.951 356.196 356.384 356.624 356.946 357.809 358.094 357.269 357.044 357.116 357.211 359.626 362.204 357.516 357.439 357.506 357.559 357.636 357.589 357.679 357.546 357.591 358.436 365.659 370.846 371.809 369.984 371.241 370.421 368.724 364.281 371.381 368.876 366.731 368.171
366.634 366.456 365.369 363.611 365.346 365.231 366.709 363.809 355.714 349.869 349.159 349.719 348.231 347.569 347.484 347.489 347.311 347.426 347.469 347.804 348.579 351.319 351.626 353.054 354.909 355.644 354.911 355.336 355.586 355.861 356.166 356.459 356.474 356.714 357.166 357.491 357.459 357.439 357.999 357.531 357.629 358.546 359.306 361.354 358.426 357.951 357.969 358.091 358.089 359.594 359.019 359.374 358.161 358.244 358.341 362.869 368.544 372.049 370.576 368.584 363.939 361.671 361.336 366.366 362.049 361.154 361.549
365.899 364.129 366.176 365.089 365.834 366.609 364.716 361.734 354.719 351.206 350.351 349.476 348.666 349.349 347.991 347.966 347.994 347.796 347.816 347.969 348.536 355.746 355.101 352.834 356.704 356.601 355.319 355.691 356.056 356.291 356.624 356.839 356.996 357.186 357.509 357.669 357.736 358.134 357.919 358.079 358.066 360.341 364.154 358.259 359.181 358.941 358.521 358.561 359.501 358.766 359.974 365.029 358.759 358.834 361.911 359.111 362.516 367.444 364.596 361.401 359.056 358.844 359.856 361.186 358.984 359.771 360.441
363.406 365.056 366.526 366.774 365.804 366.244 367.601 362.709 355.611 352.334 351.259 350.266 349.316 349.619 348.864 348.311 350.564 348.516 348.569 348.291 348.766 353.439 353.736 354.739 356.014 356.334 355.479 356.051 356.531 356.759 357.016 357.936 357.904 357.851 358.956 358.839 358.006 358.386 358.586 358.489 359.029 359.749 359.389 358.764 361.219 359.374 358.989 359.461 363.234 360.814 359.984 361.674 359.259 359.221 360.169 359.399 359.376 360.166 359.479 359.329 359.551 360.206 359.411 359.511 360.776 360.251 359.861
363.171 367.134 368.169 367.509 367.079 365.724 367.356 365.734 355.654 352.876 351.839 351.106 352.536 352.801 348.859 348.611 348.586 348.836 348.831 348.966 349.516 355.421 354.411 354.161 355.179 354.171 355.059 356.209 356.859 357.134 357.261 358.016 359.246 357.889 358.899 358.339 360.366 359.516 358.976 359.016 359.066 360.711 359.824 359.496 359.706 359.401 359.504 359.586 362.126 359.781 360.889 359.749 359.796 359.779 359.876 360.569 359.794 360.124 360.736 360.049 359.816 359.844 360.006 360.019 359.976 361.116 360.551
360.441 367.019 366.099 364.209 365.471 363.466 366.126 365.701 355.636 355.334 354.614 352.966 352.176 350.091 351.234 348.886 348.926 348.946 353.429 348.666 348.976 352.906 352.329 355.534 353.934 355.789 355.151 356.979 357.681 357.256 357.564 357.806 358.106 358.244 358.651 358.781 360.376 359.029 359.246 359.426 361.356 362.101 360.111 359.781 360.154 360.366 359.974 360.081 360.951 360.174 360.416 362.874 360.441 360.379 360.736 364.344 360.456 361.071 362.671 360.724 360.866 362.391 360.431 361.764 360.459 360.954 363.994
360.672 362.809 361.382 357.364 364.944 361.451 359.396 355.116 355.871 359.509 353.509 352.294 357.124 352.704 351.121 350.729 349.081 349.379 352.636 349.237 352.074 356.596 351.609 358.269 354.596 355.667 354.624 358.704 357.356 357.684 357.724 357.989 358.941 363.424 359.531 360.482 359.391 359.464 359.634 359.526 363.029 360.089 361.914 360.314 360.189 361.151 364.709 360.484 361.181 362.024 360.664 364.694 362.861 360.794 361.989 363.006 361.279 362.121 360.871 361.009 364.036 361.174 362.636 362.889 365.559 360.821 364.614
357.417 357.826 357.822 356.744 355.901 356.459 356.009 359.056 355.376 356.254 353.846 354.594 355.024 352.259 357.376 350.971 352.811 349.311 349.111 349.151 352.996 349.732 351.159 354.809 351.887 352.806 354.362 363.006 356.924 361.836 357.991 358.301 358.834 361.364 359.534 363.129 359.679 362.889 360.199 359.951 360.911 363.284 362.626 360.852 360.919 362.754 364.711 361.899 361.651 361.054 361.416 366.232 364.661 362.691 361.396 361.431 362.814 363.102 361.509 361.607 362.039 361.429 361.846 361.917 365.111 361.341 363.471
361.346 355.269 356.829 357.379 357.099 356.104 356.111 355.382 355.292 355.444 354.961 354.094 355.559 358.866 354.529 351.004 351.789 349.889 350.114 349.184 355.919 350.761 350.357 350.542 353.224 359.429 359.924 359.624 359.009 362.201 361.114 358.526 358.789 359.099 360.879 361.149 359.971 366.911 365.391 363.769 361.121 364.251 360.676 360.944 361.046 361.201 361.316 361.409 363.724 361.469 361.481 362.409 361.861 363.379 365.796 362.466 363.111 364.484 362.439 362.069 361.959 361.904 362.016 363.009 364.634 361.934 364.596
359.449 356.227 361.371 359.559 362.051 356.314 359.084 355.816 355.857 355.551 355.516 355.454 354.699 355.674 354.719 353.281 355.746 352.701 351.216 349.014 349.526 352.204 351.616 354.364 353.951 355.199 354.664 356.941 361.169 361.579 359.659 358.786 358.991 359.309 359.616 360.044 360.809 361.409 367.361 360.721 363.089 362.362 365.199 361.551 364.984 361.629 361.709 367.454 361.909 362.529 361.929 361.929 362.229 363.069 364.056 362.357 362.401 362.526 362.474 364.086 362.604 362.514 362.616 363.524 364.946 362.591 367.329
356.186 356.214 357.146 357.531 358.139 356.889 356.474 356.524 356.266 356.754 357.034 355.719 356.594 354.484 353.734 352.516 353.536 353.914 353.301 349.184 350.409 354.549 355.619 350.984 355.741 355.591 353.524 356.754 359.841 357.422 361.114 359.724 359.181 359.604 359.911 360.211 362.079 361.564 364.009 361.026 361.281 361.737 368.434 362.176 367.531 361.919 363.144 362.237 362.194 362.786 362.394 362.344 362.534 362.744 362.792 362.876 363.926 362.824 362.961 364.184 363.139 363.034 363.181 363.116 363.021 363.821 364.939
358.284 356.486 356.624 356.609 356.751 356.729 356.671 357.026 357.116 357.129 356.786 357.324 356.779 354.951 355.396 354.716 355.371 351.934 350.774 350.974 351.211 354.071 352.507 355.724 355.746 357.794 357.844 361.576 357.614 359.156 361.736 359.326 359.409 359.806 360.141 360.546 362.604 361.356 361.179 361.379 362.286 364.136 364.159 362.569 366.714 365.199 362.464 362.696 363.026 365.459 366.946 363.131 363.227 363.151 363.201 363.141 363.814 366.279 363.481 363.569 363.519 363.494 363.571 363.764 363.576 363.511 363.399
357.429 356.607 357.322 357.052 357.276 357.199 357.401 357.314 357.119 357.137 357.374 357.021 357.861 357.674 357.664 355.826 354.186 354.891 351.611 352.739 352.232 350.564 354.176 356.009 355.546 353.364 360.279 359.474 357.357 357.781 360.774 365.839 359.561 360.016 360.424 360.811 361.549 361.436 361.411 361.591 364.214 370.281 362.449 365.121 365.042 365.066 363.419 362.881 367.172 364.774 368.431 363.404 363.489 363.531 364.096 364.259 363.771 364.619 363.891 363.884 363.894 364.072 364.049 364.016 363.989 363.939 363.921
357.121 357.107 357.254 357.237 357.631 357.329 357.714 357.529 357.809 358.179 357.996 357.331 357.349 359.059 357.711 355.232 354.556 354.221 355.409 354.189 354.799 350.431 350.591 352.574 352.232 355.356 355.559 358.551 357.344 360.471 360.141 362.789 361.514 360.371 360.654 360.906 361.294 363.616 361.709 361.789 364.449 365.954 365.826 364.466 363.482 368.951 363.691 363.284 366.602 363.996 363.691 366.246 363.906 363.834 364.429 364.134 364.069 364.101 364.244 364.309 364.949 364.411 364.446 365.727 364.504 364.276 364.594
