20220701_namedtuples/mapdata/sd8579_DSM_2M.asc
ncols 500
nrows 500
xllcorner    385000
yllcorner    479000
cellsize     2
NODATA_value -9999
[rows 29 to 57 of 500, columns 268 to 334 of 500]
349.831 350.039 349.934 349.901 349.849 349.794 349.711 350.041 350.474 350.096 350.329 356.609 360.926 360.554 358.254 357.944 360.299 360.996 358.571 360.694 355.806 356.966 358.169 354.714 358.566 355.409 354.834 359.024 360.784 359.566 358.321 355.964 357.964 357.516 356.474 356.441 357.826 358.381 357.594 358.431 359.299 360.791 355.559 349.506 358.269 359.911 353.531 359.596 354.749 352.709 357.016 357.616 358.439 358.119 353.134 356.181 357.019 356.506 360.779 356.456 361.074 357.181 356.441 353.391 351.686 356.926 353.369
350.639 349.974 350.096 350.039 350.021 350.001 349.954 352.709 354.789 356.299 356.004 358.691 360.711 361.851 360.791 361.621 359.299 360.369 357.229 357.071 353.449 357.746 359.501 360.589 361.941 358.806 360.774 356.064 359.701 359.644 358.076 354.161 355.266 355.061 358.684 356.224 354.001 359.154 358.899 358.684 358.386 359.456 353.471 349.299 355.909 359.581 358.579 360.009 358.911 358.009 359.174 357.899 359.761 356.179 353.141 354.421 358.296 357.274 361.099 359.886 360.564 357.884 356.311 353.199 348.259 355.336 349.011
355.886 351.001 350.191 350.169 350.146 350.111 350.461 355.701 360.061 360.954 362.456 361.536 362.386 363.849 362.574 361.776 359.606 362.709 359.091 357.261 352.736 361.001 356.531 360.431 361.561 361.826 356.609 357.574 360.239 359.799 360.136 360.361 356.036 359.054 358.976 348.491 351.651 360.109 360.486 359.626 358.039 359.119 355.541 353.021 360.089 357.991 357.911 352.009 358.376 358.839 357.804 355.884 356.989 351.786 348.156 349.316 352.236 358.211 360.071 358.454 357.736 358.956 358.984 357.689 352.774 360.034 354.249
360.541 352.644 350.311 350.294 350.261 350.234 351.171 357.249 364.261 362.124 361.741 362.766 363.754 364.659 363.379 361.644 361.116 355.986 358.689 360.049 353.796 360.761 362.281 362.379 361.449 359.866 355.526 358.984 359.976 361.521 359.121 359.544 358.314 360.916 358.821 352.721 357.019 357.841 361.959 359.734 355.469 359.811 360.379 351.799 355.381 357.264 352.484 351.286 356.909 356.604 357.119 358.014 354.526 352.024 350.129 346.589 351.929 357.016 357.109 356.391 357.119 358.894 359.981 359.606 356.894 361.596 358.589
361.579 357.676 351.334 350.439 350.424 350.304 350.386 358.154 362.994 361.646 360.436 361.764 362.209 363.794 361.946 355.206 361.836 359.851 359.164 357.824 360.166 361.354 360.281 358.646 361.141 358.111 357.261 356.434 356.506 360.659 358.204 356.836 356.296 361.031 358.226 357.516 362.564 361.806 362.094 358.171 355.311 359.616 355.279 348.709 353.594 354.324 349.874 353.366 357.869 359.621 359.934 358.166 350.011 352.544 353.931 347.606 353.956 359.464 356.736 358.374 362.244 361.919 360.511 360.321 358.559 359.524 357.809
364.346 361.066 352.001 350.556 350.516 350.421 350.466 355.804 362.046 362.634 360.266 359.514 361.541 360.846 357.721 353.381 359.971 360.694 361.386 361.996 361.171 361.854 357.641 360.259 360.424 357.461 357.091 356.041 359.199 359.224 356.689 352.831 356.681 357.549 360.516 360.301 358.559 361.716 361.439 359.094 359.336 356.116 348.511 345.991 353.026 356.379 351.461 354.474 357.829 359.021 360.144 357.026 354.631 359.466 356.521 351.546 358.419 359.011 357.199 360.039 361.901 360.339 361.749 361.499 358.311 360.734 358.171
363.449 359.659 352.339 350.614 350.611 350.564 350.649 355.751 358.526 359.794 359.824 359.719 361.274 361.154 355.181 353.981 362.494 363.219 363.451 362.481 359.486 361.774 361.804 362.741 361.064 357.014 362.609 357.611 360.414 359.231 354.136 357.491 361.891 361.081 361.754 363.224 358.919 359.179 361.781 358.424 358.504 356.491 352.854 351.114 358.464 358.071 355.869 359.369 357.669 359.776 358.076 356.786 355.046 360.679 360.306 361.626 360.936 356.709 359.029 359.866 362.354 359.549 361.481 363.101 359.456 359.916 363.624
362.004 357.626 351.599 350.724 350.746 350.701 351.959 358.256 359.336 356.089 358.596 363.579 364.944 361.571 356.799 363.939 362.556 361.084 361.099 364.786 361.906 360.109 362.379 362.561 363.734 359.854 361.836 361.281 356.704 363.544 358.784 361.771 362.201 359.379 359.781 358.996 353.771 357.614 360.691 357.121 358.514 357.599 358.249 360.136 354.244 360.801 357.111 360.881 360.599 359.511 360.376 360.951 352.464 357.539 357.674 359.929 362.696 360.821 361.266 360.439 361.751 360.779 359.216 359.264 360.191 363.426 364.454
364.566 360.166 353.509 350.961 350.834 351.319 355.546 359.891 364.541 364.079 363.184 364.544 362.039 354.831 361.799 363.184 362.429 358.924 362.959 363.146 362.476 361.346 362.916 362.121 362.476 362.521 363.024 360.966 360.556 361.666 359.496 357.699 363.274 360.651 361.149 354.691 351.644 355.816 359.646 360.714 358.721 361.706 361.039 358.844 355.801 363.609 360.079 363.096 361.764 359.571 360.364 361.944 360.221 359.211 354.744 357.991 360.964 359.334 355.991 358.724 361.141 361.554 359.364 361.684 360.221 362.766 363.356
364.299 360.859 353.986 351.059 351.059 352.004 357.564 363.806 364.409 363.934 365.601 363.019 361.509 352.946 362.059 363.881 363.706 364.376 363.986 362.099 361.359 361.476 363.144 363.284 362.921 362.611 360.951 358.674 365.156 364.456 356.259 358.621 362.916 360.196 361.909 352.409 351.401 357.446 361.156 361.136 359.449 359.056 356.264 351.336 358.906 362.836 361.231 361.849 361.796 361.281 358.056 361.074 360.879 364.036 361.034 360.046 360.959 360.924 354.894 361.926 361.081 361.071 360.361 362.894 362.131 357.921 362.386
366.391 360.931 352.731 351.131 351.056 351.719 356.416 362.351 363.001 362.236 366.376 365.781 363.719 357.434 363.776 363.661 362.469 364.969 364.289 362.919 365.191 357.749 364.256 364.314 363.134 358.414 361.646 360.379 363.291 362.461 355.991 359.414 360.754 358.729 360.106 356.236 360.366 361.759 363.059 358.971 358.186 356.309 353.394 349.871 359.279 361.219 362.751 360.999 361.099 360.984 361.749 361.149 354.829 361.199 361.601 360.109 361.016 362.359 362.064 363.019 364.311 360.631 361.904 363.729 361.939 359.194 363.134
364.821 358.684 352.029 351.226 351.211 351.184 355.756 362.156 364.789 364.484 364.391 364.394 361.436 357.644 364.166 364.271 364.751 364.076 364.386 362.871 365.181 360.646 363.506 364.156 362.374 364.649 361.539 357.701 361.259 361.264 357.721 361.776 356.856 358.544 360.291 359.166 361.094 358.921 360.046 357.306 352.411 348.996 348.949 355.844 360.941 358.866 362.716 361.319 360.166 360.354 361.761 361.954 360.021 360.269 362.736 358.449 363.596 361.591 362.169 361.281 361.781 361.449 361.891 363.921 363.754 360.036 362.671
362.076 355.016 351.389 351.384 351.346 351.316 356.271 361.069 365.066 364.939 363.429 360.654 358.064 361.371 362.929 360.924 364.009 363.941 362.101 363.741 364.049 362.704 363.856 360.361 363.404 360.964 361.209 357.336 361.379 362.876 356.481 355.301 357.756 356.779 363.489 363.164 359.269 359.936 355.604 354.041 349.094 350.806 352.834 352.026 353.989 359.169 360.279 357.494 360.069 362.334 364.774 364.016 361.674 356.514 363.349 362.736 362.111 361.854 362.644 361.406 361.884 360.791 364.361 365.181 364.059 360.699 362.489
360.314 354.686 351.499 351.436 351.441 351.791 356.506 360.661 362.909 363.236 365.496 359.536 354.601 363.954 364.084 364.871 364.434 363.851 360.714 362.514 363.311 364.704 360.281 361.941 364.606 362.046 361.784 363.769 361.684 358.331 354.821 352.651 359.491 363.009 363.129 358.834 356.054 359.716 356.324 353.861 354.106 356.931 356.156 361.974 354.514 359.086 361.844 360.334 364.549 364.696 363.714 363.174 360.629 361.596 362.711 360.439 362.806 363.256 360.701 359.559 357.806 362.841 361.124 364.206 361.529 360.501 362.811
363.566 358.109 351.686 351.589 351.541 357.294 363.749 363.181 366.236 363.829 364.869 361.211 359.681 362.451 363.574 363.751 366.251 363.599 363.504 361.071 364.709 364.271 362.624 361.456 364.561 359.164 359.254 363.611 359.016 357.231 357.746 358.706 359.641 363.624 364.841 356.871 357.524 356.831 359.439 356.086 355.874 361.671 361.381 361.349 357.681 358.934 359.596 361.014 362.959 363.034 363.614 363.529 361.719 361.044 360.539 362.459 362.406 361.974 361.144 356.489 358.314 361.269 362.071 363.916 362.669 362.469 363.914
365.756 360.819 352.254 351.709 351.981 357.449 362.834 366.249 365.826 363.171 363.911 361.744 357.949 363.964 362.171 363.376 364.699 362.879 362.809 365.426 364.041 365.134 366.344 358.456 362.151 363.874 362.169 361.406 356.001 353.284 360.441 364.039 363.396 362.849 363.779 355.994 357.421 360.069 363.074 360.429 361.261 362.851 358.384 358.914 358.146 361.531 360.294 362.916 363.934 363.179 362.066 363.476 362.796 358.974 358.551 362.974 361.931 358.481 362.881 355.884 360.916 364.301 363.554 363.844 365.209 362.016 364.399
365.621 359.831 352.394 351.886 351.856 354.099 361.539 366.176 365.169 364.051 365.154 358.101 356.691 364.421 361.394 363.754 367.206 363.561 362.084 364.046 362.571 365.689 362.674 361.086 361.389 363.884 361.669 357.571 352.824 357.286 361.361 363.836 362.709 362.369 364.576 360.081 365.006 363.686 363.081 363.336 359.479 362.619 361.464 362.246 362.009 363.034 361.801 360.411 364.324 364.731 361.956 364.824 363.271 362.029 358.504 362.901 363.289 359.351 362.999 360.336 360.141 362.109 363.204 362.814 363.309 363.211 363.944
363.769 359.106 352.739 352.019 351.991 352.634 359.656 363.181 363.239 363.016 366.289 362.831 353.829 363.191 361.669 365.331 365.124 363.709 363.379 362.011 364.149 364.589 363.311 361.326 363.436 366.666 360.609 357.146 353.461 361.571 362.816 363.099 365.251 363.371 364.731 364.511 364.951 365.556 364.644 358.856 364.244 358.004 356.736 362.709 364.411 362.429 364.196 365.254 365.316 363.906 361.994 361.456 362.184 362.336 362.261 363.139 362.396 358.526 364.061 362.436 361.146 362.599 362.074 361.666 361.379 362.909 362.819
365.576 360.554 356.134 352.186 352.111 355.789 363.066 362.939 364.041 362.186 364.769 360.699 362.921 363.476 361.364 364.684 365.009 364.186 365.249 362.521 362.766 361.939 363.806 362.551 360.361 362.599 360.371 356.131 358.541 361.554 363.576 365.744 366.019 364.891 365.836 366.706 365.421 364.211 365.519 366.674 364.936 364.076 364.216 364.229 363.829 362.471 361.164 364.361 364.059 363.904 362.326 362.804 363.719 363.546 359.031 362.344 362.296 360.384 363.124 362.534 361.739 362.509 362.621 363.999 363.234 366.324 362.641
365.721 361.071 355.124 352.261 352.251 355.234 362.936 365.351 362.936 362.814 362.436 359.091 360.809 365.816 357.976 364.394 364.466 362.621 364.764 362.906 363.256 365.476 362.706 365.316 357.259 359.821 362.941 362.586 360.566 360.514 363.806 364.584 365.209 365.994 366.196 364.781 366.589 365.976 366.119 365.354 364.366 363.611 364.276 366.084 365.249 363.761 363.566 364.766 362.666 366.314 364.286 362.484 362.161 362.589 362.449 362.636 362.141 362.606 364.564 363.049 358.914 363.686 362.649 362.799 363.524 364.214 362.526
364.831 359.749 353.361 352.394 352.374 357.111 362.984 366.444 365.901 363.206 365.659 355.964 359.254 366.024 362.169 360.759 366.224 364.239 366.156 364.486 362.784 364.406 362.186 360.941 364.316 362.561 364.906 363.404 362.091 364.306 364.589 364.459 365.539 367.024 366.169 363.596 364.289 365.139 363.791 365.986 366.356 364.409 366.849 366.754 365.794 365.914 362.521 365.676 366.124 366.564 360.474 366.054 361.814 365.161 358.684 362.214 363.599 363.944 363.761 365.926 365.346 365.466 364.781 365.199 363.124 365.414 361.824
361.607 358.749 352.829 352.519 354.124 360.384 364.607 366.061 364.964 366.966 364.894 358.344 360.931 363.422 362.026 365.899 367.119 366.919 366.759 366.759 364.039 365.021 359.561 362.499 363.922 359.974 365.046 362.921 363.951 364.844 364.216 363.451 365.066 364.924 364.999 367.201 363.352 366.814 367.649 359.544 365.146 364.861 365.331 368.279 365.971 365.176 367.626 364.841 363.589 366.494 367.091 364.996 364.676 365.496 361.246 366.054 367.172 364.671 360.701 364.821 361.449 362.676 362.634 362.084 359.641 364.382 364.439
365.514 358.781 352.759 352.621 354.852 359.584 366.181 365.566 361.606 364.534 357.459 358.466 360.119 360.982 362.201 361.709 365.691 366.144 366.042 366.861 357.489 363.607 357.076 364.591 367.934 359.724 365.964 362.889 366.574 362.789 365.507 366.311 365.191 365.889 367.194 368.661 365.674 364.764 362.899 362.999 363.314 363.526 366.886 367.504 366.389 368.016 366.607 366.809 362.789 363.346 364.559 364.624 366.939 365.551 362.074 365.461 364.299 362.846 358.581 362.649 363.459 364.056 363.001 360.154 355.321 361.204 363.486
363.809 358.694 353.046 352.669 355.191 360.036 362.824 364.594 359.469 361.879 358.771 362.664 363.386 358.719 362.699 364.266 361.894 363.719 363.439 359.232 362.596 362.836 357.789 360.274 363.019 357.629 365.959 366.714 362.116 363.204 367.352 363.391 366.146 369.136 368.336 367.444 362.836 363.999 359.064 362.711 360.304 362.369 364.144 364.176 363.494 364.164 364.619 364.264 364.066 364.382 362.374 361.494 365.034 364.149 362.491 362.074 364.191 364.004 363.136 363.091 363.271 367.779 366.602 364.644 358.364 362.691 368.014
360.251 354.499 352.864 352.749 355.294 361.051 363.924 363.836 362.376 359.721 360.227 362.691 366.834 361.732 366.356 364.716 365.054 361.391 361.281 362.239 362.349 362.589 360.986 365.434 362.387 362.357 364.719 365.911 360.786 365.174 359.229 358.019 363.224 366.624 365.244 364.784 363.549 361.836 362.776 357.144 360.234 364.889 365.414 364.621 364.441 363.764 367.324 366.477 363.011 366.464 365.809 365.214 366.079 365.761 364.369 365.197 361.477 360.744 362.796 367.764 365.629 367.839 366.927 363.709 360.961 366.836 367.227
356.834 353.021 353.006 352.871 355.456 361.001 364.614 365.256 363.986 359.384 363.649 366.232 367.294 368.719 366.609 363.874 365.241 364.846 364.091 359.316 361.059 363.991 361.146 363.571 363.389 364.816 362.294 364.826 359.539 361.309 359.436 359.539 364.214 364.164 364.246 366.451 362.569 365.074 363.607 358.889 364.234 367.357 366.191 365.391 366.526 366.024 366.646 367.052 367.049 368.641 365.561 366.224 363.034 364.746 364.836 364.999 360.029 361.871 365.554 367.336 364.841 363.854 362.869 359.609 356.109 358.261 361.371
353.419 353.064 353.096 353.264 357.984 361.066 365.561 365.111 364.269 366.954 367.721 366.129 367.381 368.701 367.624 362.944 366.364 362.631 364.156 366.922 361.941 363.251 361.919 365.734 364.464 367.816 368.509 367.254 359.781 360.824 360.249 361.024 366.737 362.232 365.909 358.846 362.727 367.227 368.064 362.586 360.509 358.819 365.854 366.129 365.519 367.439 367.334 367.301 368.734 368.961 368.391 363.841 367.031 361.344 366.844 363.969 360.129 363.641 368.106 366.554 364.184 364.354 356.292 358.951 358.824 357.739 356.387
354.341 353.164 353.119 354.686 358.616 364.584 366.451 363.696 362.954 367.109 366.544 365.846 365.479 366.776 366.201 366.189 366.834 365.434 364.116 365.841 363.381 366.071 365.994 365.771 368.004 366.091 366.374 365.186 362.456 366.792 364.169 365.641 366.949 366.654 364.114 356.674 363.961 364.736 367.861 362.681 361.021 359.739 368.072 367.071 369.609 367.879 369.236 368.931 369.589 367.512 369.107 368.929 368.159 369.301 367.504 366.229 361.749 364.336 368.667 365.189 358.599 356.696 356.737 359.254 359.934 357.269 357.079
361.214 354.021 353.204 353.686 358.846 363.194 363.854 362.454 365.044 367.124 368.249 365.251 364.194 366.409 365.761 367.539 366.534 365.134 367.059 366.644 363.636 366.361 369.169 364.766 366.689 367.357 366.699 365.271 367.284 367.189 366.341 363.879 367.429 368.536 363.316 360.634 361.661 366.629 367.876 366.792 357.754 361.899 368.134 368.794 369.727 370.559 369.167 368.449 370.794 367.276 364.164 365.956 368.651 368.494 365.496 364.459 358.134 364.482 362.441 358.216 356.599 358.354 356.554 358.239 356.889 357.042 356.959
