20220701_namedtuples/mapdata/sd8577_DSM_2M.asc
ncols 500
nrows 500
xllcorner    385000
yllcorner    477000
cellsize     2
NODATA_value -9999
[rows 434 to 464 of 500, columns 350 to 419 of 500]
484.957 484.867 484.762 484.574 484.622 484.984 484.699 483.997 483.739 484.044 484.437 484.644 484.614 484.662 484.664 484.554 484.509 484.182 484.102 484.092 484.039 484.029 483.722 483.614 483.544 483.467 483.364 483.199 483.117 483.012 482.909 482.792 482.779 482.739 482.674 482.514 482.269 482.034 481.867 481.709 481.537 481.342 481.119 480.892 480.582 480.124 479.437 479.532 479.707 479.742 479.669 479.492 479.199 478.839 478.592 478.389 478.169 477.842 477.599 477.367 477.084 476.824 476.579 476.244 475.917 475.617 475.389 475.124 474.919 474.697
484.722 484.669 484.569 484.487 484.497 484.532 484.452 484.139 483.799 483.809 483.844 483.914 483.877 483.994 484.327 484.089 484.177 483.977 483.864 483.712 483.554 483.577 483.372 483.312 483.182 483.084 483.057 482.984 482.857 482.759 482.644 482.539 482.424 482.314 482.089 481.914 481.722 481.547 481.397 481.267 481.074 480.859 480.659 480.397 480.139 479.772 479.467 479.277 479.284 479.299 479.164 479.017 478.752 478.394 478.177 477.987 477.724 477.482 477.257 477.007 476.739 476.489 476.319 476.077 475.789 475.432 475.304 475.127 474.784 474.519
484.509 484.494 484.437 484.389 484.337 484.297 484.267 484.139 483.994 483.997 483.864 483.784 483.797 483.792 483.999 483.782 483.807 483.694 483.554 483.392 483.287 483.124 482.947 482.889 482.767 482.959 482.804 482.717 482.557 482.459 482.334 482.197 482.059 481.817 481.522 481.417 481.272 481.159 480.964 480.817 480.544 480.329 480.132 479.857 479.572 479.372 479.122 478.917 478.827 478.817 478.707 478.562 478.219 477.924 477.699 477.592 477.442 477.254 477.057 476.707 476.442 476.229 476.009 475.807 475.562 475.302 475.004 474.852 474.624 474.392
484.299 484.312 484.294 484.224 484.154 484.152 484.229 484.069 483.989 483.939 483.797 483.692 483.729 483.567 483.877 483.564 483.654 483.282 483.117 482.977 482.914 482.794 482.624 482.502 482.344 482.422 482.527 482.379 482.217 482.112 481.962 481.769 481.702 481.424 481.102 480.977 480.877 480.722 480.497 480.274 480.034 479.787 479.534 479.267 478.999 478.792 478.614 478.419 478.344 478.342 478.237 478.044 477.769 477.477 477.314 477.237 477.129 476.984 476.754 476.482 476.182 475.919 475.707 475.497 475.282 475.077 474.882 474.677 474.484 474.217
484.109 484.072 484.097 484.022 484.004 483.937 483.869 483.774 483.717 483.689 483.582 483.422 483.334 483.214 483.612 483.097 483.134 482.979 482.762 482.647 482.564 482.454 482.279 482.177 482.069 482.054 482.132 482.014 481.764 481.607 481.547 481.352 481.207 480.999 480.692 480.432 480.202 480.134 479.899 479.657 479.442 479.152 478.899 478.639 478.427 478.237 478.092 478.017 477.937 477.872 477.739 477.582 477.362 477.122 477.009 476.879 476.754 476.617 476.389 476.147 475.872 475.602 475.379 475.212 475.034 474.864 474.682 474.494 474.302 474.064
483.722 483.767 483.839 483.784 483.717 483.627 483.554 483.487 483.432 483.362 483.227 482.979 482.822 482.639 482.947 482.722 482.714 482.577 482.484 482.322 482.197 482.019 481.902 481.702 481.592 481.542 481.639 481.404 481.092 480.897 480.814 480.664 480.589 480.467 480.177 479.899 479.612 479.467 479.247 479.002 478.819 478.589 478.352 478.167 478.007 477.809 477.689 477.659 477.559 477.462 477.307 477.179 476.987 476.822 476.672 476.494 476.322 476.169 475.954 475.702 475.459 475.244 475.062 474.932 474.767 474.579 474.459 474.274 474.062 473.887
483.382 483.322 483.382 483.354 483.277 483.207 483.134 483.079 482.954 482.762 482.622 482.422 482.294 482.132 482.389 482.579 482.307 482.102 481.949 481.799 481.627 481.434 481.414 481.309 481.057 481.074 481.087 480.664 480.294 480.194 480.117 479.999 479.942 479.877 479.617 479.359 479.114 478.902 478.677 478.492 478.307 478.127 477.929 477.797 477.657 477.492 477.352 477.262 477.159 477.019 476.897 476.757 476.617 476.442 476.262 476.087 475.894 475.702 475.484 475.274 475.072 474.912 474.752 474.624 474.494 474.342 474.204 474.039 473.844 473.674
483.079 483.004 482.947 482.807 482.732 482.612 482.502 482.387 482.192 482.102 482.049 481.992 481.924 481.844 482.054 482.202 481.677 481.559 481.454 481.304 481.142 480.909 480.787 480.834 480.749 480.587 480.507 479.972 479.662 479.687 479.634 479.457 479.304 479.194 478.964 478.757 478.579 478.354 478.197 478.062 477.947 477.792 477.589 477.407 477.264 477.149 477.024 476.894 476.799 476.662 476.547 476.369 476.227 476.087 475.904 475.692 475.494 475.274 475.092 474.927 474.717 474.597 474.434 474.339 474.212 474.089 473.924 473.784 473.649 473.487
482.779 482.664 482.402 482.162 482.059 481.967 481.869 481.817 481.772 481.752 481.699 481.667 481.612 481.524 481.434 481.654 481.222 481.159 481.074 480.942 480.777 480.447 480.197 480.199 480.279 480.227 480.029 479.504 479.147 479.164 478.977 478.739 478.639 478.539 478.334 478.177 478.014 477.914 477.829 477.687 477.564 477.434 477.252 477.079 476.944 476.764 476.592 476.489 476.354 476.262 476.139 475.984 475.857 475.707 475.569 475.382 475.149 474.922 474.722 474.559 474.367 474.257 474.144 474.057 473.949 473.822 473.684 473.514 473.432 473.249
482.287 482.137 481.937 481.719 481.614 481.587 481.532 481.524 481.459 481.437 481.402 481.362 481.329 481.237 481.082 481.177 480.807 480.634 480.559 480.409 480.252 480.019 479.714 479.584 479.604 479.504 479.272 478.937 478.657 478.497 478.172 477.992 477.909 477.882 477.774 477.634 477.504 477.482 477.389 477.222 477.134 477.009 476.879 476.742 476.577 476.384 476.159 476.054 475.937 475.834 475.757 475.622 475.522 475.412 475.239 475.042 474.802 474.509 474.254 474.094 474.014 473.989 473.874 473.812 473.684 473.564 473.374 473.222 473.119 472.969
481.644 481.634 481.567 481.439 481.292 481.249 481.227 481.204 481.157 481.092 481.004 480.969 480.824 480.697 480.529 480.629 480.232 480.039 479.879 479.742 479.604 479.414 479.214 479.072 479.002 478.802 478.527 478.397 478.102 477.912 477.599 477.489 477.482 477.384 477.277 477.207 477.117 477.004 476.944 476.799 476.702 476.579 476.517 476.369 476.242 476.072 475.822 475.664 475.619 475.549 475.407 475.269 475.147 475.037 474.907 474.717 474.447 474.139 473.959 473.792 473.679 473.609 473.554 473.494 473.392 473.259 473.134 473.047 472.904 472.809
481.342 481.254 481.187 481.007 480.909 480.847 480.802 480.809 480.709 480.614 480.522 480.422 480.284 480.089 479.872 479.984 479.699 479.417 479.232 479.084 478.994 478.827 478.649 478.504 478.409 478.164 477.932 477.834 477.719 477.609 477.377 477.197 477.079 476.977 476.897 476.784 476.692 476.587 476.454 476.417 476.282 476.204 476.109 475.999 475.882 475.717 475.544 475.397 475.257 475.154 475.064 474.939 474.829 474.709 474.567 474.387 474.149 473.852 473.654 473.569 473.454 473.337 473.314 473.229 473.169 473.064 472.947 472.849 472.762 472.657
481.157 481.072 480.957 480.834 480.642 480.504 480.404 480.352 480.159 480.057 480.014 479.927 479.769 479.584 479.459 479.324 479.184 478.797 478.604 478.464 478.399 478.287 478.129 477.984 477.799 477.607 477.494 477.407 477.324 477.287 477.159 476.892 476.782 476.622 476.542 476.387 476.277 476.144 476.012 475.972 475.874 475.809 475.719 475.634 475.512 475.392 475.224 475.084 474.952 474.812 474.697 474.547 474.437 474.364 474.197 474.037 473.819 473.589 473.472 473.374 473.259 473.177 473.089 472.989 472.964 472.869 472.757 472.667 472.634 472.512
480.737 480.682 480.574 480.477 480.302 480.144 479.969 479.884 479.789 479.582 479.524 479.399 479.229 479.037 478.842 478.699 478.722 478.364 478.107 477.984 477.962 477.957 477.787 477.609 477.437 477.289 477.209 477.117 476.937 476.797 476.674 476.534 476.404 476.327 476.134 475.984 475.849 475.767 475.642 475.557 475.527 475.479 475.374 475.279 475.167 475.007 474.919 474.809 474.664 474.547 474.429 474.304 474.174 473.974 473.837 473.687 473.532 473.397 473.262 473.164 473.089 473.017 472.929 472.799 472.737 472.679 472.554 472.527 472.442 472.329
480.307 480.212 480.147 480.007 479.862 479.682 479.542 479.377 479.244 479.074 478.947 478.792 478.589 478.457 478.327 478.249 478.507 478.067 477.889 477.712 477.789 477.617 477.484 477.294 477.134 476.977 476.832 476.744 476.627 476.507 476.309 476.137 476.017 475.917 475.792 475.609 475.489 475.379 475.312 475.244 475.207 475.124 475.079 474.949 474.829 474.699 474.609 474.487 474.364 474.239 474.124 474.012 473.882 473.722 473.669 473.514 473.382 473.297 473.117 473.014 472.909 472.794 472.717 472.627 472.579 472.564 472.369 472.307 472.227 472.142
479.894 479.714 479.639 479.512 479.382 479.204 479.052 478.884 478.694 478.589 478.404 478.274 478.074 477.947 477.864 477.819 477.977 477.719 477.552 477.457 477.462 477.362 477.177 476.979 476.777 476.614 476.469 476.347 476.244 476.127 475.984 475.877 475.737 475.617 475.464 475.322 475.199 475.092 475.012 474.939 474.894 474.837 474.759 474.642 474.517 474.372 474.259 474.157 474.054 473.939 473.874 473.747 473.669 473.549 473.437 473.322 473.207 473.057 472.922 472.887 472.822 472.639 472.529 472.462 472.397 472.269 472.237 472.154 472.097 471.984
479.357 479.209 479.069 478.987 478.854 478.732 478.554 478.402 478.284 478.119 477.924 477.777 477.684 477.594 477.577 477.439 477.574 477.354 477.167 477.132 477.164 477.074 476.922 476.739 476.502 476.302 476.172 476.032 475.922 475.794 475.667 475.607 475.512 475.357 475.159 475.062 474.954 474.829 474.707 474.639 474.609 474.527 474.429 474.359 474.217 474.082 473.959 473.902 473.804 473.722 473.624 473.509 473.444 473.362 473.279 473.137 472.974 472.852 472.767 472.752 472.627 472.479 472.374 472.312 472.217 472.144 472.124 472.037 471.974 471.829
478.784 478.672 478.524 478.434 478.354 478.277 478.089 477.914 477.764 477.744 477.667 477.514 477.427 477.327 477.247 477.137 477.217 476.962 476.892 476.824 476.839 476.809 476.694 476.512 476.297 476.089 475.894 475.767 475.639 475.527 475.389 475.287 475.197 475.144 474.964 474.814 474.697 474.582 474.477 474.379 474.332 474.264 474.152 474.059 473.944 473.814 473.729 473.717 473.669 473.604 473.527 473.402 473.257 473.149 473.049 472.962 472.802 472.669 472.604 472.537 472.412 472.354 472.252 472.162 472.092 472.047 471.999 471.902 471.837 471.699
478.257 478.072 478.007 477.932 477.789 477.764 477.712 477.599 477.527 477.464 477.352 477.189 477.114 477.027 476.897 476.832 476.834 476.594 476.534 476.522 476.534 476.504 476.444 476.329 476.137 475.919 475.692 475.557 475.444 475.249 475.157 475.077 475.032 474.874 474.774 474.624 474.512 474.389 474.257 474.154 474.097 474.059 473.932 473.862 473.779 473.679 473.594 473.524 473.489 473.447 473.337 473.212 473.142 473.042 472.927 472.809 472.664 472.537 472.452 472.392 472.329 472.209 472.104 472.044 471.959 471.957 471.864 471.762 471.674 471.532
477.774 477.672 477.617 477.562 477.479 477.467 477.394 477.334 477.237 477.107 477.027 476.847 476.759 476.589 476.532 476.379 476.369 476.357 476.249 476.232 476.262 476.219 476.197 476.057 475.889 475.722 475.527 475.379 475.227 475.054 474.934 474.842 474.804 474.719 474.599 474.444 474.314 474.194 474.062 473.974 473.887 473.882 473.802 473.744 473.639 473.547 473.462 473.364 473.277 473.187 473.149 473.022 472.982 472.872 472.702 472.542 472.462 472.439 472.389 472.327 472.204 472.074 472.012 471.927 471.854 471.827 471.724 471.639 471.537 471.392
477.419 477.352 477.319 477.244 477.154 477.114 477.084 476.937 476.864 476.787 476.649 476.489 476.394 476.202 476.099 476.012 476.049 476.147 475.959 475.944 475.992 475.954 475.904 475.812 475.679 475.507 475.292 475.164 475.069 474.904 474.777 474.679 474.584 474.517 474.342 474.249 474.147 474.024 473.904 473.807 473.734 473.734 473.712 473.602 473.487 473.452 473.344 473.274 473.122 473.007 472.919 472.877 472.819 472.677 472.582 472.419 472.347 472.299 472.202 472.147 472.057 471.984 471.927 471.857 471.764 471.682 471.662 471.487 471.372 471.279
477.172 477.099 476.997 476.899 476.829 476.782 476.734 476.574 476.539 476.417 476.259 476.067 475.969 475.877 475.749 475.682 475.709 475.772 475.712 475.687 475.707 475.647 475.619 475.544 475.457 475.314 475.177 475.004 474.854 474.752 474.564 474.434 474.354 474.267 474.172 474.067 473.992 473.862 473.727 473.664 473.589 473.562 473.609 473.557 473.417 473.297 473.202 473.099 472.909 472.814 472.757 472.674 472.614 472.542 472.427 472.347 472.279 472.192 472.077 472.014 471.969 471.889 471.812 471.722 471.594 471.484 471.389 471.304 471.264 471.259
476.959 476.804 476.632 476.527 476.424 476.354 476.234 476.157 476.049 475.887 475.809 475.642 475.584 475.497 475.444 475.317 475.212 475.637 475.434 475.397 475.414 475.374 475.347 475.319 475.224 475.089 474.949 474.819 474.724 474.579 474.414 474.307 474.159 474.109 473.999 473.867 473.859 473.767 473.609 473.537 473.454 473.412 473.447 473.434 473.267 473.077 472.974 472.827 472.727 472.677 472.649 472.544 472.454 472.377 472.314 472.274 472.154 472.047 471.959 471.929 471.834 471.739 471.659 471.532 471.447 471.387 471.327 471.294 471.297 471.229
476.762 476.557 476.327 476.187 476.052 475.989 475.842 475.784 475.662 475.522 475.454 475.294 475.199 475.117 475.069 475.032 474.967 475.242 475.129 475.122 475.139 475.102 475.067 475.032 474.904 474.802 474.692 474.604 474.529 474.432 474.304 474.172 474.039 473.967 473.872 473.784 473.654 473.572 473.499 473.384 473.349 473.284 473.292 473.262 473.092 472.907 472.842 472.727 472.644 472.579 472.497 472.424 472.359 472.277 472.234 472.147 472.044 471.919 471.857 471.802 471.724 471.617 471.537 471.489 471.402 471.357 471.289 471.257 471.219 471.142
476.549 476.337 476.112 475.942 475.809 475.719 475.597 475.487 475.424 475.312 475.202 475.062 474.974 474.912 474.862 474.839 474.824 474.982 474.877 474.889 474.904 474.829 474.862 474.767 474.707 474.592 474.494 474.367 474.279 474.202 474.152 473.997 473.972 473.827 473.712 473.632 473.502 473.454 473.397 473.287 473.239 473.159 473.109 473.132 472.989 472.799 472.727 472.624 472.559 472.444 472.377 472.344 472.262 472.189 472.104 472.017 471.949 471.849 471.854 471.719 471.632 471.502 471.414 471.432 471.362 471.279 471.232 471.189 471.104 471.072
476.324 476.152 475.929 475.792 475.637 475.527 475.404 475.302 475.207 475.132 475.017 474.889 474.792 474.762 474.699 474.754 474.639 474.882 474.707 474.762 474.697 474.627 474.607 474.579 474.564 474.392 474.337 474.257 474.142 474.019 473.942 473.932 473.869 473.772 473.622 473.519 473.417 473.247 473.257 473.179 473.117 473.054 472.972 472.889 472.837 472.669 472.614 472.514 472.442 472.369 472.299 472.239 472.172 472.124 471.997 471.957 471.844 471.764 471.714 471.627 471.584 471.472 471.397 471.327 471.309 471.222 471.154 471.119 471.057 471.024
476.154 476.029 475.847 475.664 475.557 475.434 475.307 475.179 475.074 474.952 474.872 474.757 474.699 474.687 474.569 474.529 474.509 474.582 474.634 474.624 474.527 474.459 474.382 474.337 474.319 474.202 474.127 474.074 473.979 473.899 473.807 473.762 473.749 473.684 473.529 473.484 473.289 473.184 473.122 473.067 473.004 472.924 472.862 472.747 472.657 472.632 472.497 472.417 472.372 472.282 472.204 472.174 472.147 471.997 472.027 471.872 471.794 471.729 471.667 471.639 471.534 471.447 471.334 471.262 471.224 471.129 471.087 471.037 470.999 470.967
476.039 475.847 475.724 475.604 475.469 475.312 475.212 475.077 474.974 474.844 474.744 474.652 474.562 474.474 474.414 474.404 474.369 474.442 474.542 474.462 474.317 474.284 474.222 474.197 474.134 474.057 473.979 473.927 473.839 473.762 473.659 473.597 473.499 473.509 473.489 473.344 473.172 473.057 473.004 472.954 472.907 472.819 472.742 472.634 472.584 472.504 472.419 472.322 472.339 472.209 472.142 472.094 472.014 471.909 471.844 471.782 471.757 471.724 471.614 471.537 471.457 471.367 471.262 471.212 471.179 471.082 471.052 470.999 470.947 470.889
475.907 475.727 475.624 475.487 475.334 475.164 475.059 474.962 474.837 474.762 474.619 474.527 474.424 474.357 474.292 474.247 474.227 474.317 474.327 474.249 474.184 474.127 474.054 474.052 474.014 473.917 473.802 473.689 473.614 473.594 473.512 473.407 473.347 473.317 473.287 473.162 473.064 472.982 472.972 473.002 472.929 472.739 472.644 472.552 472.452 472.397 472.317 472.234 472.209 472.094 471.999 471.984 471.927 471.849 471.822 471.749 471.714 471.642 471.587 471.502 471.382 471.272 471.222 471.192 471.124 471.054 470.994 470.954 470.869 470.829
475.747 475.594 475.452 475.352 475.272 475.064 474.962 474.927 474.757 474.672 474.539 474.567 474.349 474.259 474.204 474.149 474.122 474.334 474.352 474.149 474.022 473.992 473.914 473.869 473.792 473.739 473.642 473.532 473.454 473.394 473.339 473.284 473.222 473.114 473.117 473.052 472.957 472.889 472.802 472.774 472.737 472.629 472.519 472.437 472.399 472.372 472.247 472.274 472.172 472.062 471.954 471.909 471.797 471.774 471.752 471.657 471.612 471.567 471.542 471.442 471.369 471.297 471.199 471.109 471.057 471.034 470.932 470.974 470.817 470.784
475.564 475.444 475.314 475.204 475.079 474.964 474.907 474.869 474.662 474.547 474.492 474.387 474.257 474.197 474.139 474.084 474.054 474.112 474.292 473.949 473.949 473.862 473.787 473.734 473.659 473.589 473.504 473.417 473.359 473.252 473.207 473.144 473.089 473.049 472.979 472.934 472.844 472.779 472.712 472.707 472.652 472.569 472.432 472.392 472.349 472.262 472.214 472.167 472.142 472.017 471.929 471.874 471.792 471.747 471.719 471.654 471.629 471.552 471.492 471.429 471.337 471.232 471.127 471.032 470.989 470.969 470.892 470.839 470.804 470.722
