20220701_namedtuples/mapdata/sd8576_DSM_2M.asc
ncols 500
nrows 500
xllcorner    385000
yllcorner    476000
cellsize     2
NODATA_value -9999
[rows 240 to 269 of 500, columns 68 to 135 of 500]
-9999 -9999 -9999 -9999 -9999 -9999 -9999 -9999 -9999 -9999 -9999 -9999 -9999 -9999 -9999 -9999 403.046 402.952 402.816 402.724 402.947 403.052 403.064 403.052 403.139 403.334 403.052 402.999 402.784 402.414 402.272 402.607 402.534 402.474 402.344 401.989 401.891 401.696 401.596 401.511 401.441 400.881 400.384 399.561 398.769 397.649 397.417 397.174 397.104 396.616 396.534 396.299 396.119 396.051 395.556 395.366 395.316 395.404 395.679 395.694 395.661 395.609 395.459 395.296 395.201 394.979 394.802 394.711
-9999 -9999 -9999 -9999 -9999 -9999 -9999 -9999 -9999 -9999 -9999 -9999 -9999 -9999 -9999 402.499 402.434 402.334 402.229 402.232 402.272 402.644 402.654 402.982 402.434 402.009 401.787 401.774 401.387 400.767 400.842 401.102 401.354 401.614 401.769 401.889 401.989 401.531 401.102 400.804 400.336 399.839 398.981 398.679 398.156 397.561 397.014 396.814 396.659 396.526 396.374 396.021 395.831 395.566 395.424 395.512 395.566 395.809 395.804 395.734 395.686 395.604 395.519 395.394 395.262 395.089 394.881 394.841
-9999 -9999 -9999 -9999 -9999 -9999 -9999 -9999 -9999 -9999 -9999 -9999 -9999 -9999 402.479 402.417 402.302 402.174 402.162 402.182 402.212 402.502 401.927 401.772 401.449 401.062 400.774 400.554 400.684 400.497 400.537 400.602 400.734 400.801 400.789 400.854 400.876 400.654 400.359 399.579 399.341 398.616 398.221 397.821 397.596 397.399 396.891 396.534 396.449 396.354 396.034 396.044 395.806 395.536 395.559 395.951 395.987 395.934 395.776 395.706 395.674 395.621 395.571 395.436 395.309 395.169 394.971 394.909
-9999 -9999 -9999 -9999 -9999 -9999 -9999 -9999 -9999 -9999 -9999 -9999 -9999 -9999 402.629 402.602 402.444 402.352 402.187 401.834 401.764 401.667 401.344 401.114 400.782 400.742 400.719 400.789 400.849 400.934 400.707 400.569 400.229 399.844 399.679 399.626 399.186 398.854 399.146 398.621 398.206 398.001 397.794 397.729 397.507 397.081 396.459 396.459 396.384 396.216 396.156 396.179 396.249 395.816 396.039 396.419 396.286 396.121 395.954 395.774 395.679 395.629 395.559 395.434 395.329 395.199 395.059 395.004
-9999 -9999 -9999 -9999 -9999 -9999 -9999 -9999 -9999 -9999 -9999 -9999 -9999 402.789 402.552 402.464 402.167 402.022 401.889 401.734 401.564 401.394 401.074 400.929 400.934 400.969 401.232 401.212 401.214 401.154 401.032 400.779 400.357 399.479 399.294 399.169 398.389 398.374 398.141 397.954 397.734 397.672 397.621 397.361 397.227 397.034 396.911 396.792 396.706 396.701 397.091 397.016 397.109 397.129 397.116 397.086 396.947 396.681 396.371 396.114 395.964 395.841 395.676 395.574 395.492 395.357 395.329 395.324
-9999 -9999 -9999 -9999 -9999 -9999 -9999 -9999 -9999 -9999 -9999 -9999 402.439 402.384 402.292 402.247 402.187 402.034 401.819 401.532 401.184 401.087 401.189 401.322 401.499 401.454 401.399 401.332 401.254 401.167 401.057 400.964 400.841 400.381 399.579 398.639 398.249 398.076 398.054 397.891 397.884 397.884 397.784 397.602 397.731 397.716 397.591 397.499 397.494 397.546 397.719 397.886 398.009 398.004 398.049 398.069 397.959 397.626 397.261 396.924 396.669 396.431 396.206 396.054 395.987 395.917 395.869 395.786
-9999 -9999 -9999 -9999 -9999 -9999 -9999 -9999 -9999 -9999 -9999 -9999 402.449 402.429 402.327 402.262 402.184 402.027 401.874 401.484 401.187 401.332 401.602 401.672 401.629 401.512 401.402 401.372 401.274 401.149 401.074 401.022 400.941 400.811 400.094 398.642 398.299 398.281 398.129 398.004 398.056 398.019 397.936 398.006 398.176 398.191 398.111 398.039 398.049 398.151 398.364 398.794 399.044 399.124 399.039 398.914 398.824 398.626 398.329 397.947 397.709 397.501 397.194 396.959 396.751 396.629 396.509 396.241
-9999 -9999 -9999 -9999 -9999 -9999 -9999 -9999 -9999 -9999 -9999 402.512 402.404 402.317 402.274 402.194 402.077 401.867 401.702 401.684 401.664 401.669 401.642 401.632 401.727 401.689 401.507 401.354 401.262 401.189 401.104 400.914 400.829 400.784 400.551 399.769 399.134 398.841 398.539 398.301 398.389 398.434 398.552 398.591 398.602 398.536 398.496 398.524 398.621 398.769 399.109 399.551 399.901 400.196 400.232 400.126 399.929 399.729 399.341 399.084 398.884 398.669 398.519 398.257 397.959 397.764 397.611 397.341
-9999 -9999 -9999 -9999 -9999 -9999 -9999 -9999 -9999 -9999 402.399 402.314 402.202 402.072 401.999 401.869 401.759 401.824 401.929 402.132 402.124 401.924 401.857 401.957 402.084 402.012 401.817 401.537 401.289 401.279 401.049 400.932 400.869 400.822 400.741 400.381 400.009 399.656 399.361 399.311 399.334 399.102 398.951 398.857 398.904 398.971 399.034 399.199 399.371 399.572 399.891 400.514 400.896 401.194 401.262 401.241 401.144 400.931 400.479 400.174 399.987 399.646 399.451 399.329 399.071 398.861 398.781 398.729
-9999 -9999 -9999 -9999 -9999 -9999 -9999 -9999 -9999 -9999 402.102 402.094 401.962 402.054 402.057 402.049 402.307 402.422 402.392 402.369 402.252 402.174 402.214 402.374 402.464 402.387 402.147 401.732 401.394 401.284 401.192 401.162 401.132 401.084 400.926 400.724 400.456 400.132 400.016 399.979 399.686 399.519 399.411 399.336 399.382 399.596 399.786 399.989 400.221 400.496 400.909 401.406 401.789 402.034 402.134 402.081 401.982 401.746 401.439 401.156 401.034 400.806 400.569 400.364 400.051 399.866 399.804 399.806
-9999 -9999 -9999 -9999 -9999 -9999 -9999 -9999 -9999 402.236 402.242 402.484 402.502 402.657 402.717 402.797 402.842 402.742 402.657 402.562 402.524 402.619 402.744 402.809 402.759 402.614 402.312 401.927 401.609 401.467 401.499 401.657 401.649 401.532 401.484 401.219 400.909 400.524 400.524 400.637 400.552 400.459 400.334 400.362 400.317 400.464 400.624 400.852 401.089 401.369 401.759 402.222 402.562 402.794 402.827 402.699 402.592 402.334 402.089 401.877 401.824 401.834 401.804 401.652 401.342 401.092 400.999 400.979
-9999 -9999 -9999 -9999 -9999 -9999 -9999 -9999 404.529 403.779 403.804 403.737 403.464 403.312 403.234 403.322 403.324 403.287 403.142 403.099 403.017 403.129 403.162 403.149 403.052 402.847 402.529 402.197 401.837 401.702 401.877 402.229 402.292 402.149 402.067 401.837 401.544 400.879 401.079 401.594 401.654 401.524 401.367 401.314 401.287 401.307 401.422 401.639 401.932 402.207 402.582 403.012 403.312 403.489 403.472 403.267 403.109 402.897 402.677 402.552 402.544 402.672 402.792 402.739 402.577 402.459 402.347 402.297
-9999 -9999 -9999 -9999 -9999 -9999 -9999 -9999 405.417 405.232 405.054 404.737 404.347 404.002 403.834 403.852 403.822 403.749 403.802 403.637 403.519 403.522 403.579 403.522 403.432 403.172 402.819 402.294 401.954 401.942 402.267 402.632 402.832 402.739 402.657 402.562 402.257 401.647 401.899 402.367 402.524 402.477 402.327 402.174 402.132 402.132 402.147 402.362 402.669 402.987 403.399 403.827 404.129 404.169 404.032 403.819 403.639 403.462 403.284 403.232 403.239 403.387 403.562 403.614 403.549 403.469 403.369 403.277
-9999 -9999 -9999 -9999 -9999 -9999 -9999 406.572 406.422 406.207 405.887 405.559 405.187 404.869 404.539 404.547 404.527 404.494 404.382 404.172 403.994 403.932 403.967 403.909 403.764 403.574 403.212 402.444 402.084 402.249 402.597 402.949 403.182 403.249 403.217 403.144 402.904 402.467 402.617 403.142 403.424 403.424 403.282 403.059 402.962 402.794 402.864 403.049 403.387 403.759 404.139 404.494 404.747 404.744 404.584 404.357 404.182 404.042 403.922 403.854 403.944 404.064 404.309 404.407 404.344 404.309 404.202 404.087
-9999 -9999 -9999 -9999 -9999 -9999 407.599 407.392 407.252 407.034 406.679 406.257 405.897 405.477 405.069 405.274 405.347 405.382 405.219 404.899 404.539 404.252 404.189 404.142 404.094 403.934 403.697 403.254 402.897 402.897 403.079 403.384 403.544 403.644 403.694 403.722 403.594 403.179 403.167 403.739 404.117 404.229 404.114 403.777 403.584 403.462 403.472 403.702 404.099 404.454 404.817 405.177 405.324 405.267 405.109 404.902 404.732 404.672 404.587 404.527 404.602 404.759 405.032 405.139 405.089 405.022 404.889 404.734
-9999 -9999 -9999 -9999 -9999 -9999 408.252 408.164 408.002 407.737 407.304 406.832 406.534 406.084 405.902 406.057 406.157 406.199 406.024 405.697 405.262 404.849 404.637 404.534 404.469 404.329 404.034 403.807 403.657 403.499 403.559 403.954 404.049 404.002 404.077 404.207 404.149 403.839 403.977 404.279 404.612 404.777 404.812 404.384 404.144 404.067 404.097 404.342 404.749 405.199 405.524 405.767 405.842 405.742 405.607 405.417 405.332 405.289 405.227 405.222 405.269 405.494 405.739 405.829 405.807 405.659 405.514 405.344
-9999 -9999 -9999 -9999 -9999 408.854 408.884 408.859 408.699 408.324 407.879 407.499 407.067 406.712 406.692 406.877 406.927 406.894 406.704 406.367 405.869 405.452 405.197 405.057 404.944 404.752 404.562 404.324 404.242 404.209 404.134 404.452 404.494 404.349 404.357 404.547 404.554 404.262 404.509 404.727 404.997 405.254 405.184 404.872 404.594 404.542 404.669 404.919 405.312 405.822 406.177 406.384 406.472 406.247 406.119 405.992 405.934 405.889 405.824 405.827 405.904 406.109 406.284 406.434 406.364 406.247 406.039 405.852
-9999 -9999 -9999 -9999 409.569 409.479 409.477 409.454 409.309 408.902 408.527 408.139 407.709 407.442 407.544 407.667 407.652 407.594 407.334 406.979 406.519 406.127 405.847 405.559 405.357 405.249 405.162 404.939 404.894 404.772 404.709 404.844 404.902 404.764 404.762 404.887 404.907 404.722 404.952 405.247 405.577 405.794 405.722 405.497 405.222 405.007 405.234 405.487 405.912 406.369 406.682 406.839 406.857 406.767 406.624 406.562 406.524 406.492 406.482 406.454 406.564 406.699 406.847 406.874 406.852 406.737 406.509 406.332
-9999 -9999 -9999 -9999 410.012 409.984 409.977 409.862 409.649 409.362 409.072 408.697 408.342 408.154 408.297 408.352 408.319 408.222 407.987 407.602 407.182 406.759 406.422 406.119 405.902 405.772 405.649 405.564 405.472 405.352 405.272 405.277 405.279 405.179 405.192 405.252 405.207 405.084 405.549 405.954 406.182 406.249 406.169 405.914 405.777 405.724 405.904 406.082 406.439 406.844 407.099 407.302 407.374 407.327 407.184 407.102 407.074 407.029 407.032 407.062 407.139 407.217 407.317 407.312 407.302 407.194 407.024 406.817
-9999 -9999 -9999 410.512 410.462 410.454 410.364 410.222 410.042 409.867 409.612 409.359 409.039 408.897 409.037 409.032 409.004 408.857 408.577 408.169 407.764 407.337 406.999 406.667 406.444 406.349 406.142 405.977 406.054 405.972 405.872 405.809 405.724 405.622 405.577 405.532 405.517 405.499 405.914 406.419 406.769 406.849 406.699 406.444 406.287 406.239 406.607 406.714 406.969 407.357 407.634 407.842 407.924 407.964 407.822 407.659 407.642 407.602 407.564 407.609 407.739 407.749 407.787 407.864 407.797 407.624 407.544 407.337
-9999 -9999 410.989 410.914 410.877 410.844 410.752 410.602 410.424 410.234 410.057 409.897 409.727 409.709 409.819 409.749 409.649 409.462 409.172 408.844 408.512 408.172 407.649 407.234 406.959 406.892 406.649 406.597 406.654 406.554 406.529 406.487 406.414 406.214 406.007 405.862 405.749 405.684 406.082 406.802 407.334 407.532 407.437 407.154 406.839 406.752 407.124 407.369 407.594 407.917 408.189 408.409 408.514 408.517 408.414 408.287 408.159 408.147 408.132 408.204 408.337 408.367 408.344 408.359 408.264 408.157 408.062 407.914
-9999 -9999 411.352 411.449 411.399 411.372 411.254 411.107 410.962 410.827 410.657 410.489 410.354 410.324 410.397 410.337 410.217 410.092 409.847 409.522 409.234 408.824 408.322 407.867 407.574 407.427 407.344 407.434 407.382 407.274 407.264 407.239 407.212 407.022 406.699 406.459 406.237 406.047 406.344 407.172 407.904 408.134 408.129 407.899 407.624 407.332 407.384 407.767 408.089 408.519 408.812 409.014 409.104 409.067 408.932 408.827 408.747 408.704 408.699 408.769 408.919 408.924 408.894 408.934 408.832 408.692 408.624 408.462
-9999 -9999 -9999 411.956 411.957 411.912 411.802 411.739 411.632 411.492 411.329 411.132 410.977 410.904 410.884 410.852 410.737 410.634 410.459 410.074 409.699 409.369 408.939 408.549 408.244 408.132 408.112 408.194 408.154 408.039 408.097 408.037 408.007 407.822 407.462 407.159 406.794 406.372 406.574 407.647 408.527 408.762 408.819 408.674 408.402 408.049 407.962 408.344 408.679 409.182 409.482 409.602 409.687 409.622 409.439 409.242 409.202 409.274 409.237 409.354 409.459 409.517 409.639 409.599 409.409 409.264 409.184 408.952
-9999 -9999 -9999 -9999 412.506 412.459 412.392 412.302 412.274 412.237 412.057 411.867 411.667 411.607 411.522 411.479 411.332 411.244 411.057 410.629 410.274 409.819 409.452 409.157 408.899 408.907 408.944 408.969 408.974 408.972 408.947 408.844 408.832 408.697 408.329 408.067 407.702 406.847 406.687 407.797 409.014 409.359 409.487 409.384 409.117 408.722 408.612 408.914 409.484 409.902 410.009 410.074 410.219 410.164 409.869 409.569 409.732 409.767 409.799 409.977 410.102 410.277 410.324 410.154 409.934 409.779 409.677 409.374
-9999 -9999 -9999 -9999 -9999 -9999 412.999 412.994 412.942 412.872 412.637 412.549 412.469 412.344 412.192 412.089 412.019 411.897 411.627 411.247 410.902 410.329 409.899 409.799 409.649 409.612 409.652 409.704 409.749 409.774 409.754 409.757 409.587 409.392 409.034 408.627 408.304 407.587 407.044 408.042 409.427 410.024 410.099 409.959 409.684 409.372 409.302 409.632 410.094 410.334 410.132 410.122 410.672 410.637 410.274 409.777 409.972 410.302 410.384 410.579 410.774 410.929 410.817 410.614 410.414 410.229 410.039 409.697
-9999 -9999 -9999 -9999 -9999 -9999 -9999 413.494 413.419 413.354 413.197 413.127 413.087 412.949 412.787 412.649 412.579 412.439 412.129 411.854 411.394 410.864 410.494 410.404 410.402 410.362 410.402 410.462 410.459 410.477 410.542 410.534 410.302 410.082 409.559 409.034 408.684 407.984 407.567 408.037 409.357 410.464 410.687 410.487 410.189 409.984 410.017 410.269 410.632 410.599 410.399 410.702 411.139 411.019 410.584 410.062 410.397 410.767 410.842 411.042 411.219 411.304 411.152 411.012 410.804 410.594 410.339 409.894
-9999 -9999 -9999 -9999 -9999 -9999 -9999 -9999 413.926 413.812 413.767 413.647 413.634 413.529 413.392 413.254 413.152 412.994 412.762 412.344 411.802 411.217 411.082 411.032 410.989 410.999 411.164 411.212 411.244 411.234 411.199 411.199 410.979 410.679 410.189 409.584 409.207 408.507 407.864 408.019 408.942 410.274 411.062 411.017 410.684 410.624 410.664 410.812 411.067 411.002 410.792 411.219 411.584 411.507 410.969 410.767 410.957 411.294 411.424 411.507 411.677 411.752 411.597 411.324 411.117 410.909 410.524 410.079
-9999 -9999 -9999 -9999 -9999 -9999 -9999 -9999 -9999 414.222 414.224 414.144 414.179 414.124 414.037 413.937 413.762 413.569 413.247 412.802 412.197 411.837 411.647 411.549 411.542 411.674 411.839 411.909 411.939 411.954 411.894 411.844 411.629 411.209 410.809 410.212 409.824 409.362 408.519 408.207 408.807 410.062 411.177 411.434 411.222 411.232 411.284 411.352 411.539 411.394 411.187 411.614 411.977 411.822 411.507 411.392 411.492 411.709 411.839 412.014 412.077 412.127 411.992 411.667 411.409 411.157 410.807 410.402
-9999 -9999 -9999 -9999 -9999 -9999 -9999 -9999 -9999 -9999 -9999 414.692 414.689 414.659 414.544 414.417 414.309 414.032 413.662 413.254 412.839 412.472 412.167 412.099 412.162 412.262 412.482 412.562 412.607 412.672 412.567 412.432 412.242 411.899 411.419 410.784 410.317 409.919 409.212 408.624 408.959 409.839 411.062 411.712 411.709 411.819 411.934 411.967 411.959 411.809 411.694 412.064 412.339 412.189 411.962 411.897 411.984 412.144 412.217 412.279 412.324 412.344 412.139 411.942 411.707 411.424 411.079 410.682
-9999 -9999 -9999 -9999 -9999 -9999 -9999 -9999 -9999 -9999 -9999 -9999 -9999 415.082 414.972 414.832 414.652 414.424 414.087 413.742 413.294 412.887 412.697 412.674 412.712 412.894 413.074 413.234 413.257 413.239 413.227 413.132 412.874 412.642 412.182 411.554 411.057 410.654 410.069 409.327 409.267 409.809 411.002 412.037 412.222 412.369 412.464 412.412 412.417 412.332 412.287 412.572 412.777 412.612 412.412 412.397 412.452 412.459 412.219 411.954 411.969 412.257 412.314 412.179 411.964 411.679 411.287 410.884
