20220701_namedtuples/mapdata/sd8578_DSM_2M.asc
ncols 500
nrows 500
xllcorner    385000
yllcorner    478000
cellsize     2
NODATA_value -9999
[rows 34 to 67 of 500, columns 154 to 230 of 500]
549.955 550.015 549.98 550.007 550.085 549.877 549.645 549.427 549.195 549.09 549.347 549.435 549.212 548.83 548.802 549.212 549.252 549.085 548.895 548.527 548.162 548.182 548.262 548.49 548.818 549.362 549.692 549.635 549.585 549.458 549.165 548.707 548.4 548.385 548.54 548.787 548.818 548.835 548.857 548.66 548.465 548.312 548.18 548.05 547.872 547.73 547.747 547.722 547.752 547.707 547.547 547.4 547.387 547.42 547.527 547.682 547.78 547.787 547.735 547.427 546.72 546.452 546.737 546.94 546.72 546.685 546.502 546.485 546.557 546.55 546.302 546.407 546.945 546.9 546.677 546.627 546.73
550.172 550.27 550.37 550.44 550.527 550.435 550.127 549.835 549.582 549.63 549.997 549.867 549.35 549.025 549.39 550.247 550.63 550.067 549.672 549.075 548.732 548.595 548.642 549.402 550.175 550.132 550.135 550.13 550.035 549.855 549.532 549.057 548.8 548.69 549.07 549.21 549.195 549.242 549.152 548.93 548.78 548.662 548.627 548.487 548.295 548.207 548.142 548.027 548.002 547.925 547.842 547.757 547.732 547.73 547.857 548.012 548.06 548.052 547.985 547.71 547.055 546.887 547.17 547.247 546.912 546.922 546.787 546.65 546.775 546.742 546.38 546.445 547.015 547.22 547.08 547.06 547.24
550.475 550.537 550.772 550.922 550.78 550.67 550.525 550.312 550.07 550.395 550.487 550.04 549.615 549.755 550.412 551.152 551.237 551.157 550.742 549.597 549.367 549.11 549.197 550.318 550.715 550.645 550.6 550.552 550.445 550.267 549.935 549.585 549.427 549.267 549.637 549.577 549.532 549.567 549.365 549.235 549.022 548.93 548.943 548.92 548.847 548.692 548.562 548.357 548.177 548.112 548.08 548.077 547.97 547.982 548.045 548.172 548.317 548.325 548.227 548.07 547.887 547.76 547.69 547.622 547.23 547.135 547.073 546.94 547.13 547.095 546.657 546.56 546.86 547.362 547.397 547.427 547.465
550.73 550.845 551.33 551.67 551.318 551.002 550.93 550.702 550.685 551.052 550.757 550.262 549.997 550.732 551.55 551.755 551.645 551.515 551.052 550.035 549.825 549.717 550.147 551.055 551.215 551.2 551.077 551.005 550.88 550.652 550.457 550.032 549.8 549.93 550.12 549.897 549.767 549.675 549.552 549.425 549.272 549.127 549.095 549.127 549.152 549.075 548.922 548.707 548.532 548.38 548.322 548.337 548.402 548.435 548.48 548.685 548.755 548.692 548.512 548.323 548.257 548.247 548.112 548.08 547.62 547.487 547.397 547.37 547.502 547.487 547.06 546.897 547.032 547.49 547.657 547.795 547.795
551.09 551.275 552.287 552.665 552.055 551.63 551.16 551.037 551.327 551.46 551.177 550.692 550.59 551.722 552.35 552.287 552.032 551.9 551.28 550.53 550.385 550.447 551.425 551.662 551.632 551.605 551.482 551.432 551.235 551.022 550.807 550.43 550.175 550.157 550.307 550.177 549.982 549.795 549.737 549.635 549.562 549.365 549.362 549.37 549.475 549.475 549.382 549.13 548.892 548.705 548.62 548.582 548.677 548.732 548.8 548.902 549.042 549.017 548.823 548.737 548.76 548.688 548.467 548.352 547.767 547.695 547.625 547.707 547.745 547.567 547.242 547.15 547.22 547.57 547.927 548.07 548.07
551.397 552.007 553.222 553.16 552.575 551.87 551.77 552.115 552.05 551.865 551.66 551.08 551.17 552.562 552.757 552.645 552.475 552.272 551.42 551.142 550.98 551.467 552.07 552.08 552.075 552.03 552.002 551.795 551.68 551.375 551.057 550.797 550.642 550.595 550.567 550.457 550.265 550.112 549.945 549.82 549.75 549.705 549.67 549.657 549.712 549.697 549.71 549.507 549.315 549.107 548.992 548.925 548.902 548.95 549.065 549.165 549.35 549.318 549.207 549.177 549.18 549.082 548.88 548.652 548.17 548.072 547.943 547.962 547.967 547.657 547.395 547.295 547.477 547.872 548.3 548.352 548.325
551.943 552.835 553.635 553.485 552.977 552.635 552.577 552.445 552.275 552.232 552.09 551.527 551.855 552.962 553.11 552.942 552.765 552.622 552.18 551.665 551.845 552.302 552.36 552.41 552.467 552.55 552.662 552.107 551.982 551.762 551.415 551.147 551.015 550.92 550.877 550.795 550.635 550.462 550.267 550.107 550.022 550.025 550.015 549.955 549.967 550.025 549.905 549.812 549.667 549.527 549.415 549.315 549.27 549.23 549.342 549.427 549.537 549.647 549.622 549.572 549.517 549.352 549.135 548.702 548.427 548.337 548.265 548.182 548.127 547.77 547.747 547.807 547.842 548.175 548.62 548.667 548.592
552.64 553.205 554.065 553.828 553.188 552.977 552.847 552.677 552.632 552.725 552.515 552.29 552.505 553.175 553.352 553.188 553.05 552.885 552.792 552.568 552.762 552.765 552.755 552.75 552.785 552.672 552.605 552.437 552.342 552.122 551.775 551.64 551.457 551.32 551.205 551.122 550.982 550.767 550.677 550.652 550.552 550.385 550.245 550.232 550.35 550.24 550.07 550.012 549.957 549.938 549.827 549.688 549.612 549.725 549.785 549.667 549.68 549.775 549.842 549.887 549.807 549.365 549.078 548.802 548.685 548.617 548.52 548.342 548.145 547.952 548.242 548.355 548.297 548.56 549.022 548.98 548.84
553.175 553.732 554.335 554.062 553.282 553.01 553.042 552.8 552.947 552.922 552.96 552.78 553.107 553.662 553.595 553.472 553.32 553.052 553.005 553.075 553.105 553.097 553.1 553.095 553.1 553.007 553.01 552.73 552.597 552.407 552.1 552.057 551.785 551.677 551.625 551.432 551.205 551.08 550.957 550.96 550.887 550.752 550.542 550.565 550.62 550.422 550.297 550.25 550.31 550.307 550.162 550.052 550.01 550.025 550.015 549.935 549.9 549.88 549.962 549.997 549.84 549.397 549.222 548.982 548.882 548.895 548.845 548.597 548.32 548.402 548.792 549.027 548.897 549.115 549.327 549.235 549.052
553.693 554.285 554.607 554.332 553.522 553.147 553.06 553.068 553.165 553.2 553.212 553.025 553.438 554.032 553.907 553.722 553.575 553.36 553.292 553.302 553.372 553.335 553.387 553.387 553.427 553.24 553.12 552.93 552.757 552.677 552.382 552.287 552.115 552.042 551.96 551.818 551.652 551.51 551.312 551.165 551.065 550.995 550.89 550.75 550.715 550.585 550.53 550.522 550.57 550.565 550.465 550.375 550.267 550.21 550.317 550.225 550.172 550.127 550.152 550.075 549.922 549.517 549.375 549.305 549.232 549.125 549.08 548.965 548.71 548.852 549.147 549.688 549.662 549.727 549.667 549.495 549.323
554.402 554.897 554.955 554.235 553.452 553.295 553.375 553.312 553.422 553.438 553.335 553.377 553.922 554.267 554.207 554.002 553.81 553.72 553.605 553.582 553.592 553.592 553.65 553.622 553.53 553.455 553.18 553.185 553.047 552.885 552.727 552.702 552.445 552.322 552.265 552.147 552.007 551.86 551.595 551.43 551.4 551.27 551.155 550.98 551.022 550.882 550.805 550.722 550.765 550.745 550.727 550.61 550.46 550.36 550.545 550.53 550.475 550.377 550.28 550.187 550.047 549.677 549.522 549.53 549.587 549.44 549.37 549.165 548.905 549.07 549.53 550.097 550.132 550.055 549.952 549.805 549.592
555.06 555.327 555.02 553.995 553.595 553.65 553.677 553.67 553.635 553.677 553.635 554.172 554.447 554.535 554.452 554.345 554.085 553.94 553.92 553.912 553.917 553.867 553.887 553.862 553.812 553.72 553.48 553.452 553.297 553.09 553 552.9 552.66 552.602 552.55 552.485 552.327 552.112 551.88 551.707 551.58 551.552 551.465 551.34 551.265 551.117 550.97 550.927 550.95 550.937 550.892 550.82 550.79 550.877 550.987 550.927 550.742 550.645 550.582 550.552 550.362 549.862 549.662 549.742 549.93 549.832 549.647 549.512 549.275 549.427 549.88 550.455 550.415 550.307 550.13 549.957 549.74
555.672 555.703 555.107 554.07 553.85 554.082 554.065 553.932 553.657 553.525 553.67 554.537 554.765 554.715 554.515 554.432 554.287 554.127 554.167 554.188 554.15 554.072 554.03 554.052 553.98 553.82 553.8 553.602 553.425 553.267 553.207 553.115 552.943 552.855 552.777 552.667 552.68 552.547 552.285 552.222 552.007 551.885 551.795 551.552 551.37 551.232 551.14 551.125 551.102 551.132 551.117 551.1 551.2 551.44 551.47 551.305 551.095 551.002 551.05 551.045 550.662 550.077 549.777 549.972 550.135 550.162 549.912 549.72 549.705 549.94 550.367 550.702 550.665 550.547 550.382 550.152 549.942
556.13 556.015 555.397 554.392 554.272 554.54 554.357 554.277 553.947 553.93 554.257 554.93 554.962 554.892 554.805 554.672 554.642 554.585 554.467 554.362 554.257 554.2 554.102 554.107 554.07 554.04 554.045 553.885 553.577 553.572 553.47 553.382 553.175 553.167 552.967 552.905 552.865 552.707 552.605 552.522 552.522 552.377 552.072 551.737 551.585 551.43 551.377 551.35 551.34 551.35 551.335 551.452 551.625 551.872 551.762 551.627 551.467 551.432 551.547 551.51 550.957 550.347 549.995 550.23 550.335 550.292 550.132 550.097 550.27 550.607 550.92 550.905 550.865 550.762 550.635 550.38 550.117
556.43 556.345 555.8 555.162 554.972 554.932 554.737 554.452 554.05 554.21 554.967 555.292 555.272 555.26 555.205 555.01 554.977 554.915 554.767 554.7 554.568 554.595 554.43 554.235 554.28 554.485 554.337 554.13 553.875 553.825 553.712 553.485 553.347 553.19 553.097 553.035 552.91 552.84 552.897 552.927 552.835 552.605 552.422 552.137 551.865 551.702 551.662 551.627 551.597 551.575 551.61 551.682 552.067 552.06 551.955 551.912 551.967 551.865 551.89 551.675 551.07 550.605 550.535 550.41 550.527 550.475 550.38 550.425 550.725 551.195 551.332 551.157 551.077 551 550.852 550.535 549.975
556.67 556.527 555.875 555.242 555.08 555.177 555.137 554.88 554.357 554.772 555.557 555.737 555.752 555.655 555.395 555.365 555.34 555.272 555.205 555.137 555.002 554.897 554.91 554.932 554.947 554.915 554.96 554.455 554.18 553.965 553.74 553.625 553.487 553.312 553.195 553.175 553.068 553.05 553.137 553.22 553.12 552.89 552.607 552.365 552.127 551.95 551.902 551.875 551.832 551.825 551.91 552.01 552.31 552.187 552.185 552.207 552.242 552.147 552.112 551.72 551.12 550.797 550.785 550.557 551.01 550.825 550.625 550.707 550.985 551.51 551.515 551.385 551.267 551.177 550.947 550.47 549.74
556.915 556.328 555.758 555.228 555.353 555.59 555.55 555.253 554.755 555.053 555.943 556.133 556.148 556.093 555.928 555.733 555.605 555.598 555.608 555.465 555.595 555.64 555.623 555.45 555.303 555.218 555.07 554.658 554.378 554.043 553.78 553.7 553.62 553.56 553.453 553.283 553.265 553.25 553.36 553.375 553.33 553.243 553.01 552.688 552.433 552.25 552.15 552.138 552.075 552.098 552.168 552.385 552.453 552.353 552.328 552.458 552.425 552.34 552.24 551.688 551.093 550.89 550.928 551.108 551.438 551.193 550.893 550.955 551.208 551.628 551.588 551.525 551.413 551.255 550.885 550.135 549.598
557.133 556.303 555.728 555.49 555.645 555.838 555.753 555.378 555.27 555.713 556.138 556.533 556.515 556.43 556.398 556.25 556.133 556.085 555.963 555.77 555.813 555.883 555.838 555.74 555.663 555.495 555.38 554.908 554.455 554.055 553.943 553.75 553.745 553.635 553.62 553.515 553.475 553.49 553.5 553.51 553.473 553.488 553.363 553.053 552.798 552.61 552.468 552.435 552.393 552.395 552.57 552.773 552.613 552.543 552.51 552.525 552.56 552.533 552.343 551.603 551.133 551.013 551.07 551.388 551.668 551.535 551.16 551.125 551.265 551.518 551.493 551.435 551.368 551.09 550.69 549.985 549.47
557.225 556.448 556.093 555.938 555.86 556 556.01 555.915 555.94 556.32 556.718 557 556.89 556.798 556.738 556.66 556.57 556.363 556.123 555.98 556.023 556.083 555.965 555.855 555.78 555.663 555.39 555.443 554.553 554.255 554.165 554.028 553.873 553.828 553.865 553.928 553.84 553.743 553.648 553.633 553.603 553.535 553.535 553.32 553.163 552.965 552.71 552.68 552.713 552.72 552.853 552.905 552.783 552.763 552.768 552.703 552.668 552.633 552.443 551.795 551.213 551.12 551.238 551.663 551.775 551.688 551.46 551.318 551.453 551.648 551.555 551.438 551.323 551.248 550.773 550.245 549.633
557.373 556.71 556.513 556.105 556.063 556.218 556.318 556.525 557.12 557.36 557.35 557.29 557.233 557.11 556.998 556.908 556.84 556.613 556.433 556.18 556.14 556.133 556.088 555.97 555.97 555.923 555.525 555.19 554.733 554.535 554.393 554.215 554.095 554 554.153 554.148 554.09 554.003 553.83 553.775 553.71 553.665 553.725 553.67 553.55 553.358 553.058 552.838 552.813 552.905 552.965 552.98 552.938 552.945 552.903 552.875 552.813 552.74 552.523 551.833 551.345 551.168 551.513 551.905 551.93 551.875 551.77 551.595 551.793 551.843 551.68 551.548 551.438 551.42 550.97 550.51 549.953
557.613 557.018 556.78 556.365 556.155 556.29 556.49 556.755 557.5 557.593 557.585 557.608 557.588 557.413 557.258 557.138 557.065 556.968 556.815 556.423 556.265 556.21 556.128 556.203 556.248 556.165 555.738 555.428 554.93 554.723 554.65 554.513 554.41 554.395 554.385 554.318 554.233 554.133 554.008 553.94 553.933 553.933 553.91 553.858 553.78 553.628 553.383 553.078 553.06 553.135 553.16 553.17 553.078 553.045 553.075 553.05 552.933 552.728 552.343 551.83 551.453 551.305 551.74 552.018 552.038 552.003 551.895 551.803 552.138 552.138 551.803 551.593 551.5 551.37 551.16 550.615 550.04
558.195 557.4 556.928 556.668 556.455 556.458 556.7 556.845 557.84 557.87 557.85 557.795 557.735 557.583 557.483 557.39 557.248 557.125 556.968 556.525 556.513 556.395 556.22 556.478 556.428 556.275 555.925 555.625 555.22 554.96 554.84 554.82 554.67 554.663 554.668 554.568 554.418 554.365 554.25 554.27 554.17 554.133 554.018 553.978 553.93 553.84 553.615 553.423 553.318 553.485 553.37 553.29 553.208 553.195 553.173 553.118 552.998 552.578 552.158 551.783 551.535 551.428 552.053 552.228 552.225 552.02 551.968 552.223 552.633 552.338 552.115 551.898 551.665 551.258 550.923 550.545 550.238
558.59 557.508 556.938 556.773 556.733 556.81 556.953 557.488 558.023 557.985 558.058 557.97 557.825 557.763 557.663 557.54 557.425 557.263 557.068 556.745 556.708 556.543 556.428 556.65 556.498 556.22 555.888 555.65 555.31 555.175 555.115 555.073 555.04 554.925 554.813 554.785 554.63 554.585 554.595 554.595 554.38 554.323 554.235 554.083 553.99 554.04 553.878 553.685 553.658 553.735 553.565 553.433 553.405 553.38 553.305 553.2 552.893 552.35 551.968 551.72 551.648 551.845 552.478 552.448 552.433 552.098 552.058 552.493 552.928 552.85 552.428 551.895 551.423 551.088 550.978 550.765 550.583
558.485 557.635 557.23 556.998 557.21 557.48 557.53 558.023 558.193 558.235 558.263 558.188 558.073 557.89 557.813 557.69 557.563 557.458 557.17 556.778 556.623 556.528 556.53 556.558 556.268 556.133 555.96 555.713 555.47 555.33 555.273 555.243 555.195 555.135 555.048 554.98 554.873 554.783 554.728 554.79 554.73 554.63 554.498 554.243 554.175 554.15 554.055 553.97 553.97 554.035 553.693 553.583 553.555 553.525 553.495 553.398 552.825 552.263 551.935 551.893 552.13 552.618 552.708 552.663 552.488 552.29 552.408 552.85 553.113 552.84 552.24 551.63 551.295 551.213 551.138 550.968 550.693
558.49 557.943 557.6 557.358 557.738 558.105 558.443 558.36 558.323 558.43 558.515 558.453 558.245 558.125 558.005 557.79 557.685 557.538 557.213 556.825 556.668 556.658 556.733 556.598 556.29 556.245 556.138 556.005 555.585 555.44 555.313 555.298 555.235 555.21 555.145 555.178 555.12 555.108 555.028 555.013 555.038 554.948 554.855 554.633 554.52 554.438 554.365 554.31 554.265 554.168 553.865 553.735 553.695 553.723 553.705 553.53 552.853 552.333 552.185 552.483 553.123 553.37 552.953 552.83 552.693 552.748 553.08 553.368 553.18 552.61 552.038 551.558 551.453 551.273 551.17 551.088 550.97
558.635 558.075 557.905 558.008 558.513 558.78 558.77 558.583 558.505 558.585 558.593 558.63 558.49 558.29 558.133 557.93 557.86 557.638 557.115 556.9 556.883 556.878 556.795 556.613 556.38 556.205 556.145 556.125 555.803 555.598 555.453 555.315 555.305 555.415 555.448 555.458 555.373 555.325 555.288 555.173 555.17 555.15 555.068 554.95 554.79 554.7 554.703 554.683 554.565 554.233 554.018 553.948 553.84 553.858 553.833 553.575 552.878 552.573 552.635 552.973 553.825 553.508 553.085 553.085 553.258 553.453 553.388 553.328 552.933 552.333 551.82 551.528 551.453 551.438 551.375 551.33 551.245
558.795 558.338 558.288 558.715 559 559.065 559.035 558.923 558.728 558.683 558.728 558.845 558.643 558.465 558.283 558.045 557.853 557.378 557.085 557.14 557.295 557.218 557.013 556.733 556.453 556.288 556.278 556.488 556.02 555.743 555.69 555.52 555.7 555.745 555.72 555.685 555.583 555.52 555.42 555.343 555.273 555.235 555.213 555.145 555.045 554.958 554.93 554.943 554.728 554.373 554.243 554.153 554.08 554.008 553.948 553.61 552.943 552.83 552.905 553.58 553.975 553.653 553.383 553.46 553.728 553.438 553.08 552.825 552.545 552.213 551.973 551.695 551.543 551.68 551.608 551.54 551.495
559.495 558.838 558.945 559.225 559.328 559.325 559.273 559.208 559.018 558.955 558.853 558.82 558.738 558.675 558.518 558.133 557.785 557.475 557.228 557.4 557.635 557.485 557.223 556.93 556.783 556.555 556.545 556.875 556.433 556.048 555.91 555.775 555.91 555.963 555.918 555.913 555.963 555.72 555.493 555.44 555.37 555.32 555.365 555.383 555.278 555.198 555.188 555.088 554.75 554.488 554.4 554.318 554.235 554.168 554.115 553.685 553.043 552.885 553.123 553.95 554.188 553.903 553.848 553.89 553.83 553.24 552.825 552.625 552.465 552.25 552.078 551.845 551.703 551.843 551.77 551.738 551.66
559.875 559.84 559.788 559.748 559.638 559.573 559.435 559.373 559.24 559.018 558.935 558.913 558.973 558.903 558.508 558.17 557.925 557.713 557.48 557.57 557.798 557.665 557.478 557.305 557.255 557.145 556.94 557.04 556.68 556.343 556.185 556.09 556.025 556.088 556.09 556.11 556.22 556.048 555.898 555.763 555.615 555.543 555.523 555.555 555.54 555.493 555.353 555.155 554.77 554.593 554.538 554.48 554.423 554.308 554.258 553.77 553.24 553.148 553.395 553.923 554.268 554.088 554.13 554.123 553.603 553.17 552.778 552.54 552.363 552.235 552.138 552.133 552.068 552.053 551.97 551.808 551.688
560.168 560.12 560.073 560.073 559.958 559.8 559.685 559.608 559.355 559.198 558.983 558.983 559.03 559.07 558.593 558.24 558.15 558.145 558.055 558.183 558.033 557.88 557.663 557.638 557.943 557.585 557.245 557.03 556.823 556.71 556.528 556.385 556.355 556.418 556.288 556.278 556.338 556.223 556.115 556.045 555.96 555.838 555.743 555.715 555.638 555.555 555.428 555.053 554.855 554.745 554.643 554.59 554.573 554.428 554.335 553.925 553.415 553.303 553.415 553.845 554.203 554.143 554.15 553.918 553.293 553.158 552.79 552.635 552.4 552.298 552.443 552.633 552.475 552.273 552.123 551.923 551.893
560.42 560.428 560.448 560.405 560.213 560.085 559.94 559.853 559.66 559.46 559.088 559.1 559.17 559.068 558.56 558.445 558.543 558.56 558.408 558.363 558.215 558.025 557.698 557.605 557.723 557.54 557.198 557.093 556.915 556.92 556.813 556.618 556.623 556.628 556.468 556.425 556.488 556.485 556.333 556.24 556.115 556.063 555.95 555.87 555.753 555.495 555.218 555.08 554.958 554.848 554.728 554.615 554.54 554.478 554.42 554.115 553.695 553.55 553.428 553.863 554.225 554.193 554.1 553.655 553.23 553.113 552.858 552.713 552.495 552.56 552.79 553.038 552.958 552.44 552.3 552.158 552.483
560.473 560.705 560.748 560.6 560.523 560.44 560.273 560.08 559.943 559.625 559.188 559.218 559.47 559.4 559.085 559.015 559.075 558.815 558.52 558.508 558.44 558.215 557.79 557.513 557.425 557.313 557.208 557.11 556.985 556.968 557.07 556.89 556.853 556.883 556.675 556.573 556.628 556.698 556.573 556.37 556.248 556.18 556.07 555.97 555.733 555.41 555.163 555.07 555.013 554.965 554.84 554.733 554.588 554.445 554.39 554.155 553.895 553.805 553.623 554.073 554.185 553.993 553.76 553.463 553.158 553.033 552.893 552.68 552.72 552.873 553.21 553.378 553.11 552.51 552.32 552.888 553.165
560.985 561.078 560.858 560.6 560.545 560.473 560.38 560.298 560.198 559.878 559.433 559.368 559.828 559.773 559.61 559.635 559.458 559.215 558.808 558.65 558.62 558.445 558.028 557.755 557.49 557.355 557.253 557.23 557.075 557.123 557.068 556.985 556.968 556.975 556.845 556.778 556.725 556.83 556.798 556.655 556.393 556.21 556.14 555.94 555.653 555.4 555.223 555.103 555.088 555.018 555.028 554.853 554.638 554.57 554.458 554.1 554.01 553.938 554.045 554.265 554.28 553.958 553.548 553.343 553.18 553.008 552.865 552.9 553.125 553.495 553.853 553.503 553.235 552.628 552.358 553.25 553.378
561.348 561.163 560.848 560.655 560.65 560.84 560.72 560.613 560.425 560.093 559.633 559.63 560.185 560.19 559.96 559.923 559.773 559.558 559.2 559.073 558.92 558.59 558.363 558.13 557.795 557.495 557.46 557.468 557.378 557.228 557.155 557.258 557.368 557.233 557.058 557.01 557.008 557.078 556.925 556.685 556.39 556.23 556.118 555.925 555.66 555.483 555.323 555.205 555.133 555.07 554.97 554.775 554.64 554.548 554.363 554.13 554 553.97 554.24 554.413 554.175 553.88 553.655 553.35 553.23 553.028 552.993 553.185 553.62 554.198 553.97 553.583 553.405 552.915 552.475 553.465 553.765
