20220701_namedtuples/mapdata/sd8575_DSM_2M.asc
ncols 500
nrows 500
xllcorner    385000
yllcorner    475000
cellsize     2
NODATA_value -9999
[rows 374 to 407 of 500, columns 0 to 75 of 500]
677.608 677.473 677.258 677.06 676.74 676.385 676.053 675.73 675.413 675.065 674.768 674.403 674.163 673.878 673.523 673.198 672.818 672.483 672.148 671.86 671.443 671.005 670.605 670.023 669.518 669.175 668.745 668.188 667.598 666.98 666.47 666.065 665.793 665.565 665.458 664.945 664.003 663.408 663.035 662.965 662.823 662.665 662.375 662.173 662.083 661.995 661.845 661.778 661.718 661.828 661.948 661.841 661.651 661.501 661.288 661.083 660.706 660.583 660.378 660.135 659.931 659.693 659.591 659.476 659.176 658.813 658.718 658.993 659.051 659.188 659.163 659.108 659.118 658.94 658.916 658.913
677.573 677.343 677.173 676.883 676.6 676.173 675.835 675.535 675.22 674.828 674.63 674.255 673.968 673.663 673.34 673.028 672.72 672.325 672.018 671.648 671.215 670.818 670.348 669.923 669.405 669.005 668.503 668.053 667.48 666.958 666.275 665.858 665.598 665.465 665.315 664.905 663.905 663.31 662.973 662.72 662.53 662.343 662.175 661.93 661.958 661.873 661.715 661.72 661.57 661.488 661.741 661.755 661.608 661.448 661.243 661.103 660.783 660.476 660.358 660.128 659.911 659.798 659.601 659.445 659.245 658.826 658.683 658.711 658.888 659.018 659.005 658.99 658.998 658.861 658.726 658.803
677.513 677.32 677.073 676.738 676.383 675.985 675.508 675.26 674.993 674.678 674.41 674.118 673.768 673.475 673.193 672.828 672.56 672.268 671.908 671.468 671.048 670.585 670.118 669.665 669.258 668.728 668.31 667.795 667.248 666.555 666.083 665.678 665.445 665.193 665.13 664.693 664.098 663.275 662.956 662.673 662.403 662.263 661.978 661.858 661.83 661.673 661.578 661.528 661.448 661.428 661.546 661.666 661.548 661.408 661.25 661.093 660.816 660.426 660.248 660.135 659.926 659.811 659.528 659.341 659.133 658.918 658.676 658.648 658.838 658.913 658.833 658.858 658.906 658.851 658.643 658.663
677.413 677.18 676.905 676.533 676.128 675.738 675.4 675.08 674.75 674.538 674.178 673.885 673.6 673.253 673.015 672.71 672.42 672.058 671.673 671.258 670.858 670.45 669.955 669.485 668.96 668.455 668.076 667.608 667.103 666.483 665.91 665.48 665.32 664.951 664.643 664.238 663.908 663.335 662.898 662.54 662.34 662.128 661.868 661.733 661.615 661.498 661.41 661.345 661.38 661.265 661.375 661.518 661.523 661.371 661.198 661.028 660.736 660.351 660.226 660.161 660.058 659.878 659.618 659.358 659.183 659.051 658.846 658.793 658.806 658.848 658.696 658.755 658.851 658.731 658.566 658.57
677.268 676.975 676.67 676.325 675.958 675.585 675.263 674.968 674.593 674.278 674.015 673.723 673.415 673.108 672.798 672.478 672.195 671.878 671.465 671.043 670.613 670.25 669.915 669.403 668.78 668.19 667.66 667.25 666.928 666.373 665.698 665.318 665.213 664.923 664.4 663.82 663.565 663.133 662.775 662.443 662.195 662.045 661.793 661.62 661.57 661.48 661.358 661.295 661.238 661.163 661.133 661.308 661.378 661.291 661.161 660.961 660.548 660.243 660.081 660.195 660.083 659.813 659.623 659.353 659.168 659.023 658.998 658.896 658.818 658.726 658.646 658.523 658.593 658.5 658.396 658.448
677.093 676.708 676.378 676.075 675.643 675.293 674.988 674.743 674.485 674.158 673.738 673.438 673.203 672.893 672.59 672.268 671.925 671.605 671.268 670.855 670.368 669.978 669.638 669.2 668.583 667.915 667.408 666.99 666.525 666.215 665.573 665.153 665.095 664.923 664.505 663.873 663.353 662.965 662.685 662.38 662.133 661.92 661.72 661.475 661.385 661.303 661.38 661.263 661.165 661.238 660.988 660.978 661.181 661.213 660.913 660.516 660.253 660.111 660.013 660.061 660.003 659.763 659.583 659.37 659.153 658.998 658.951 658.891 658.758 658.75 658.706 658.443 658.461 658.443 658.375 658.421
676.755 676.458 676.105 675.763 675.368 675.02 674.71 674.425 674.203 673.928 673.645 673.318 672.995 672.68 672.37 672.098 671.748 671.338 671.03 670.623 670.203 669.763 669.363 668.913 668.413 667.918 667.48 667.028 666.403 666.015 665.5 665.038 665.01 664.885 664.535 663.925 663.3 662.903 662.613 662.393 662.123 661.878 661.653 661.393 661.268 661.21 661.313 661.335 661.228 661.245 660.988 660.896 660.913 660.846 660.618 660.298 660.181 660.161 660.086 660.108 660.093 659.811 659.553 659.343 659.193 659.018 658.861 658.866 658.806 658.706 658.613 658.436 658.426 658.456 658.473 658.331
676.35 676.06 675.755 675.408 675.078 674.895 674.593 674.253 674.01 673.673 673.338 673.105 672.863 672.548 672.155 671.84 671.49 671.035 670.72 670.38 669.975 669.623 669.218 668.708 668.18 667.718 667.225 666.825 666.33 665.808 665.333 664.933 664.858 664.773 664.425 664.06 663.588 663.038 662.673 662.275 662.065 661.94 661.648 661.375 661.223 661.203 661.185 661.345 661.193 661 660.87 660.766 660.773 660.573 660.363 660.216 660.238 660.146 660.041 660.216 660.121 659.848 659.558 659.356 659.178 658.821 658.686 658.74 658.683 658.596 658.44 658.448 658.343 658.491 658.478 658.271
676.043 675.735 675.523 675.178 674.87 674.633 674.363 674.053 673.77 673.438 673.155 672.893 672.645 672.345 671.963 671.588 671.185 670.745 670.443 670.165 669.798 669.405 668.998 668.518 668.035 667.515 666.96 666.525 666.12 665.673 665.053 664.945 664.763 664.41 664.108 663.853 663.613 663.303 662.883 662.283 662.025 661.923 661.668 661.368 661.19 661.23 661.165 661.17 661.135 660.968 660.891 660.781 660.695 660.656 660.348 660.193 660.171 660.123 660.033 660.166 660.113 659.94 659.578 659.346 659.141 658.803 658.608 658.671 658.568 658.451 658.403 658.413 658.388 658.336 658.268 658.183
675.728 675.37 675.205 674.898 674.595 674.378 674.083 673.868 673.555 673.28 672.97 672.718 672.425 672.133 671.74 671.283 670.835 670.5 670.188 669.883 669.618 669.175 668.705 668.29 667.83 667.263 666.855 666.41 665.985 665.418 664.838 664.79 664.56 664.193 663.945 663.733 663.513 663.213 662.613 662.04 661.933 661.775 661.548 661.31 661.183 661.123 661.095 661.023 660.951 660.858 660.798 660.718 660.663 660.603 660.36 660.148 660.078 659.981 659.853 659.88 659.878 659.863 659.683 659.438 659.195 658.796 658.508 658.493 658.503 658.458 658.333 658.333 658.255 658.213 658.101 658.086
675.375 675.133 674.88 674.593 674.353 674.103 673.875 673.608 673.378 673.083 672.81 672.515 672.24 671.88 671.475 671 670.673 670.32 669.968 669.563 669.298 668.948 668.453 668.083 667.633 667.175 666.68 666.293 665.863 665.215 664.693 664.68 664.465 664.005 663.663 663.43 663.268 662.98 662.445 661.95 661.83 661.648 661.418 661.243 661.173 661.068 661.04 660.98 660.86 660.753 660.768 660.736 660.571 660.461 660.371 660.228 660.033 659.888 659.656 659.556 659.516 659.606 659.611 659.463 659.223 658.716 658.363 658.37 658.466 658.391 658.278 658.201 658.153 658.135 658.098 658.033
675.025 674.833 674.56 674.37 674.173 673.918 673.65 673.375 673.108 672.893 672.623 672.338 671.943 671.568 671.213 670.803 670.433 670.04 669.715 669.345 669.003 668.648 668.205 667.898 667.513 666.993 666.563 666.145 665.665 665.195 664.728 664.478 664.343 663.96 663.448 663.043 662.693 662.573 662.31 661.833 661.59 661.505 661.32 661.258 661.258 661.135 660.95 660.868 660.803 660.745 660.661 660.651 660.626 660.451 660.411 660.316 660.108 659.88 659.663 659.483 659.391 659.338 659.301 659.243 659.141 658.783 658.208 658.228 658.375 658.375 658.243 658.176 658.128 658.073 658.021 657.938
674.708 674.505 674.278 674.08 673.913 673.693 673.483 673.15 672.895 672.685 672.418 672.075 671.708 671.255 670.878 670.538 670.163 669.783 669.451 669.135 668.743 668.35 667.96 667.648 667.313 666.873 666.408 665.97 665.555 665.13 664.728 664.315 664.108 663.738 663.285 662.975 662.638 662.335 662.085 661.698 661.443 661.3 661.19 661.153 661.308 661.253 661.155 660.908 660.723 660.703 660.648 660.603 660.613 660.533 660.448 660.283 660.093 659.87 659.766 659.533 659.353 659.296 659.176 659.053 658.841 658.755 658.438 658.323 658.288 658.283 658.195 658.12 658.051 657.971 657.916 657.833
674.403 674.215 674.06 673.833 673.58 673.493 673.245 672.948 672.703 672.458 672.148 671.803 671.42 670.965 670.648 670.185 669.913 669.533 669.21 668.915 668.478 668.115 667.638 667.278 666.938 666.555 666.19 665.84 665.428 665.005 664.6 664.235 663.99 663.625 663.235 662.935 662.52 662.198 661.951 661.608 661.348 661.145 661.18 661.195 661.358 661.538 661.545 661.173 660.735 660.635 660.615 660.651 660.628 660.543 660.476 660.318 660.086 659.916 659.768 659.505 659.313 659.231 659.146 659.056 658.826 658.781 658.586 658.413 658.308 658.216 658.143 658.096 657.901 657.798 657.728 657.706
674.183 673.948 673.748 673.55 673.333 673.175 673.008 672.695 672.455 672.178 671.825 671.548 671.07 670.728 670.373 669.963 669.588 669.268 668.985 668.625 668.24 667.888 667.505 667.048 666.573 666.11 665.768 665.445 665.165 664.853 664.428 664.128 663.823 663.43 663.21 663.02 662.515 662.088 661.78 661.58 661.273 661.093 661.068 661.17 661.445 661.635 661.528 661.185 660.723 660.581 660.518 660.571 660.51 660.401 660.523 660.326 660.043 659.86 659.818 659.483 659.25 659.076 659.098 658.998 658.806 658.658 658.51 658.406 658.221 658.056 657.988 657.94 657.858 657.681 657.57 657.551
673.923 673.763 673.5 673.298 673.103 672.885 672.678 672.463 672.195 671.863 671.503 671.145 670.788 670.46 670.148 669.73 669.35 668.938 668.698 668.295 667.853 667.485 667.193 666.818 666.4 665.9 665.47 665.128 664.873 664.618 664.275 663.923 663.678 663.268 663.103 662.878 662.443 662.078 661.678 661.533 661.313 661.055 660.98 661.04 661.315 661.555 661.478 661.185 660.63 660.565 660.466 660.513 660.471 660.388 660.436 660.233 660.076 659.928 659.923 659.503 659.173 659.033 658.958 658.868 658.711 658.581 658.418 658.281 658.063 657.868 657.763 657.811 657.803 657.701 657.543 657.526
673.645 673.473 673.258 673.088 672.873 672.653 672.4 672.103 671.883 671.61 671.27 670.815 670.435 670.148 669.873 669.5 669.055 668.623 668.323 667.993 667.588 667.12 666.843 666.513 666.14 665.745 665.328 664.915 664.613 664.263 664.008 663.728 663.503 663.165 662.96 662.72 662.268 661.98 661.708 661.505 661.32 661 660.945 660.935 661.135 661.198 661.335 661.11 660.61 660.51 660.448 660.516 660.463 660.393 660.441 660.266 660.093 659.951 659.806 659.383 659.158 659.033 658.883 658.776 658.546 658.458 658.385 658.271 657.978 657.598 657.578 657.721 657.803 657.753 657.546 657.548
673.408 673.19 673.015 672.808 672.595 672.358 672.135 671.873 671.565 671.213 670.91 670.56 670.158 669.78 669.558 669.185 668.758 668.36 668 667.693 667.365 667.023 666.59 666.208 665.888 665.525 665.175 664.775 664.375 663.951 663.703 663.493 663.298 663.08 662.86 662.643 662.188 661.81 661.668 661.578 661.31 660.99 660.928 660.878 660.893 660.975 661.045 660.8 660.558 660.563 660.541 660.543 660.505 660.426 660.443 660.311 660.186 659.991 659.693 659.375 659.13 658.968 658.771 658.543 658.491 658.406 658.358 658.273 658.081 657.666 657.351 657.548 657.613 657.461 657.32 657.581
673.076 672.818 672.688 672.508 672.28 672.05 671.783 671.513 671.253 670.87 670.485 670.205 669.863 669.513 669.16 668.783 668.318 667.99 667.878 667.61 667.225 666.855 666.463 666.076 665.658 665.26 664.933 664.58 664.165 663.775 663.393 663.203 663.048 662.918 662.738 662.575 662.16 661.743 661.563 661.558 661.283 661.003 660.903 660.878 660.878 660.843 660.768 660.673 660.54 660.428 660.49 660.498 660.506 660.518 660.448 660.301 660.158 660.063 659.826 659.398 659.168 658.943 658.615 658.378 658.341 658.308 658.388 658.298 658.073 657.608 657.375 657.26 657.346 657.213 657.288 657.426
672.835 672.6 672.398 672.22 671.983 671.775 671.433 671.2 670.868 670.625 670.21 669.883 669.515 669.213 668.998 668.575 668.165 667.733 667.535 667.373 667.16 666.76 666.148 665.743 665.375 664.99 664.673 664.37 664.015 663.635 663.28 662.993 662.835 662.713 662.558 662.358 661.965 661.563 661.318 661.193 660.978 660.94 660.91 660.85 660.85 660.81 660.705 660.673 660.648 660.543 660.333 660.448 660.471 660.421 660.383 660.208 660.068 659.838 659.563 659.373 659.143 659.083 658.851 658.333 658.076 658.146 658.238 658.213 658.12 657.858 657.673 657.343 657.338 657.228 657.125 657.308
672.533 672.333 672.19 671.953 671.648 671.423 671.135 670.913 670.653 670.288 669.988 669.65 669.348 668.915 668.825 668.5 668.123 667.798 667.468 667.068 666.665 666.32 665.963 665.493 664.995 664.628 664.425 664.09 663.803 663.473 663.123 662.838 662.71 662.578 662.318 662.085 661.683 661.398 661.21 661.048 660.96 660.918 660.883 660.875 660.855 660.823 660.703 660.695 660.78 660.585 660.458 660.493 660.531 660.436 660.328 660.168 660.031 659.868 659.246 659.156 659.328 659.408 659.156 658.633 657.958 658.113 658.148 658.066 658.021 657.931 657.666 657.378 657.476 657.388 657.063 657.031
672.328 672.073 671.935 671.668 671.36 671.135 670.883 670.576 670.358 670.048 669.778 669.49 669.22 668.818 668.498 668.258 667.865 667.67 667.448 667.02 666.52 666.048 665.603 665.393 664.943 664.515 664.083 663.768 663.488 663.205 662.908 662.723 662.54 662.16 661.888 661.87 661.57 661.388 661.125 660.948 661.013 660.928 660.833 660.863 660.86 660.718 660.72 660.888 660.873 660.703 660.578 660.561 660.488 660.361 660.196 660.135 660.023 659.865 659.356 659.401 659.505 659.478 659.138 658.678 658.026 657.786 657.868 657.936 657.901 657.843 657.613 657.323 657.358 657.266 656.931 656.88
672.08 671.87 671.688 671.445 671.163 670.885 670.568 670.35 670.135 669.935 669.683 669.47 669.15 668.79 668.438 668.058 667.458 667.285 667.163 666.888 666.46 665.94 665.423 665.155 664.83 664.378 663.968 663.525 663.075 662.818 662.695 662.588 662.353 661.83 661.593 661.673 661.385 661.21 660.995 660.933 660.998 660.975 660.98 660.863 660.753 660.75 660.803 660.96 660.893 660.673 660.505 660.443 660.356 660.231 660.148 660.041 659.916 659.831 659.591 659.613 659.561 659.406 659.173 658.728 658.281 657.986 657.666 657.693 657.776 657.813 657.695 657.448 657.248 657.263 657.031 656.898
671.848 671.66 671.49 671.193 670.935 670.765 670.518 670.225 670.003 669.71 669.57 669.295 668.993 668.663 668.265 667.858 667.423 667.025 666.733 666.535 666.18 665.825 665.348 664.908 664.555 664.24 663.725 663.423 663.048 662.833 662.653 662.428 662.18 661.705 661.54 661.453 661.195 661.06 660.965 660.908 660.948 660.838 660.94 660.835 660.798 660.758 660.773 660.73 660.615 660.473 660.353 660.255 660.233 660.135 660.053 659.951 659.838 659.781 659.728 659.646 659.578 659.451 659.255 658.856 658.531 658.086 657.676 657.563 657.583 657.576 657.648 657.541 657.281 657.173 656.991 656.798
671.653 671.53 671.28 671.058 670.76 670.575 670.388 670.07 669.76 669.485 669.378 669.16 668.863 668.42 668.07 667.798 667.283 666.818 666.345 666.005 665.825 665.6 665.218 664.83 664.47 664.1 663.625 663.315 663.048 662.758 662.555 662.338 662.085 661.705 661.44 661.28 661.083 660.98 660.883 660.88 660.855 660.73 660.78 660.73 660.728 660.718 660.69 660.56 660.418 660.323 660.276 660.26 660.13 660.041 659.991 659.875 659.833 659.791 659.703 659.553 659.505 659.358 659.198 658.986 658.578 658.001 657.668 657.483 657.588 657.366 657.413 657.49 657.351 657.133 656.971 656.813
671.438 671.305 671.07 670.858 670.623 670.46 670.185 669.89 669.625 669.393 669.2 668.98 668.663 668.293 667.975 667.643 667.07 666.568 666.185 665.755 665.428 665.235 664.923 664.585 664.298 663.885 663.46 663.183 663.003 662.715 662.51 662.198 661.908 661.488 661.328 661.128 661.015 660.94 660.888 660.81 660.865 660.77 660.788 660.653 660.643 660.598 660.538 660.003 660.123 660.25 660.245 660.153 660.106 659.988 659.878 659.836 659.788 659.695 659.663 659.546 659.393 659.241 659.098 658.69 658.476 658.028 657.643 657.451 657.416 657.361 657.158 657.351 657.406 657.286 657.023 656.851
671.343 671.091 670.911 670.686 670.448 670.25 670.081 669.836 669.573 669.348 669.091 668.766 668.373 668.056 667.753 667.398 666.875 666.393 666.088 665.688 665.348 665.033 664.748 664.316 663.978 663.611 663.216 662.906 662.753 662.551 662.358 662.128 661.808 661.301 661.181 661.046 660.951 660.86 660.853 660.791 660.801 660.771 660.666 660.596 660.556 660.531 660.488 660.208 660.018 660.101 660.141 660.076 659.991 659.931 659.883 659.786 659.698 659.666 659.653 659.481 659.291 658.981 658.806 658.633 658.278 658.053 657.641 657.481 657.301 657.248 657.141 657.068 657.166 657.218 657.061 656.836
671.13 670.973 670.766 670.566 670.398 670.148 669.978 669.745 669.523 669.218 668.923 668.601 668.208 667.871 667.456 667.046 666.553 666.213 665.878 665.533 665.198 664.971 664.663 664.258 663.871 663.441 662.966 662.666 662.543 662.378 662.241 661.946 661.758 661.333 661.138 661.013 660.901 660.936 660.801 660.768 660.743 660.738 660.691 660.623 660.51 660.38 660.346 660.228 660.018 660.01 660.063 659.998 659.928 659.926 659.851 659.778 659.746 659.693 659.653 659.443 659.253 658.926 658.761 658.606 658.501 658.216 657.796 657.448 657.328 657.381 657.181 657.136 657.153 657.073 656.971 656.878
670.926 670.816 670.588 670.398 670.211 670.005 669.786 669.598 669.375 669.028 668.783 668.458 668.091 667.698 667.388 667.01 666.606 666.043 665.613 665.238 664.981 664.736 664.363 663.993 663.648 663.208 662.888 662.513 662.323 662.213 661.933 661.771 661.543 661.221 661.043 660.991 660.923 660.86 660.843 660.773 660.703 660.716 660.738 660.63 660.466 660.38 660.241 660.096 659.981 659.921 659.901 659.913 659.866 659.898 659.891 659.816 659.796 659.713 659.558 659.368 659.198 658.948 658.813 658.683 658.561 658.311 657.893 657.553 657.441 657.303 657.168 657.223 657.186 657.116 656.933 656.853
670.766 670.548 670.431 670.281 670.135 669.863 669.646 669.453 669.216 668.923 668.666 668.378 668.018 667.638 667.25 666.891 666.526 666.171 665.658 665.103 664.733 664.406 664.07 663.738 663.453 663.141 662.828 662.438 662.158 662.018 661.836 661.638 661.346 661.206 661.125 661.033 660.963 660.878 660.826 660.753 660.716 660.723 660.628 660.638 660.531 660.438 660.238 660.081 660.005 659.906 659.813 659.828 659.746 659.796 659.766 659.668 659.656 659.566 659.398 659.263 659.106 658.961 658.783 658.636 658.456 658.221 657.898 657.806 657.568 657.353 657.138 657.136 657.168 657.041 656.953 656.908
670.596 670.421 670.281 670.111 669.918 669.713 669.541 669.296 669.078 668.791 668.541 668.263 667.958 667.61 667.193 666.791 666.38 665.995 665.57 665.128 664.701 664.336 663.958 663.498 663.113 662.868 662.625 662.388 662.238 661.995 661.821 661.516 661.193 661.166 661.118 661.076 660.995 660.908 660.791 660.791 660.806 660.766 660.726 660.576 660.505 660.448 660.255 660.031 659.988 659.913 659.818 659.746 659.653 659.611 659.538 659.516 659.551 659.453 659.248 659.153 659.003 658.951 658.813 658.576 658.321 658.121 658.048 657.866 657.628 657.378 657.243 657.141 657.143 657.006 657.048 657.026
670.471 670.351 670.158 669.998 669.798 669.616 669.418 669.213 668.991 668.688 668.418 668.156 667.763 667.428 667.013 666.633 666.223 665.898 665.493 665.056 664.603 664.238 663.86 663.508 663.108 662.656 662.371 662.181 662.031 661.908 661.658 661.421 661.281 661.168 661.106 661.058 661.051 660.993 660.883 660.838 660.836 660.946 660.801 660.643 660.488 660.323 660.196 660.041 659.901 659.875 659.843 659.666 659.558 659.398 659.278 659.308 659.316 659.263 659.156 659.021 658.908 658.858 658.773 658.476 658.298 658.446 658.358 658.008 657.766 657.523 657.298 657.093 657.036 656.986 657.091 657.153
670.358 670.19 670.048 669.863 669.695 669.521 669.298 669.103 668.891 668.618 668.281 668.053 667.633 667.181 666.798 666.436 666.176 665.76 665.426 664.966 664.508 664.121 663.841 663.5 663.191 662.733 662.361 662.138 661.856 661.718 661.581 661.333 661.143 661.106 661.061 661.033 661.043 660.983 660.901 660.898 660.818 660.851 660.688 660.568 660.471 660.26 660.186 660.056 659.856 659.898 659.816 659.733 659.563 659.183 659.061 659.026 658.971 659.056 659.046 658.933 658.806 658.666 658.538 658.448 658.458 658.661 658.493 658.248 658.043 657.628 657.398 657.106 656.993 656.906 656.963 657.053
670.301 670.135 669.968 669.776 669.586 669.363 669.143 668.958 668.766 668.556 668.316 667.956 667.586 667.106 666.625 666.231 665.913 665.558 665.211 664.831 664.456 664.146 663.793 663.466 663.168 662.815 662.51 662.243 662.153 661.813 661.556 661.291 661.103 661.103 661.036 661.028 660.998 660.958 660.953 660.903 660.808 660.741 660.613 660.5 660.361 660.253 660.108 660.088 659.983 659.948 659.903 659.788 659.541 659.271 659.006 658.863 658.721 658.698 658.766 658.686 658.588 658.578 658.433 658.468 658.508 658.666 658.553 658.278 657.956 657.543 657.441 657.226 657.056 657.031 656.898 656.916
