20220701_namedtuples/mapdata/sd8579_DSM_2M.asc
ncols 500
nrows 500
xllcorner    385000
yllcorner    479000
cellsize     2
NODATA_value -9999
[rows 145 to 173 of 500, columns 201 to 267 of 500]
384.534 389.842 384.852 376.427 374.372 372.947 374.507 374.519 374.627 376.319 374.979 374.969 375.662 380.129 388.319 390.872 384.294 383.532 390.079 386.679 391.969 391.799 391.864 388.777 388.099 391.727 394.489 392.797 389.282 391.244 390.889 394.452 386.947 387.574 386.889 393.624 389.289 386.574 391.264 396.152 395.977 397.522 398.267 395.034 394.317 398.154 396.147 395.934 398.177 395.842 392.509 393.882 393.794 395.564 390.292 389.124 391.492 392.209 387.439 389.647 393.204 392.797 393.857 390.127 393.382 392.814 392.942
386.202 389.139 384.762 380.909 373.804 372.714 373.249 373.667 376.397 376.174 374.492 374.912 375.792 381.309 390.692 391.989 392.047 393.599 382.704 389.032 390.787 393.224 385.749 387.214 389.629 390.522 393.404 391.584 392.577 392.959 391.374 382.647 386.634 394.722 390.432 396.714 394.822 394.164 397.709 396.722 397.989 397.239 397.984 399.222 397.622 395.212 397.347 398.739 396.517 396.727 396.587 396.444 393.184 395.002 396.254 388.582 394.212 396.384 390.682 390.504 391.132 392.439 393.887 391.717 391.672 393.627 393.114
387.357 388.054 384.862 379.832 382.489 373.432 374.887 377.147 373.502 374.249 374.422 375.572 376.884 383.044 389.002 390.192 392.197 392.129 390.829 394.562 392.414 391.782 392.489 392.419 391.267 393.247 390.394 390.617 392.444 394.182 386.354 382.417 384.279 392.782 391.072 391.564 390.524 395.542 396.854 395.219 398.154 398.769 399.022 398.494 398.397 398.314 396.574 393.989 392.887 397.687 398.289 394.367 395.634 395.432 397.537 391.737 392.562 393.509 389.332 392.264 392.392 394.002 388.527 385.854 385.094 391.204 392.979
387.709 389.174 385.589 378.232 378.522 377.292 379.802 374.547 373.424 374.042 375.797 380.662 381.222 390.502 389.964 389.732 391.637 390.727 391.882 394.167 392.937 392.197 384.839 382.809 390.204 392.527 392.782 389.662 389.694 393.694 386.897 384.004 394.287 395.294 394.439 397.024 397.279 395.944 396.189 396.929 398.054 397.889 397.054 394.782 396.247 393.482 390.437 395.132 395.534 398.792 397.094 393.972 398.254 395.837 390.762 394.584 393.377 390.037 390.427 387.192 389.367 396.149 390.902 388.207 388.942 392.089 393.027
383.844 386.472 386.307 377.599 380.179 378.027 385.467 378.397 373.692 374.157 375.679 382.667 385.157 391.354 393.052 389.299 391.642 392.314 390.689 391.672 390.749 393.259 391.697 385.842 390.494 392.822 388.904 391.367 391.179 393.642 395.489 390.292 387.812 390.584 396.577 396.832 392.587 396.817 392.989 397.099 397.859 395.474 394.927 395.322 389.097 395.849 401.609 398.814 400.017 400.307 398.639 395.899 394.607 395.854 396.352 395.952 392.332 391.094 390.799 392.234 392.604 392.557 390.444 392.617 391.049 395.067 393.022
384.859 386.997 386.774 385.749 387.377 383.829 386.517 380.379 375.567 374.657 381.232 376.869 384.822 393.274 392.657 389.744 392.564 389.517 391.897 389.302 392.847 392.844 393.169 386.632 390.864 391.282 388.364 392.142 394.202 394.347 395.382 390.142 393.362 394.512 394.677 395.177 392.157 393.569 395.397 394.387 398.027 398.469 393.622 396.987 398.417 396.464 395.787 399.642 400.252 400.332 397.137 393.307 397.312 398.872 395.587 392.762 394.914 392.467 392.234 393.802 390.422 387.744 388.292 387.169 390.232 395.349 396.322
385.089 383.347 388.967 390.234 391.904 392.832 386.592 384.789 383.272 374.902 379.377 376.039 379.464 392.084 388.332 387.169 388.217 389.554 392.559 392.692 390.372 389.807 391.682 385.569 386.214 390.372 389.272 386.379 390.499 395.244 391.372 391.269 394.359 393.959 394.872 397.419 395.504 395.694 397.024 397.922 398.837 396.987 394.979 393.219 393.289 398.949 397.694 396.952 400.227 400.174 398.427 397.032 399.712 399.052 397.369 394.609 393.587 394.194 390.187 390.659 394.794 393.064 387.074 389.002 392.854 396.844 396.432
382.629 377.672 383.394 389.987 391.182 392.042 385.384 381.944 380.667 374.852 375.572 376.669 379.142 392.827 392.594 391.454 394.469 392.137 393.509 393.314 386.512 387.924 390.992 392.842 389.787 390.422 390.334 391.492 388.862 391.254 395.514 395.534 395.839 391.862 395.849 395.347 394.419 396.627 391.334 397.124 397.659 396.599 398.589 395.472 396.814 399.492 397.962 401.072 401.279 401.357 400.107 398.569 396.344 398.297 396.359 393.724 396.364 394.649 396.424 395.012 396.109 395.562 394.827 392.337 395.184 397.282 396.832
387.417 380.369 377.837 384.612 390.172 391.612 387.909 383.092 376.349 375.167 379.717 387.814 382.124 382.624 387.287 390.387 390.214 393.534 392.087 388.294 391.454 390.907 393.714 395.434 388.434 395.797 395.102 393.832 394.599 391.624 393.122 396.222 394.647 392.352 396.297 394.574 396.362 393.732 398.652 390.742 397.987 399.212 399.577 399.159 399.577 401.007 398.544 401.279 399.269 400.067 401.207 399.797 401.187 401.217 398.879 397.757 394.789 397.164 396.672 392.817 389.189 393.477 396.794 393.704 395.837 394.962 395.062
386.629 382.742 385.047 388.649 390.237 384.574 380.677 386.554 376.652 375.489 381.484 379.944 385.117 389.262 392.622 391.862 389.857 392.022 390.317 393.842 392.622 393.199 393.452 391.199 389.644 394.732 397.144 394.147 393.637 394.177 395.199 392.119 394.427 388.169 393.147 395.292 394.597 393.404 398.749 393.604 399.437 399.459 398.987 397.999 396.592 400.809 400.404 400.177 399.604 397.792 399.347 394.679 397.134 395.747 398.069 395.274 393.762 388.132 390.764 390.029 391.222 389.744 390.444 390.207 391.614 395.347 391.529
386.882 388.297 389.264 389.267 390.617 386.992 382.022 379.289 375.304 375.902 376.064 381.152 389.327 391.387 394.142 394.212 393.144 391.179 392.974 393.252 392.532 393.819 393.459 390.332 390.009 391.882 394.762 386.887 393.309 397.837 398.919 394.332 392.412 383.387 391.019 395.279 397.864 388.457 392.239 388.134 400.674 399.437 397.182 399.859 400.662 401.762 399.317 396.642 400.202 397.727 400.167 395.859 398.857 397.687 399.054 398.764 396.559 396.459 391.694 390.004 389.454 394.897 398.629 393.999 395.989 397.324 394.389
380.614 381.719 378.909 391.474 391.414 391.264 389.417 381.522 377.642 381.617 379.807 379.707 387.014 391.169 390.987 392.359 394.242 391.679 391.137 385.434 394.734 391.959 384.669 390.557 391.842 393.069 391.359 384.577 390.482 397.194 396.884 396.297 397.109 393.684 395.984 396.957 397.809 394.127 393.344 398.987 400.594 399.849 399.457 400.514 399.739 398.289 396.212 396.447 402.689 402.232 400.619 389.519 401.144 402.269 400.702 393.657 392.279 393.909 396.462 395.767 391.502 393.654 396.672 392.552 395.329 394.232 390.359
384.962 380.932 387.817 389.699 391.824 392.062 389.357 384.079 384.649 389.867 388.414 387.822 388.634 392.969 393.279 394.164 395.229 393.252 390.227 391.564 394.977 394.824 394.422 395.379 395.814 396.559 390.727 383.664 392.164 395.664 397.147 396.184 396.477 394.957 395.827 398.007 395.299 393.064 389.842 397.329 396.602 399.787 400.619 400.422 398.702 401.702 391.532 397.467 403.122 402.222 399.534 396.177 402.114 402.312 397.742 396.184 394.864 393.547 394.137 395.059 394.802 397.207 393.639 392.494 392.667 398.234 394.689
389.167 387.442 391.137 393.249 386.599 383.472 379.804 384.264 389.419 393.597 390.882 386.632 379.957 380.477 389.977 394.339 394.962 387.709 386.329 392.492 395.724 394.574 388.397 396.767 395.192 397.002 395.287 395.492 394.939 394.004 397.249 393.597 397.857 397.307 398.487 398.629 397.042 397.864 399.539 398.662 399.119 398.777 398.924 395.947 398.017 395.649 395.617 396.762 398.469 398.859 401.689 402.767 403.867 402.497 396.117 391.429 394.014 394.812 395.847 395.614 394.794 392.917 391.572 397.374 396.292 399.512 393.879
389.184 388.534 383.944 392.109 389.259 386.672 377.962 377.594 387.552 387.807 388.489 384.919 381.412 382.874 380.449 388.779 389.057 386.509 389.989 390.952 394.119 391.799 393.284 397.212 395.302 396.457 395.164 395.309 394.609 395.222 393.582 398.652 395.939 399.114 395.139 392.079 399.239 398.814 392.292 394.179 401.902 401.517 392.952 392.322 396.644 393.309 388.477 398.587 400.947 400.197 403.482 403.034 398.429 401.032 401.457 401.957 402.394 396.017 396.237 395.592 392.862 389.782 389.272 396.932 398.532 395.479 393.879
392.527 384.092 390.249 384.197 391.197 389.039 380.649 376.452 377.047 384.024 382.357 377.657 378.379 382.859 380.012 380.069 380.449 392.332 389.294 387.834 388.914 394.407 391.602 390.752 397.987 392.412 393.562 394.742 394.217 397.147 398.339 397.207 392.864 398.312 395.959 398.052 400.069 396.247 398.334 395.052 399.997 401.587 397.502 401.292 401.502 398.917 388.272 398.717 401.212 401.067 400.822 401.147 398.364 402.552 401.424 397.632 393.689 396.819 392.939 398.899 398.182 390.312 392.742 397.287 398.137 394.534 393.964
392.012 386.924 393.189 391.297 393.869 389.147 382.374 377.579 377.862 379.417 378.619 376.812 377.162 378.404 383.477 381.769 388.974 391.392 389.279 387.487 386.364 394.554 392.922 393.692 395.982 394.764 397.519 391.322 391.994 399.192 398.764 395.142 392.909 393.542 397.142 400.152 400.847 400.874 400.024 400.364 401.957 402.587 401.259 401.504 403.302 402.307 398.874 402.342 400.697 399.522 402.049 404.304 402.487 401.884 401.639 401.682 398.467 397.214 388.364 394.917 400.087 394.917 396.317 401.164 399.377 398.029 393.199
390.424 388.117 388.524 391.077 392.274 388.719 383.709 379.967 383.619 389.262 390.747 382.269 380.582 379.652 389.454 385.942 386.647 389.922 391.477 393.029 393.912 396.247 394.642 391.482 395.989 389.824 396.299 389.892 397.314 398.007 397.082 389.274 398.984 397.927 395.537 398.187 398.572 399.094 396.997 391.664 395.514 396.487 397.459 398.344 398.439 399.942 400.102 400.049 401.689 402.254 402.782 403.237 401.154 403.254 403.857 403.669 397.657 397.674 391.104 395.129 400.447 398.252 399.244 393.819 397.109 395.027 394.004
395.084 387.002 382.347 383.074 393.259 392.817 386.022 386.537 393.807 394.517 393.812 388.897 382.324 378.754 378.114 379.287 379.977 389.279 386.717 392.419 395.747 396.994 395.972 393.142 398.684 399.862 398.172 399.229 397.492 395.617 391.727 385.669 393.854 391.527 394.717 399.349 395.119 397.012 397.999 396.177 394.379 397.769 400.064 397.834 395.214 397.852 399.849 398.794 396.772 395.402 397.652 399.319 399.142 403.722 403.169 403.207 402.867 402.832 400.269 397.372 393.137 391.934 390.779 392.527 394.469 396.114 394.522
395.047 395.117 391.544 392.922 395.349 395.352 394.167 387.332 393.574 399.914 395.182 387.262 390.817 387.054 378.307 378.712 383.652 379.434 380.732 388.467 386.139 397.384 398.124 398.097 398.622 396.722 397.944 394.027 385.944 395.597 398.022 395.809 394.922 395.489 397.249 402.019 401.452 399.847 401.754 397.342 400.114 394.614 398.359 398.509 398.642 402.547 399.682 400.667 398.119 390.254 391.377 396.232 398.729 399.829 400.954 398.977 389.754 394.469 394.024 389.914 389.364 389.352 389.372 390.559 393.467 399.397 398.867
395.749 397.807 393.812 392.907 392.249 397.327 391.742 387.582 390.674 395.772 395.739 389.807 389.249 384.302 378.637 378.994 380.899 381.454 383.074 384.184 382.259 394.062 394.479 396.264 397.117 394.482 391.144 385.944 386.487 394.894 397.989 396.824 397.689 396.317 396.359 397.557 400.277 401.512 400.659 396.884 394.327 395.759 401.199 401.029 400.259 396.152 396.829 401.857 403.789 394.337 392.114 398.192 396.314 403.039 404.869 398.214 398.899 399.997 398.452 393.379 393.357 391.242 391.539 396.219 394.984 396.259 393.959
389.609 393.662 394.817 393.882 394.177 391.142 390.837 385.344 394.404 394.507 392.319 392.349 395.707 392.987 385.484 379.949 389.057 391.207 386.317 381.299 391.224 385.877 387.669 390.099 390.287 392.799 397.432 395.572 396.614 397.487 398.867 398.482 398.749 399.782 399.419 398.872 401.522 401.299 399.944 396.772 396.819 398.474 395.942 401.939 401.912 397.129 399.332 397.447 401.877 401.589 398.679 403.664 403.582 402.694 404.537 402.304 405.317 403.759 404.152 402.087 400.927 396.712 397.474 400.662 394.112 397.164 398.417
387.454 383.709 395.329 389.324 395.789 392.552 389.869 392.592 393.247 392.262 393.977 393.112 398.884 391.609 385.462 378.827 383.617 389.329 382.169 380.922 383.407 381.467 382.157 383.732 386.747 392.127 395.969 396.374 397.454 393.539 398.564 399.029 396.824 399.514 393.977 401.147 400.829 398.824 393.844 394.859 399.267 400.189 403.139 403.154 402.204 403.019 400.834 395.747 402.414 401.342 401.542 398.544 402.382 402.214 404.544 403.854 403.734 401.114 404.849 404.774 404.119 400.859 400.687 392.099 400.407 402.809 400.179
394.147 386.929 384.642 386.272 395.732 394.194 396.144 392.852 395.292 396.347 396.194 394.762 396.337 391.319 382.759 379.104 378.972 380.449 380.814 383.107 381.847 382.179 382.407 386.027 391.829 394.462 395.317 395.984 395.387 394.559 397.404 398.737 397.199 401.107 397.769 394.912 399.019 396.787 398.819 401.509 400.062 399.769 401.644 400.087 398.969 396.902 404.044 402.659 402.757 401.007 402.889 403.684 403.692 405.842 405.334 404.984 402.717 401.549 401.994 403.919 398.884 404.824 399.119 392.457 401.139 401.789 396.554
389.044 394.592 396.669 393.304 384.539 394.132 396.342 396.652 392.287 392.249 392.507 388.369 385.999 388.809 381.402 379.767 379.367 379.842 385.092 392.467 383.467 384.729 384.254 387.079 396.569 397.514 396.989 395.427 391.769 392.094 394.037 392.514 391.302 396.749 393.062 398.364 398.729 392.999 396.784 400.582 401.159 399.832 400.407 399.252 398.892 389.934 398.947 400.327 401.944 401.037 403.494 404.474 403.379 404.054 401.457 404.474 401.797 396.432 400.744 403.197 405.844 401.429 392.977 398.684 398.464 402.209 397.934
386.787 392.092 394.317 397.549 391.252 390.884 388.757 394.969 389.692 393.264 389.344 388.934 391.812 391.347 386.334 380.289 380.029 380.177 386.729 387.869 382.769 383.232 383.599 388.157 394.092 394.107 393.847 394.417 397.869 396.129 390.409 398.469 400.409 401.389 394.734 395.172 397.412 396.992 398.792 391.904 401.002 400.152 400.509 402.904 400.217 395.979 398.047 401.669 403.794 404.939 403.682 403.747 403.909 403.044 401.039 401.829 400.382 399.377 403.234 404.152 405.252 400.684 405.219 403.664 398.304 394.332 398.739
392.507 392.879 388.734 398.284 396.349 393.982 387.517 399.737 399.597 399.287 394.437 396.962 398.184 394.177 388.109 381.134 386.367 380.844 381.317 382.289 382.967 383.332 383.647 384.657 389.627 390.364 392.412 391.772 398.679 399.022 393.077 396.084 398.214 398.204 401.182 397.624 395.882 391.917 391.784 400.452 403.262 401.379 398.659 400.734 394.999 398.222 394.817 398.454 401.534 403.739 403.204 399.914 402.622 404.607 406.644 403.919 406.687 406.494 407.412 403.769 403.452 406.667 403.247 404.289 403.197 397.437 405.367
397.362 396.892 390.504 393.854 398.159 396.414 392.619 401.137 398.922 397.452 394.839 397.459 398.869 397.119 391.619 383.272 384.762 383.242 381.504 383.207 383.349 387.807 387.657 387.154 390.577 393.512 394.542 390.454 398.552 399.249 400.597 399.177 389.974 386.254 395.639 392.029 398.399 397.919 399.167 398.482 402.059 396.002 402.487 402.452 399.539 397.492 398.977 402.852 401.714 405.824 394.637 402.742 404.734 403.319 406.897 403.292 405.404 406.247 405.942 407.319 406.294 400.912 399.702 403.954 404.784 397.382 401.059
393.644 394.119 398.022 396.942 397.622 396.924 393.847 397.589 399.399 400.154 401.172 398.847 393.379 394.424 387.294 381.164 381.234 381.039 381.797 383.104 383.807 386.289 385.807 390.064 396.782 394.077 390.752 393.582 398.294 394.787 399.294 397.649 393.659 394.889 395.027 394.604 396.102 399.692 400.229 397.159 393.389 396.544 402.617 399.992 401.939 399.539 403.197 404.547 403.772 404.057 404.387 405.844 405.204 402.859 400.267 401.312 401.712 404.614 404.864 405.089 404.337 399.844 398.349 407.722 400.114 403.047 403.187
