20220701_namedtuples/mapdata/sd8575_DSM_2M.asc
ncols 500
nrows 500
xllcorner    385000
yllcorner    475000
cellsize     2
NODATA_value -9999
[rows 272 to 305 of 500, columns 0 to 75 of 500]
657.388 657.41 657.453 657.388 657.375 657.335 657.28 657.283 657.24 657.248 657.295 657.363 657.34 657.253 657.248 657.403 657.475 657.573 657.56 657.61 657.69 657.795 657.78 657.785 657.798 657.658 657.585 657.548 657.488 657.433 657.468 657.388 657.363 657.325 657.31 657.295 657.338 657.44 657.495 657.4 -9999 -9999 -9999 -9999 -9999 -9999 -9999 -9999 -9999 -9999 -9999 -9999 -9999 -9999 -9999 -9999 -9999 -9999 -9999 -9999 -9999 -9999 -9999 -9999 -9999 -9999 -9999 -9999 -9999 -9999 -9999 -9999 -9999 -9999 -9999 -9999
657.515 657.503 657.498 657.468 657.52 657.545 657.458 657.408 657.365 657.425 657.408 657.465 657.538 657.435 657.463 657.598 657.683 657.728 657.753 657.748 657.843 657.958 657.938 657.943 657.943 657.903 657.793 657.74 657.733 657.723 657.725 657.618 657.468 657.425 657.423 657.438 657.533 657.623 657.638 657.66 657.525 -9999 -9999 -9999 -9999 -9999 -9999 -9999 -9999 -9999 -9999 -9999 -9999 -9999 -9999 -9999 -9999 -9999 -9999 -9999 -9999 -9999 -9999 -9999 -9999 -9999 -9999 -9999 -9999 -9999 -9999 -9999 -9999 -9999 -9999 -9999
657.615 657.605 657.613 657.693 657.688 657.723 657.633 657.585 657.563 657.643 657.638 657.635 657.583 657.62 657.693 657.773 657.86 657.925 657.913 657.9 657.993 658.035 657.958 657.913 658.043 658.033 657.96 657.918 657.898 657.923 657.935 657.808 657.575 657.538 657.588 657.563 657.685 657.763 657.74 657.843 657.718 -9999 -9999 -9999 -9999 -9999 -9999 -9999 -9999 -9999 -9999 -9999 -9999 -9999 -9999 -9999 -9999 -9999 -9999 -9999 -9999 -9999 -9999 -9999 -9999 -9999 -9999 -9999 -9999 -9999 -9999 -9999 -9999 -9999 -9999 -9999
657.695 657.683 657.793 657.825 657.783 657.748 657.788 657.705 657.74 657.768 657.77 657.713 657.678 657.785 657.875 657.925 658.008 658.028 658.025 658.015 658.073 658.05 657.97 658.008 658.073 658.065 658.09 658.095 658.045 658.053 658.108 658.04 657.94 657.698 657.61 657.663 657.838 657.91 657.86 657.923 657.735 657.574 -9999 -9999 -9999 -9999 -9999 -9999 -9999 -9999 -9999 -9999 -9999 -9999 -9999 -9999 -9999 -9999 -9999 -9999 -9999 -9999 -9999 -9999 -9999 -9999 -9999 -9999 -9999 -9999 -9999 -9999 -9999 -9999 -9999 -9999
657.893 657.738 657.825 657.988 657.955 657.885 657.848 657.833 657.795 657.85 657.835 657.84 657.85 657.878 657.983 658.023 658.045 658.07 658.153 658.133 658.165 658.158 658.133 658.143 658.218 658.25 658.215 658.225 658.263 658.228 658.268 658.245 658.135 657.93 657.8 657.988 658.063 658.083 657.975 657.943 657.78 657.703 -9999 -9999 -9999 -9999 -9999 -9999 -9999 -9999 -9999 -9999 -9999 -9999 -9999 -9999 -9999 -9999 -9999 -9999 -9999 -9999 -9999 -9999 -9999 -9999 -9999 -9999 -9999 -9999 -9999 -9999 -9999 -9999 -9999 -9999
658.083 658.105 658.015 658.163 658.078 657.995 657.953 657.965 657.888 657.975 658.045 657.97 658.055 658.068 658.118 658.133 658.138 658.225 658.258 658.2 658.293 658.408 658.393 658.39 658.408 658.41 658.38 658.373 658.388 658.405 658.393 658.375 658.268 658.218 658.145 658.153 658.165 658.163 658.02 657.92 657.868 657.808 -9999 -9999 -9999 -9999 -9999 -9999 -9999 -9999 -9999 -9999 -9999 -9999 -9999 -9999 -9999 -9999 -9999 -9999 -9999 -9999 -9999 -9999 -9999 -9999 -9999 -9999 -9999 -9999 -9999 -9999 -9999 -9999 -9999 -9999
658.298 658.463 658.485 658.275 658.183 658.078 658.05 658.115 658.075 658.1 658.183 658.23 658.265 658.265 658.3 658.298 658.358 658.393 658.398 658.51 658.518 658.525 658.52 658.535 658.55 658.555 658.545 658.493 658.52 658.498 658.505 658.48 658.438 658.425 658.308 658.235 658.178 658.123 658.068 657.918 657.913 657.913 657.987 -9999 -9999 -9999 -9999 -9999 -9999 -9999 -9999 -9999 -9999 -9999 -9999 -9999 -9999 -9999 -9999 -9999 -9999 -9999 -9999 -9999 -9999 -9999 -9999 -9999 -9999 -9999 -9999 -9999 -9999 -9999 -9999 -9999
658.495 658.6 658.558 658.428 658.405 658.295 658.335 658.235 658.213 658.315 658.363 658.433 658.505 658.498 658.508 658.573 658.605 658.633 658.668 658.69 658.745 658.718 658.753 658.738 658.713 658.703 658.695 658.673 658.635 658.63 658.64 658.62 658.575 658.48 658.388 658.34 658.298 658.143 658.128 658.018 657.98 658.018 658.073 -9999 -9999 -9999 -9999 -9999 -9999 -9999 -9999 -9999 -9999 -9999 -9999 -9999 -9999 -9999 -9999 -9999 -9999 -9999 -9999 -9999 -9999 -9999 -9999 -9999 -9999 -9999 -9999 -9999 -9999 -9999 -9999 -9999
658.62 658.708 658.69 658.635 658.548 658.488 658.585 658.533 658.365 658.505 658.568 658.628 658.733 658.76 658.815 658.88 658.94 658.965 658.918 658.833 658.893 658.923 658.938 658.915 658.908 658.9 658.84 658.803 658.76 658.748 658.743 658.71 658.625 658.54 658.493 658.458 658.35 658.173 658.208 658.155 658.105 658.118 658.153 658.173 -9999 -9999 -9999 -9999 -9999 -9999 -9999 -9999 -9999 -9999 -9999 -9999 -9999 -9999 -9999 -9999 -9999 -9999 -9999 -9999 -9999 -9999 -9999 -9999 -9999 -9999 -9999 -9999 -9999 -9999 -9999 -9999
658.738 658.753 658.763 658.79 658.743 658.705 658.783 658.718 658.598 658.58 658.773 658.835 658.998 658.988 659.02 659.118 659.21 659.28 659.173 659.038 659.08 659.153 659.173 659.148 659.085 659.06 659.015 659.02 658.918 658.9 658.91 658.813 658.695 658.625 658.585 658.545 658.453 658.38 658.31 658.293 658.248 658.275 658.243 658.248 -9999 -9999 -9999 -9999 -9999 -9999 -9999 -9999 -9999 -9999 -9999 -9999 -9999 -9999 -9999 -9999 -9999 -9999 -9999 -9999 -9999 -9999 -9999 -9999 -9999 -9999 -9999 -9999 -9999 -9999 -9999 -9999
658.76 658.805 658.933 659.01 659.013 658.89 658.968 658.923 658.788 658.753 658.96 659.023 659.195 659.303 659.32 659.32 659.465 659.473 659.408 659.253 659.33 659.358 659.328 659.295 659.273 659.258 659.148 659.163 659.123 659.033 659.013 658.848 658.735 658.683 658.64 658.578 658.518 658.425 658.403 658.398 658.363 658.333 658.328 658.31 658.314 -9999 -9999 -9999 -9999 -9999 -9999 -9999 -9999 -9999 -9999 -9999 -9999 -9999 -9999 -9999 -9999 -9999 -9999 -9999 -9999 -9999 -9999 -9999 -9999 -9999 -9999 -9999 -9999 -9999 -9999 -9999
658.818 658.81 659.095 659.233 659.198 659.03 659.123 659.138 659.005 658.958 659.068 659.228 659.42 659.54 659.485 659.48 659.653 659.643 659.635 659.56 659.538 659.578 659.545 659.545 659.505 659.425 659.38 659.33 659.29 659.223 659.188 659.06 658.78 658.783 658.75 658.77 658.55 658.443 658.46 658.395 658.425 658.425 658.435 658.39 658.36 -9999 -9999 -9999 -9999 -9999 -9999 -9999 -9999 -9999 -9999 -9999 -9999 -9999 -9999 -9999 -9999 -9999 -9999 -9999 -9999 -9999 -9999 -9999 -9999 -9999 -9999 -9999 -9999 -9999 -9999 -9999
658.838 658.805 659.038 659.283 659.36 659.293 659.285 659.233 659.23 659.225 659.255 659.48 659.685 659.715 659.735 659.785 659.855 659.908 659.885 659.785 659.708 659.775 659.82 659.833 659.805 659.653 659.558 659.5 659.493 659.398 659.288 659.268 659.045 658.98 658.88 658.908 658.833 658.555 658.53 658.563 658.588 658.615 658.643 658.605 658.558 658.607 -9999 -9999 -9999 -9999 -9999 -9999 -9999 -9999 -9999 -9999 -9999 -9999 -9999 -9999 -9999 -9999 -9999 -9999 -9999 -9999 -9999 -9999 -9999 -9999 -9999 -9999 -9999 -9999 -9999 -9999
658.895 658.855 658.95 659.128 659.405 659.395 659.423 659.425 659.368 659.475 659.653 659.713 659.87 659.955 659.98 660.07 660.145 660.148 660.1 659.965 659.983 660.06 660.075 660.05 659.933 659.805 659.698 659.625 659.5 659.33 659.26 659.26 659.295 659.118 658.968 658.968 658.96 658.745 658.628 658.735 658.613 658.703 658.85 658.883 658.76 658.753 -9999 -9999 -9999 -9999 -9999 -9999 -9999 -9999 -9999 -9999 -9999 -9999 -9999 -9999 -9999 -9999 -9999 -9999 -9999 -9999 -9999 -9999 -9999 -9999 -9999 -9999 -9999 -9999 -9999 -9999
659.08 658.923 658.968 659.063 659.325 659.625 659.723 659.69 659.62 659.715 660.015 660.085 660.178 660.285 660.305 660.365 660.398 660.408 660.353 660.28 660.295 660.275 660.26 660.155 660.028 659.875 659.693 659.58 659.493 659.33 659.305 659.393 659.305 659.253 659.053 659.03 659.05 658.93 658.625 658.603 658.608 658.68 658.778 658.93 658.895 658.87 -9999 -9999 -9999 -9999 -9999 -9999 -9999 -9999 -9999 -9999 -9999 -9999 -9999 -9999 -9999 -9999 -9999 -9999 -9999 -9999 -9999 -9999 -9999 -9999 -9999 -9999 -9999 -9999 -9999 -9999
659.243 658.95 659.09 659.193 659.265 659.67 659.928 660.053 659.883 659.925 660.253 660.463 660.555 660.638 660.623 660.598 660.578 660.56 660.543 660.488 660.465 660.435 660.378 660.25 660.09 659.92 659.685 659.57 659.495 659.398 659.263 659.255 659.263 659.26 659.113 659.05 659.035 659 658.76 658.648 658.658 658.66 658.72 658.835 658.938 658.998 658.92 -9999 -9999 -9999 -9999 -9999 -9999 -9999 -9999 -9999 -9999 -9999 -9999 -9999 -9999 -9999 -9999 -9999 -9999 -9999 -9999 -9999 -9999 -9999 -9999 -9999 -9999 -9999 -9999 -9999
659.53 659.14 659.05 659.45 659.583 659.678 659.943 660.123 660.135 660.05 660.265 660.58 660.745 660.895 660.828 660.79 660.73 660.665 660.608 660.613 660.528 660.538 660.413 660.288 660.238 660.093 659.81 659.675 659.553 659.47 659.37 659.27 659.31 659.2 659.098 659.07 659.098 659.013 658.873 658.755 658.743 658.738 658.765 658.835 658.955 659.145 659.09 -9999 -9999 -9999 -9999 -9999 -9999 -9999 -9999 -9999 -9999 -9999 -9999 -9999 -9999 -9999 -9999 -9999 -9999 -9999 -9999 -9999 -9999 -9999 -9999 -9999 -9999 -9999 -9999 -9999
659.708 659.315 659.14 659.688 659.808 659.965 659.923 659.943 660.113 660.093 660.138 660.493 660.655 660.81 660.815 660.788 660.76 660.68 660.64 660.585 660.59 660.513 660.465 660.283 660.25 660.105 659.908 659.785 659.688 659.57 659.5 659.378 659.248 659.168 659.193 659.168 659.115 659.015 658.935 658.845 658.795 658.858 658.808 658.99 659.13 659.195 659.123 658.905 -9999 -9999 -9999 -9999 -9999 -9999 -9999 -9999 -9999 -9999 -9999 -9999 -9999 -9999 -9999 -9999 -9999 -9999 -9999 -9999 -9999 -9999 -9999 -9999 -9999 -9999 -9999 -9999
659.913 659.455 659.275 659.663 660.008 660.108 660.025 660 660.023 660.05 660.163 660.44 660.61 660.695 660.72 660.673 660.7 660.668 660.655 660.578 660.54 660.473 660.455 660.398 660.315 660.15 660.025 659.948 659.888 659.795 659.755 659.575 659.335 659.31 659.268 659.228 659.16 659.088 658.993 658.935 658.92 658.943 658.87 658.983 659.135 659.083 659.015 658.895 -9999 -9999 -9999 -9999 -9999 -9999 -9999 -9999 -9999 -9999 -9999 -9999 -9999 -9999 -9999 -9999 -9999 -9999 -9999 -9999 -9999 -9999 -9999 -9999 -9999 -9999 -9999 -9999
660.005 659.673 659.563 659.74 660.16 660.308 660.268 660.148 660.113 660.15 660.225 660.445 660.545 660.668 660.68 660.628 660.67 660.7 660.67 660.65 660.613 660.503 660.525 660.465 660.403 660.388 660.263 660.203 660.045 659.805 659.805 659.75 659.61 659.328 659.278 659.23 659.195 659.205 659.14 659.008 658.958 659.013 658.955 659.18 659.148 659.053 659.013 658.908 658.843 -9999 -9999 -9999 -9999 -9999 -9999 -9999 -9999 -9999 -9999 -9999 -9999 -9999 -9999 -9999 -9999 -9999 -9999 -9999 -9999 -9999 -9999 -9999 -9999 -9999 -9999 -9999
660.185 660.03 659.793 659.813 660.238 660.425 660.428 660.308 660.215 660.31 660.325 660.453 660.57 660.68 660.703 660.668 660.748 660.693 660.685 660.68 660.63 660.575 660.51 660.48 660.523 660.603 660.445 660.335 660.048 659.78 659.858 659.983 659.853 659.523 659.373 659.258 659.273 659.303 659.243 659.14 659.08 659.055 659.05 659.213 659.175 659.075 659.025 658.955 658.923 -9999 -9999 -9999 -9999 -9999 -9999 -9999 -9999 -9999 -9999 -9999 -9999 -9999 -9999 -9999 -9999 -9999 -9999 -9999 -9999 -9999 -9999 -9999 -9999 -9999 -9999 -9999
660.338 660.265 659.965 660.06 660.33 660.463 660.563 660.525 660.365 660.305 660.53 660.59 660.653 660.755 660.805 660.768 660.78 660.773 660.75 660.695 660.723 660.643 660.548 660.568 660.638 660.693 660.503 660.088 659.84 659.813 659.85 660.243 660.095 659.793 659.455 659.348 659.308 659.385 659.348 659.223 659.215 659.203 659.215 659.263 659.223 659.125 659.075 659.038 658.96 658.974 -9999 -9999 -9999 -9999 -9999 -9999 -9999 -9999 -9999 -9999 -9999 -9999 -9999 -9999 -9999 -9999 -9999 -9999 -9999 -9999 -9999 -9999 -9999 -9999 -9999 -9999
660.428 660.408 660.148 660.045 660.405 660.638 660.798 660.715 660.415 660.45 660.625 660.795 660.763 660.808 660.833 660.84 660.85 660.8 660.78 660.805 660.833 660.785 660.63 660.655 660.673 660.69 660.503 659.985 659.883 659.84 659.943 660.313 660.283 659.85 659.548 659.508 659.463 659.485 659.423 659.345 659.33 659.338 659.315 659.305 659.278 659.22 659.155 659.085 659.035 659.033 -9999 -9999 -9999 -9999 -9999 -9999 -9999 -9999 -9999 -9999 -9999 -9999 -9999 -9999 -9999 -9999 -9999 -9999 -9999 -9999 -9999 -9999 -9999 -9999 -9999 -9999
660.6 660.545 660.398 660.09 660.475 660.755 660.93 660.853 660.58 660.51 660.73 660.825 660.888 660.895 660.898 660.893 660.888 660.848 660.868 660.948 661 660.898 660.778 660.705 660.675 660.655 660.46 660.303 660.283 660.048 660 660.33 660.243 659.903 659.72 659.688 659.665 659.498 659.498 659.588 659.573 659.468 659.5 659.44 659.363 659.34 659.248 659.18 659.118 659.105 659.044 -9999 -9999 -9999 -9999 -9999 -9999 -9999 -9999 -9999 -9999 -9999 -9999 -9999 -9999 -9999 -9999 -9999 -9999 -9999 -9999 -9999 -9999 -9999 -9999 -9999
660.753 660.688 660.618 660.34 660.66 660.905 661.045 660.923 660.853 660.89 660.743 660.708 660.943 661.078 661.01 661.008 660.958 660.995 661.02 661.095 661.135 661.053 660.903 660.783 660.785 660.703 660.513 660.363 660.4 660.388 660.28 660.288 660.215 660.123 659.963 659.945 659.913 659.815 659.74 659.73 659.738 659.635 659.613 659.59 659.503 659.385 659.333 659.288 659.235 659.158 659.105 -9999 -9999 -9999 -9999 -9999 -9999 -9999 -9999 -9999 -9999 -9999 -9999 -9999 -9999 -9999 -9999 -9999 -9999 -9999 -9999 -9999 -9999 -9999 -9999 -9999
660.91 660.825 660.73 660.515 660.585 661.015 661.15 660.91 660.97 661.145 661.028 660.858 661.073 661.213 661.195 661.09 661.11 661.158 661.158 661.195 661.243 661.215 661.11 661.01 661 660.875 660.588 660.525 660.525 660.428 660.315 660.303 660.333 660.263 660.193 660.223 660.083 659.99 659.9 659.808 659.855 659.8 659.76 659.655 659.608 659.55 659.455 659.373 659.3 659.208 659.193 659.224 -9999 -9999 -9999 -9999 -9999 -9999 -9999 -9999 -9999 -9999 -9999 -9999 -9999 -9999 -9999 -9999 -9999 -9999 -9999 -9999 -9999 -9999 -9999 -9999
660.955 661.013 660.965 660.87 660.575 660.993 661.16 660.973 661.038 661.228 661.24 660.94 661.318 661.418 661.355 661.33 661.293 661.338 661.305 661.335 661.36 661.248 661.19 661.138 661.173 661.035 660.735 660.638 660.598 660.488 660.523 660.433 660.378 660.36 660.378 660.365 660.173 660.11 659.995 659.895 659.928 659.955 659.855 659.74 659.72 659.723 659.633 659.495 659.433 659.3 659.18 659.235 -9999 -9999 -9999 -9999 -9999 -9999 -9999 -9999 -9999 -9999 -9999 -9999 -9999 -9999 -9999 -9999 -9999 -9999 -9999 -9999 -9999 -9999 -9999 -9999
661.13 661.143 661.135 661.103 661.005 661.185 661.293 661.018 661.12 661.34 661.29 661.065 661.235 661.583 661.585 661.523 661.558 661.508 661.48 661.5 661.515 661.46 661.365 661.318 661.433 661.198 660.87 660.78 660.68 660.598 660.675 660.618 660.463 660.42 660.438 660.465 660.355 660.213 660.128 660.04 659.93 660.06 660.053 659.873 659.863 659.848 659.773 659.658 659.555 659.528 659.433 659.433 -9999 -9999 -9999 -9999 -9999 -9999 -9999 -9999 -9999 -9999 -9999 -9999 -9999 -9999 -9999 -9999 -9999 -9999 -9999 -9999 -9999 -9999 -9999 -9999
661.365 661.398 661.403 661.343 661.33 661.373 661.423 661.235 661.17 661.373 661.61 661.325 661.37 661.638 661.843 661.725 661.723 661.758 661.648 661.53 661.77 661.755 661.618 661.568 661.513 661.378 661.11 660.98 660.845 660.77 660.713 660.643 660.568 660.565 660.548 660.51 660.49 660.35 660.263 660.203 660.065 660.1 660.218 660.135 660.105 660.033 659.935 659.788 659.698 659.618 659.543 659.565 659.513 -9999 -9999 -9999 -9999 -9999 -9999 -9999 -9999 -9999 -9999 -9999 -9999 -9999 -9999 -9999 -9999 -9999 -9999 -9999 -9999 -9999 -9999 -9999
661.635 661.675 661.665 661.608 661.56 661.525 661.558 661.555 661.43 661.465 661.89 661.755 661.693 661.713 661.943 661.955 661.908 661.858 661.688 661.648 661.823 662.12 661.968 661.905 661.738 661.603 661.443 661.265 661.068 660.965 660.75 660.805 660.865 660.893 660.933 660.693 660.58 660.52 660.448 660.4 660.078 660.325 660.415 660.343 660.295 660.198 660.058 659.948 659.805 659.763 659.69 659.62 659.508 -9999 -9999 -9999 -9999 -9999 -9999 -9999 -9999 -9999 -9999 -9999 -9999 -9999 -9999 -9999 -9999 -9999 -9999 -9999 -9999 -9999 -9999 -9999
661.948 661.918 661.89 661.913 661.86 661.808 661.775 661.71 661.745 661.588 661.918 661.98 662.038 662.055 662.113 662.318 662.268 661.968 661.873 661.878 661.86 662.293 662.195 662.225 662.055 661.838 661.523 661.46 661.335 661.143 661.043 661.07 661.083 661.195 661.198 660.855 660.773 660.705 660.608 660.56 660.31 660.505 660.533 660.523 660.445 660.328 660.163 660.055 659.938 659.835 659.743 659.653 659.558 659.433 -9999 -9999 -9999 -9999 -9999 -9999 -9999 -9999 -9999 -9999 -9999 -9999 -9999 -9999 -9999 -9999 -9999 -9999 -9999 -9999 -9999 -9999
662.278 662.21 662.19 662.215 662.165 662.148 662.11 661.993 662.028 661.91 661.868 662.038 662.12 662.415 662.55 662.625 662.478 662.135 662.248 662.41 662.23 662.473 662.473 662.498 662.328 662.045 661.79 661.893 661.785 661.54 661.495 661.475 661.5 661.46 661.395 661.133 660.918 660.85 660.793 660.68 660.48 660.585 660.615 660.573 660.49 660.335 660.223 660.093 660.023 659.98 659.83 659.748 659.735 659.643 -9999 -9999 -9999 -9999 -9999 -9999 -9999 -9999 -9999 -9999 -9999 -9999 -9999 -9999 -9999 -9999 -9999 -9999 -9999 -9999 -9999 -9999
662.565 662.52 662.533 662.448 662.338 662.395 662.32 662.265 662.563 662.368 662.035 662.27 662.21 662.365 662.648 662.688 662.67 662.468 662.763 662.78 662.545 662.703 662.68 662.728 662.5 662.213 662.183 662.35 662.185 661.985 662.013 661.843 661.825 661.745 661.52 661.418 661.165 661.058 660.96 660.84 660.538 660.623 660.855 660.803 660.688 660.413 660.373 660.275 660.188 660.14 659.97 659.935 659.953 659.833 659.69 -9999 -9999 -9999 -9999 -9999 -9999 -9999 -9999 -9999 -9999 -9999 -9999 -9999 -9999 -9999 -9999 -9999 -9999 -9999 -9999 -9999
662.743 662.763 662.725 662.655 662.558 662.58 662.56 662.605 663.055 662.658 662.298 662.435 662.47 662.385 662.583 662.735 662.873 662.95 663.05 662.903 662.838 662.905 662.93 663.015 662.918 662.68 662.623 662.673 662.603 662.508 662.353 662.178 662.078 661.925 661.71 661.608 661.405 661.223 661.123 660.905 660.558 660.678 661.035 661.063 660.87 660.663 660.58 660.463 660.275 660.203 660.105 659.975 659.853 659.675 659.52 -9999 -9999 -9999 -9999 -9999 -9999 -9999 -9999 -9999 -9999 -9999 -9999 -9999 -9999 -9999 -9999 -9999 -9999 -9999 -9999 -9999
