20220701_namedtuples/mapdata/sd8579_DSM_2M.asc
ncols 500
nrows 500
xllcorner    385000
yllcorner    479000
cellsize     2
NODATA_value -9999
[rows 203 to 231 of 500, columns 402 to 468 of 500]
398.872 398.987 399.109 399.214 399.319 399.472 399.599 399.747 399.952 399.924 400.012 400.107 400.227 400.274 400.347 400.467 400.527 400.684 401.057 400.792 401.352 400.879 400.732 400.842 400.977 401.169 401.497 401.637 401.689 401.802 401.784 401.759 401.837 401.832 401.759 401.912 402.667 406.179 407.329 402.844 402.572 402.677 402.759 402.734 402.617 402.284 402.169 401.717 400.789 399.787 400.164 402.127 403.419 402.864 405.009 406.799 407.749 406.034 402.597 402.449 402.687 406.012 409.527 411.489 412.949 409.564 408.809
398.469 398.622 398.827 398.989 399.122 399.314 399.494 399.624 399.757 399.874 399.994 400.112 400.219 400.307 400.427 400.517 400.599 400.714 400.789 400.877 400.997 401.067 401.142 401.172 401.189 401.262 401.227 401.244 401.344 401.349 401.427 401.507 401.467 401.502 401.544 401.529 401.807 402.679 402.124 401.592 401.549 401.612 401.867 401.954 401.962 401.994 401.864 401.277 400.322 400.032 402.122 407.027 408.929 405.732 402.889 403.044 403.177 403.744 403.229 402.942 402.624 402.897 403.579 405.769 407.022 405.902 407.994
398.532 398.824 400.127 401.414 399.467 401.842 399.037 399.214 399.397 399.404 399.559 399.697 399.909 400.059 400.204 400.282 400.417 400.549 400.687 400.802 400.919 401.002 401.092 401.179 401.202 401.292 401.384 401.447 401.509 401.547 401.614 401.682 401.732 401.772 401.807 401.807 401.849 401.862 401.862 401.867 401.854 401.824 401.842 401.862 401.957 401.837 401.717 401.127 400.827 400.522 402.122 407.629 410.357 406.692 403.454 402.949 403.054 404.202 402.932 404.237 404.214 404.137 404.027 403.087 403.062 403.249 404.787
405.194 407.814 409.467 407.237 407.864 407.312 403.514 401.962 403.122 400.707 404.057 403.589 401.902 401.562 401.507 400.497 399.934 400.052 400.202 400.394 400.547 400.659 400.729 400.839 400.837 400.962 401.049 401.132 401.247 401.359 401.444 401.569 401.629 401.654 401.724 401.782 401.857 401.877 401.904 401.929 401.964 401.957 401.944 401.952 401.939 401.922 401.862 401.822 401.689 401.582 401.564 403.744 405.649 403.362 401.479 401.774 402.064 402.402 402.679 404.012 404.024 404.262 403.967 402.969 403.954 403.107 402.822
410.709 414.409 413.804 412.312 412.482 410.837 409.182 409.317 410.004 408.037 412.227 413.099 408.619 409.482 413.372 408.492 406.937 402.867 402.704 401.227 402.877 405.242 403.757 400.592 400.364 401.282 401.074 400.567 400.607 400.867 403.472 406.612 405.259 401.379 401.429 401.367 401.337 401.457 401.512 402.044 401.872 401.732 401.739 401.809 401.827 401.847 401.834 401.859 401.862 401.839 401.812 401.787 401.789 401.714 401.632 401.507 401.347 401.377 401.557 402.004 403.167 404.309 402.794 403.119 405.069 403.362 403.684
416.734 414.972 410.964 414.967 413.779 413.227 415.742 412.914 412.704 411.422 412.502 414.344 412.682 414.187 415.342 414.399 412.579 408.542 410.354 409.564 411.352 412.514 411.147 406.864 402.942 408.569 408.459 403.999 401.859 406.227 410.689 413.454 411.944 408.907 409.054 408.987 408.377 402.584 403.209 408.282 409.242 405.094 402.182 401.702 402.182 401.327 401.494 401.497 401.582 401.657 401.699 401.754 401.782 401.794 401.827 401.857 401.832 401.777 401.722 401.644 401.497 401.382 401.392 402.349 403.677 403.034 403.639
410.742 413.937 414.687 413.834 413.847 414.972 415.432 410.104 408.962 414.154 415.524 414.884 414.594 415.212 413.414 414.789 410.699 406.039 414.047 414.487 414.967 415.964 416.237 410.877 407.652 413.034 413.937 411.982 408.357 413.989 416.209 416.182 414.834 414.832 415.589 415.924 414.849 409.449 411.842 413.182 414.829 410.664 410.789 408.934 409.134 403.919 400.624 400.634 400.649 400.754 400.959 401.137 401.294 401.499 401.637 401.694 401.797 401.799 401.809 401.834 401.817 401.809 401.742 401.634 401.794 401.714 401.369
408.047 413.809 413.624 410.782 410.714 413.499 414.209 413.057 414.807 414.244 415.089 413.512 407.154 410.199 415.549 411.407 414.552 412.602 414.689 415.574 415.797 412.962 413.292 411.744 410.917 411.052 414.544 417.439 411.764 409.559 413.867 415.682 414.719 413.077 417.564 419.592 416.632 413.899 418.144 418.364 417.607 416.234 412.982 412.367 412.922 407.937 401.487 400.557 400.939 401.412 401.474 401.359 401.167 400.994 400.947 401.047 401.239 401.457 401.642 401.732 401.822 401.832 401.829 401.862 401.894 401.904 401.859
406.674 410.299 408.642 408.034 403.857 403.784 408.617 413.929 414.549 413.172 416.049 415.099 410.034 405.964 411.719 411.542 413.294 415.072 414.499 411.569 413.829 413.024 410.387 408.277 413.444 414.464 415.747 417.212 416.144 411.132 410.067 415.562 418.832 416.124 417.279 413.807 414.747 414.407 417.099 416.854 416.569 416.462 412.572 413.664 414.214 408.814 402.119 400.824 402.354 404.729 402.902 405.114 402.687 402.314 401.957 401.614 401.282 401.044 401.007 401.139 401.352 401.524 401.682 401.752 401.849 401.929 401.987
413.754 414.592 413.222 415.094 409.442 403.797 404.032 406.784 407.689 405.834 410.267 409.599 407.364 403.707 411.719 407.347 405.707 410.224 408.709 408.389 414.479 415.634 412.959 414.419 413.967 411.189 411.394 410.662 416.192 417.112 416.562 412.722 415.752 416.124 416.309 409.542 415.617 417.679 416.129 415.332 416.024 413.537 414.167 412.224 411.007 410.804 402.409 401.404 410.159 412.969 410.232 411.797 407.797 403.452 403.117 406.372 406.044 403.109 402.617 402.982 402.104 401.324 401.197 401.349 401.512 401.702 401.839
406.444 412.644 415.749 416.237 413.322 413.799 410.449 407.257 408.802 413.097 412.354 409.119 412.439 404.647 408.802 406.959 403.494 404.687 403.107 407.059 411.754 411.452 410.644 413.704 415.064 417.799 416.602 413.872 414.022 416.472 417.699 416.734 413.947 419.152 417.429 414.389 413.844 414.597 410.277 416.404 418.184 417.279 417.682 417.274 416.827 414.337 410.697 410.732 409.754 415.534 413.364 414.442 411.659 409.629 409.927 412.144 412.499 410.102 408.467 411.467 408.379 403.294 402.529 402.232 401.859 401.384 401.374
414.522 415.777 411.724 414.092 416.329 415.807 416.679 413.107 408.847 409.699 415.914 417.654 415.512 406.539 414.449 414.427 410.034 411.504 413.902 409.537 412.582 413.184 407.037 405.329 407.879 414.169 415.147 416.304 414.249 418.429 417.892 416.942 416.197 413.404 409.107 415.427 416.482 419.737 413.567 417.884 414.887 417.554 417.579 418.374 417.939 415.307 416.632 416.332 409.812 410.797 416.087 416.144 412.799 411.822 411.899 411.594 413.679 415.664 412.359 413.189 412.479 411.072 409.757 411.357 406.689 402.659 402.232
409.869 413.177 411.067 415.604 411.867 413.347 412.054 413.697 412.839 410.689 414.729 416.949 408.262 409.849 415.132 413.869 414.517 408.584 418.277 417.547 417.152 413.747 407.649 412.482 411.642 412.144 409.544 408.209 417.489 418.352 415.892 414.517 413.649 406.817 407.869 416.507 417.404 415.109 418.584 416.779 417.107 417.159 419.937 418.644 416.182 414.034 417.974 417.204 407.284 409.237 416.897 415.857 413.304 414.609 411.519 417.102 414.682 414.752 411.869 411.079 415.007 414.284 414.484 415.237 410.159 404.412 403.394
418.584 412.257 414.167 413.669 416.992 417.074 416.782 418.742 413.522 412.114 407.947 406.662 412.397 417.429 416.334 413.064 415.522 411.817 416.949 415.707 416.517 414.814 412.462 417.464 416.127 417.519 416.229 408.187 413.712 414.194 407.502 409.237 410.104 415.874 416.444 415.222 415.054 415.354 418.514 419.629 418.857 412.639 414.569 415.464 418.737 408.717 413.144 414.864 410.659 415.824 416.102 410.769 405.944 411.977 416.152 411.672 411.464 412.077 412.879 409.352 412.172 411.897 415.289 412.704 408.847 403.827 403.542
413.959 410.892 416.857 417.987 416.689 416.754 409.719 412.282 414.729 411.877 415.152 407.622 407.192 413.897 409.642 414.429 413.594 417.329 414.697 410.049 412.844 416.927 418.897 418.609 418.144 418.997 415.597 416.467 418.029 416.349 411.534 407.489 419.729 417.687 417.384 416.214 409.042 417.229 420.279 418.897 414.794 417.554 417.312 414.714 413.547 415.329 416.204 414.459 416.224 413.284 416.202 418.057 411.409 416.099 410.497 404.062 408.354 415.304 415.739 416.312 417.094 415.814 410.239 413.419 411.877 405.134 404.564
413.964 412.119 409.524 412.644 412.952 417.929 411.914 408.904 410.364 417.829 417.889 415.637 417.614 415.859 414.169 414.544 416.619 414.252 413.597 408.592 413.149 412.387 414.567 411.439 418.592 417.504 411.079 416.009 417.712 420.962 416.342 412.909 417.307 410.957 406.102 408.809 404.794 414.934 417.449 418.504 419.219 421.099 421.704 418.389 414.974 420.192 418.337 418.099 418.537 411.312 413.422 414.127 408.417 413.717 411.024 407.877 407.747 414.992 414.037 416.632 414.964 411.717 409.292 414.312 413.709 410.179 410.749
416.119 412.762 410.924 416.412 413.177 417.587 417.299 418.374 417.547 418.502 418.224 416.117 415.967 407.854 415.549 412.104 410.732 410.409 405.204 406.409 410.117 406.852 414.474 417.879 415.499 409.924 418.424 419.747 416.502 412.802 416.032 421.007 417.629 417.789 413.257 404.897 404.182 410.649 418.369 418.824 417.767 418.157 420.607 418.419 417.602 418.759 416.857 417.924 418.382 418.269 417.347 416.997 412.249 415.844 414.764 409.177 410.857 418.897 416.274 411.512 414.752 414.344 415.997 415.509 412.142 410.934 413.349
407.734 412.082 414.807 409.264 415.332 420.329 418.094 418.712 411.197 411.297 416.587 418.532 416.359 411.349 406.512 414.399 417.544 413.524 405.857 405.729 412.599 413.827 412.514 417.289 420.842 419.024 420.502 418.024 413.159 408.232 410.484 414.044 419.397 418.654 417.169 413.069 414.047 413.082 418.369 417.682 409.689 410.907 418.447 415.532 413.012 418.134 416.787 418.374 411.297 419.077 416.694 412.819 417.192 416.889 414.732 413.149 413.069 415.007 412.089 409.132 416.482 416.732 413.709 415.124 413.692 413.214 412.414
418.642 416.767 419.237 418.062 410.072 417.082 417.182 419.932 418.797 417.084 414.864 419.062 419.029 416.597 408.777 413.532 414.979 407.817 406.164 406.109 411.059 417.059 417.447 419.012 419.517 420.052 416.699 412.024 409.102 415.867 415.079 418.392 418.089 418.452 409.564 417.004 418.384 416.937 419.947 418.347 410.304 410.407 416.504 412.617 412.617 410.764 413.474 416.382 418.059 417.409 418.224 411.412 417.677 417.834 416.637 418.534 415.227 417.352 415.144 416.937 416.272 413.164 411.712 407.337 415.099 417.929 418.954
418.412 413.359 409.447 416.259 417.849 419.022 418.907 417.122 412.927 414.059 417.682 417.542 409.817 411.334 409.644 408.374 409.304 408.122 406.057 417.424 415.687 416.897 411.692 413.909 415.249 416.192 417.082 418.369 416.414 408.924 416.249 415.572 412.792 417.654 409.039 413.209 413.924 410.697 417.482 418.002 416.694 418.659 418.689 413.452 409.004 404.122 404.157 409.627 412.399 409.364 414.642 411.487 414.489 417.489 415.429 418.569 411.264 413.729 416.837 414.399 416.684 418.184 413.257 415.852 411.602 419.107 418.517
409.237 415.099 412.859 407.067 417.589 415.767 414.687 419.744 413.812 409.537 413.042 412.479 408.527 408.879 409.387 413.317 418.122 418.182 408.042 409.014 422.037 415.499 418.617 419.754 420.664 422.512 416.564 414.647 419.767 420.149 420.984 415.237 410.369 417.737 417.327 418.639 415.699 406.674 417.102 420.477 419.869 421.512 420.004 415.807 407.454 406.309 406.127 408.117 408.909 406.064 411.497 408.537 409.174 410.594 410.942 416.452 410.174 406.624 408.849 410.594 415.337 416.887 418.002 415.844 418.484 416.997 417.154
408.442 408.359 412.497 418.037 418.427 410.669 419.632 416.674 416.427 416.512 417.482 418.042 409.992 415.279 415.047 410.089 414.642 420.104 417.462 410.637 419.539 421.087 419.747 418.607 415.169 413.357 419.347 418.847 413.339 417.062 415.917 418.647 407.889 406.677 410.299 413.752 418.519 419.377 417.559 413.297 419.602 418.622 417.484 412.364 406.867 417.087 417.354 417.609 414.692 413.662 417.454 410.119 408.699 405.627 407.624 411.739 406.139 405.499 405.557 408.952 417.102 417.302 413.542 408.162 416.377 410.257 413.307
414.079 416.627 408.202 414.557 416.217 413.379 411.899 414.119 418.117 417.659 410.542 411.599 412.622 417.092 418.174 416.612 418.109 415.837 419.867 414.969 419.614 421.994 417.644 414.012 418.772 410.414 416.044 420.632 414.432 419.049 409.342 416.584 418.049 413.362 419.497 419.647 417.404 419.354 413.299 416.647 419.189 415.812 410.802 406.229 405.537 415.317 422.317 421.929 420.527 418.384 420.737 416.519 418.919 416.707 410.117 405.719 406.202 409.967 410.934 406.534 413.262 411.539 410.829 406.407 417.187 414.149 406.327
417.102 419.434 415.769 417.962 419.924 420.999 419.209 416.412 415.854 419.584 414.954 408.109 409.429 418.522 414.297 410.424 413.744 415.097 413.812 411.217 415.059 419.464 421.914 420.947 418.769 416.697 420.372 419.607 421.482 415.724 418.899 419.947 420.514 417.012 419.402 419.969 412.462 411.529 413.997 421.157 422.484 418.694 408.924 407.272 413.852 417.847 420.367 422.422 420.099 421.432 418.512 418.294 419.957 419.814 415.312 406.679 409.472 417.837 418.392 413.487 408.954 407.887 410.832 412.124 409.034 408.534 405.994
417.154 417.457 412.117 414.049 417.937 414.869 416.369 416.087 418.379 421.162 417.417 408.559 415.854 417.747 409.604 407.454 411.634 419.207 419.202 421.359 422.962 422.582 421.599 420.594 422.044 421.412 416.389 419.829 415.779 418.352 416.312 418.717 417.619 416.714 413.002 419.809 417.352 409.889 421.309 421.829 420.887 418.984 412.589 418.264 422.807 417.742 420.882 420.242 419.124 418.204 415.332 419.789 416.039 415.174 416.942 415.509 414.977 414.927 415.399 417.104 412.562 410.142 416.547 416.882 411.802 415.339 409.442
412.149 418.987 413.169 418.784 414.482 413.617 420.572 419.294 414.744 420.394 418.517 419.249 413.577 419.379 415.249 412.587 420.924 422.994 416.832 415.459 418.324 422.952 420.209 415.512 418.212 419.849 420.794 422.012 416.639 421.937 420.057 410.954 407.547 412.964 410.004 417.172 418.074 419.812 420.907 420.664 414.502 414.404 421.207 422.794 421.817 422.309 421.072 421.379 420.787 420.409 416.107 410.537 409.247 408.669 411.724 416.312 420.007 419.069 414.192 417.292 416.797 414.782 407.152 414.619 419.484 416.142 417.692
411.212 417.914 423.619 420.492 418.039 420.299 421.102 420.104 420.542 420.382 420.344 417.702 414.847 417.189 419.529 410.012 416.782 421.812 419.059 417.914 422.629 418.309 421.614 421.522 422.987 421.744 417.767 419.887 421.674 422.429 421.222 414.377 411.094 408.977 413.579 420.012 418.309 423.164 422.619 420.677 412.909 413.427 418.777 421.347 419.992 415.114 418.497 422.764 418.182 420.099 416.462 411.709 414.984 416.492 409.664 411.729 413.889 414.932 412.209 411.192 417.274 418.364 411.402 415.939 412.664 408.174 410.769
418.742 420.832 418.874 419.614 418.767 416.724 420.762 416.104 421.392 417.877 411.904 409.484 417.494 420.949 423.052 421.557 419.444 420.009 423.122 418.137 417.057 423.107 422.439 423.739 419.677 411.149 407.322 416.422 419.254 420.634 418.582 417.927 419.884 415.687 417.007 410.827 417.137 424.104 422.952 421.912 415.077 420.599 423.357 420.587 421.397 418.377 422.082 414.642 410.367 411.994 412.284 416.172 416.192 411.752 420.867 419.692 414.507 407.772 414.484 412.607 421.469 420.449 413.324 420.912 416.077 408.239 415.862
413.847 417.764 411.624 413.002 415.769 415.602 421.449 421.612 417.439 421.682 419.477 414.217 417.002 413.022 417.657 419.797 418.534 420.377 417.632 420.519 418.967 414.304 421.634 422.622 420.572 411.924 419.537 415.314 422.847 420.769 417.307 415.662 414.672 415.024 416.749 414.294 420.399 419.027 417.432 417.174 420.444 421.729 418.684 420.369 415.619 420.732 419.219 416.982 417.659 417.064 418.269 421.774 422.137 421.077 422.534 421.794 417.622 413.352 418.482 414.944 418.357 418.744 421.249 412.792 412.102 410.649 411.614
