20220701_namedtuples/mapdata/sd8577_DSM_2M.asc
ncols 500
nrows 500
xllcorner    385000
yllcorner    477000
cellsize     2
NODATA_value -9999
[rows 155 to 185 of 500, columns 210 to 279 of 500]
458.719 458.784 458.701 458.529 458.216 457.846 457.574 457.554 457.436 457.391 457.406 457.509 457.636 457.571 457.574 457.264 457.371 457.119 457.014 457.264 457.079 456.916 457.111 457.754 457.866 457.569 458.251 458.584 458.656 458.931 459.291 459.491 459.414 459.294 459.284 459.121 458.834 458.949 459.296 459.736 460.281 460.799 460.856 460.919 460.989 461.036 461.144 461.449 462.281 462.361 462.539 462.551 462.954 463.131 463.314 463.459 463.494 463.504 463.526 463.561 463.656 463.591 463.619 463.706 463.644 463.651 463.831 463.881 463.976 463.979
459.096 459.139 459.091 458.881 458.651 458.419 458.226 458.096 457.884 457.944 457.936 458.004 458.154 458.176 458.179 458.229 458.211 457.949 457.651 457.831 457.721 457.429 457.421 458.066 458.361 458.284 458.624 458.874 458.901 459.004 459.351 459.596 459.559 459.499 459.499 459.549 459.611 459.719 459.954 460.209 460.626 460.886 460.891 460.926 461.036 460.986 461.124 461.594 462.529 462.736 462.926 463.056 463.189 463.326 463.386 463.504 463.561 463.559 463.559 463.594 463.666 463.656 463.719 463.709 463.766 463.846 463.906 463.981 464.029 464.056
459.459 459.459 459.399 459.186 458.989 458.711 458.469 458.396 458.394 458.539 458.556 458.446 458.531 458.594 458.676 458.804 458.841 458.604 458.189 458.109 458.234 458.379 458.434 458.741 458.761 458.766 458.986 459.094 458.904 458.809 459.301 459.731 459.674 459.764 459.776 459.806 459.971 460.086 460.249 -9999 -9999 -9999 460.929 460.966 460.984 461.021 461.266 461.789 462.691 462.934 463.044 463.226 463.316 463.399 463.479 463.594 463.649 463.661 463.644 463.684 463.749 463.744 463.804 463.809 463.904 463.946 463.919 464.079 464.096 464.269
459.821 459.721 459.586 459.386 459.199 458.934 458.749 458.891 458.971 459.171 459.164 458.984 458.936 459.079 459.161 459.291 459.254 459.111 458.729 458.216 458.531 458.966 459.129 459.304 459.349 459.289 459.336 459.351 459.211 459.259 459.696 459.909 459.969 460.021 460.141 -9999 -9999 -9999 -9999 -9999 -9999 -9999 -9999 461.035 461.056 461.431 462.321 462.589 462.864 463.076 463.209 463.276 463.369 463.534 463.601 463.656 463.731 463.729 463.754 463.789 463.849 463.831 463.879 463.951 463.981 463.979 464.056 464.204 464.196 464.284
460.164 459.889 459.656 459.449 459.334 459.294 459.401 459.531 459.636 459.779 459.716 459.596 459.519 459.619 459.669 459.761 459.684 459.571 459.436 459.084 459.156 459.414 459.554 459.696 459.706 459.709 459.774 459.689 459.589 459.904 460.116 -9999 -9999 -9999 -9999 -9999 -9999 -9999 -9999 -9999 -9999 -9999 -9999 461.075 461.201 462.206 462.689 462.811 463.046 463.229 463.336 463.429 463.574 463.579 463.671 463.686 463.784 463.799 463.826 463.844 463.989 463.964 463.954 463.949 464.041 464.131 464.154 464.226 464.356 464.346
460.379 460.001 459.714 459.614 459.664 459.881 460.109 460.261 460.336 460.336 460.276 460.156 460.051 460.184 460.174 460.194 460.131 460.001 459.936 459.839 459.886 459.916 459.924 460.029 460.039 460.054 460.071 460.169 -9999 -9999 -9999 -9999 -9999 -9999 -9999 -9999 -9999 -9999 -9999 -9999 -9999 -9999 461.149 461.176 461.424 462.439 462.861 463.051 463.199 463.389 463.454 463.561 463.694 463.731 463.744 463.801 463.799 463.846 463.944 463.999 464.051 464.124 464.036 463.994 464.031 464.284 464.284 464.304 464.381 464.466
460.684 460.264 460.011 460.029 460.146 460.481 460.806 460.831 460.801 460.821 460.816 460.716 460.699 460.739 460.716 460.644 460.614 460.461 460.434 460.344 460.361 460.379 460.386 460.411 -9999 -9999 -9999 -9999 -9999 -9999 -9999 -9999 -9999 -9999 -9999 -9999 -9999 -9999 -9999 -9999 -9999 461.349 461.229 461.286 461.519 462.594 463.016 463.234 463.374 463.476 463.564 463.684 463.706 463.856 463.826 463.921 463.954 464.001 464.061 464.116 464.089 464.144 464.289 464.219 464.206 464.239 464.366 464.384 464.509 464.574
461.041 460.754 460.531 460.491 460.684 461.081 461.336 461.266 461.259 461.291 461.306 461.269 461.289 461.261 461.111 461.001 460.889 460.861 460.819 460.764 460.769 -9999 -9999 -9999 -9999 -9999 -9999 -9999 -9999 -9999 -9999 -9999 -9999 -9999 -9999 -9999 -9999 -9999 -9999 -9999 -9999 461.559 461.559 461.524 461.524 462.349 463.121 463.399 463.491 463.559 463.641 463.751 463.801 463.889 463.939 464.044 464.011 464.049 464.126 464.154 464.209 464.226 464.299 464.374 464.434 464.409 464.406 464.439 464.619 464.749
461.509 461.339 461.266 461.159 461.386 461.736 461.751 461.726 461.776 461.761 461.706 461.679 461.754 461.686 461.486 461.391 461.259 461.191 -9999 -9999 -9999 -9999 -9999 -9999 -9999 -9999 -9999 -9999 -9999 -9999 -9999 -9999 -9999 -9999 -9999 -9999 -9999 -9999 -9999 -9999 461.745 461.819 462.019 461.954 461.794 462.576 463.309 463.536 463.681 463.724 463.749 463.844 463.906 464.021 464.106 464.106 464.094 464.179 464.179 464.244 464.331 464.366 464.444 464.559 464.571 464.674 464.584 464.706 464.774 464.946
462.049 462.031 461.929 461.961 462.129 462.299 462.274 462.284 462.196 462.139 462.056 461.971 462.029 461.994 461.836 -9999 -9999 -9999 -9999 -9999 -9999 -9999 -9999 -9999 -9999 -9999 -9999 -9999 -9999 -9999 -9999 -9999 -9999 -9999 -9999 -9999 -9999 -9999 -9999 461.819 462.291 462.966 463.044 462.896 462.631 463.221 463.466 463.674 463.824 463.871 463.956 463.974 463.999 464.059 464.196 464.281 464.166 464.219 464.224 464.294 464.364 464.454 464.651 464.666 464.706 464.801 464.796 464.889 465.019 465.169
462.341 462.466 462.399 462.346 462.501 462.656 462.651 462.604 462.564 462.516 462.394 462.304 -9999 -9999 -9999 -9999 -9999 -9999 -9999 -9999 -9999 -9999 -9999 -9999 -9999 -9999 -9999 -9999 -9999 -9999 -9999 -9999 -9999 -9999 -9999 -9999 -9999 -9999 461.629 461.851 462.391 463.301 463.339 463.261 463.269 463.499 463.689 463.864 463.931 464.001 464.039 464.091 464.149 464.234 464.289 464.371 464.276 464.274 464.324 464.374 464.446 464.579 464.759 464.821 464.886 464.896 465.081 465.111 465.221 465.376
-9999 -9999 -9999 462.706 462.666 462.774 -9999 -9999 -9999 -9999 -9999 -9999 -9999 -9999 -9999 -9999 -9999 -9999 -9999 -9999 -9999 -9999 -9999 -9999 -9999 -9999 -9999 -9999 -9999 -9999 -9999 -9999 -9999 -9999 -9999 -9999 -9999 -9999 461.755 461.996 462.711 463.534 463.634 463.614 463.666 463.766 463.919 464.026 464.081 464.149 464.209 464.236 464.271 464.406 464.399 464.409 464.371 464.534 464.456 464.511 464.569 464.736 464.836 464.924 465.009 465.021 465.159 465.309 465.454 465.596
-9999 -9999 -9999 -9999 -9999 -9999 -9999 -9999 -9999 -9999 -9999 -9999 -9999 -9999 -9999 -9999 -9999 -9999 -9999 -9999 -9999 -9999 -9999 -9999 -9999 -9999 -9999 -9999 -9999 -9999 -9999 -9999 -9999 -9999 -9999 -9999 -9999 461.742 462.001 462.329 462.844 463.756 463.886 463.846 463.934 463.994 464.101 464.216 464.241 464.299 464.366 464.414 464.441 464.501 464.566 464.484 464.486 464.584 464.656 464.756 464.814 464.869 465.051 465.111 465.266 465.246 465.386 465.516 465.729 465.931
-9999 -9999 -9999 -9999 -9999 -9999 -9999 -9999 -9999 -9999 -9999 -9999 -9999 -9999 -9999 -9999 -9999 -9999 -9999 -9999 -9999 -9999 -9999 -9999 -9999 -9999 -9999 -9999 -9999 -9999 -9999 -9999 -9999 -9999 -9999 -9999 462.069 461.886 462.354 462.804 463.316 464.024 464.109 464.156 464.181 464.209 464.296 464.384 464.421 464.496 464.534 464.541 464.644 464.579 464.669 464.659 464.674 464.766 464.816 464.901 465.056 465.174 465.246 465.296 465.244 465.339 465.539 465.754 465.909 466.161
-9999 -9999 -9999 -9999 -9999 -9999 -9999 -9999 -9999 -9999 -9999 -9999 -9999 -9999 -9999 -9999 -9999 -9999 -9999 -9999 -9999 -9999 -9999 -9999 -9999 -9999 -9999 -9999 -9999 -9999 -9999 -9999 -9999 -9999 -9999 462.459 462.439 462.594 462.811 463.104 463.786 464.224 464.294 464.321 464.334 464.401 464.486 464.576 464.579 464.646 464.754 464.791 464.774 464.811 464.841 464.806 464.899 465.036 465.106 465.156 465.284 465.519 465.499 465.544 465.499 465.441 465.531 465.634 465.989 466.386
-9999 -9999 -9999 -9999 -9999 -9999 -9999 -9999 -9999 -9999 -9999 -9999 -9999 -9999 -9999 -9999 -9999 -9999 -9999 -9999 -9999 -9999 -9999 -9999 -9999 -9999 -9999 -9999 -9999 -9999 -9999 -9999 -9999 -9999 -9999 462.822 462.759 462.819 462.949 463.171 463.796 464.429 464.516 464.571 464.604 464.626 464.674 464.749 464.739 464.809 464.911 464.916 465.004 465.144 465.006 464.984 465.124 465.279 465.411 465.469 465.566 465.699 465.746 465.866 466.026 465.934 465.796 465.644 465.866 466.579
-9999 -9999 -9999 -9999 -9999 -9999 -9999 -9999 -9999 -9999 -9999 -9999 -9999 -9999 -9999 -9999 -9999 -9999 -9999 -9999 -9999 -9999 -9999 -9999 -9999 -9999 -9999 -9999 -9999 -9999 -9999 -9999 -9999 -9999 462.965 462.924 463.011 463.134 463.284 463.624 464.134 464.631 464.721 464.764 464.791 464.829 464.879 464.894 464.946 465.006 465.104 465.189 465.269 465.364 465.274 465.136 465.441 465.626 465.746 465.829 465.869 465.911 465.964 466.096 466.431 466.449 466.571 466.259 465.974 466.824
-9999 -9999 -9999 -9999 -9999 -9999 -9999 -9999 -9999 -9999 -9999 -9999 -9999 -9999 -9999 -9999 -9999 -9999 -9999 -9999 -9999 -9999 -9999 -9999 -9999 -9999 -9999 -9999 -9999 -9999 -9999 -9999 -9999 463.239 463.181 463.181 463.256 463.406 463.496 463.859 464.299 464.869 464.936 464.941 464.966 465.026 465.036 465.064 465.174 465.214 465.279 465.454 465.491 465.516 465.649 465.516 465.654 465.856 466.059 466.166 466.241 466.344 466.316 466.354 466.629 466.641 466.869 466.986 466.994 467.131
-9999 -9999 -9999 -9999 -9999 -9999 -9999 -9999 -9999 -9999 -9999 -9999 -9999 -9999 -9999 -9999 -9999 -9999 -9999 -9999 -9999 -9999 -9999 -9999 -9999 -9999 -9999 -9999 -9999 -9999 -9999 -9999 463.389 463.419 463.459 463.464 463.426 463.499 463.694 464.061 464.449 465.031 465.144 465.126 465.181 465.241 465.239 465.284 465.314 465.386 465.491 465.559 465.664 465.739 465.716 465.734 465.869 466.086 466.284 466.396 466.616 466.736 466.774 466.851 466.914 466.954 467.029 467.236 467.461 467.511
-9999 -9999 -9999 -9999 -9999 -9999 -9999 -9999 -9999 -9999 -9999 -9999 -9999 -9999 -9999 -9999 -9999 -9999 -9999 -9999 -9999 -9999 -9999 -9999 -9999 -9999 -9999 -9999 -9999 -9999 -9999 -9999 463.625 463.666 463.666 463.721 463.774 463.824 463.869 464.129 464.516 464.824 465.244 465.359 465.411 465.451 465.499 465.536 465.604 465.671 465.741 465.756 465.831 465.901 465.959 465.941 466.154 466.396 466.636 466.794 466.909 467.021 467.169 467.331 467.234 467.191 467.254 467.504 467.749 467.771
-9999 -9999 -9999 -9999 -9999 -9999 -9999 -9999 -9999 -9999 -9999 -9999 -9999 -9999 -9999 -9999 -9999 -9999 -9999 -9999 -9999 -9999 -9999 -9999 -9999 -9999 -9999 -9999 -9999 -9999 -9999 463.865 463.861 463.831 463.804 463.851 463.869 464.004 464.136 464.141 464.424 464.766 465.209 465.561 465.641 465.726 465.809 465.819 465.884 465.956 466.029 466.084 466.109 466.084 466.059 466.051 466.459 466.794 466.924 467.131 467.324 467.364 467.506 467.631 467.494 467.374 467.546 467.831 467.914 467.941
-9999 -9999 -9999 -9999 -9999 -9999 -9999 -9999 -9999 -9999 -9999 -9999 -9999 -9999 -9999 -9999 -9999 -9999 -9999 -9999 -9999 -9999 -9999 -9999 -9999 -9999 -9999 -9999 -9999 -9999 464.139 464.006 463.986 463.989 464.011 464.049 464.064 464.224 464.426 464.344 464.489 464.674 465.206 465.736 465.866 465.976 466.111 466.151 466.209 466.289 466.316 466.369 466.451 466.369 466.156 466.266 466.631 467.166 467.261 467.429 467.671 467.751 467.886 467.836 467.746 467.689 467.709 467.879 468.049 468.146
-9999 -9999 -9999 -9999 -9999 -9999 -9999 -9999 -9999 -9999 -9999 -9999 -9999 -9999 -9999 -9999 -9999 -9999 -9999 -9999 -9999 -9999 -9999 -9999 -9999 -9999 -9999 -9999 -9999 464.379 464.454 464.329 464.384 464.364 464.351 464.356 464.516 464.624 464.694 464.661 464.696 464.821 465.336 465.824 466.091 466.244 466.426 466.551 466.526 466.576 466.669 466.681 466.724 466.679 466.556 466.644 466.919 467.329 467.349 467.501 467.721 467.884 468.086 468.014 467.959 468.299 468.086 467.969 468.181 468.281
-9999 -9999 -9999 -9999 -9999 -9999 -9999 -9999 -9999 -9999 -9999 -9999 -9999 -9999 -9999 -9999 -9999 -9999 -9999 -9999 -9999 -9999 -9999 -9999 -9999 -9999 -9999 -9999 -9999 464.569 464.629 464.506 464.516 464.536 464.599 464.636 464.811 464.866 464.884 465.006 465.014 465.136 465.294 465.869 466.221 466.464 466.646 466.736 466.749 466.829 466.921 467.036 467.006 466.949 466.939 467.116 467.246 467.249 467.401 467.379 467.714 468.044 468.206 468.334 468.596 468.824 468.684 468.426 468.376 468.629
-9999 -9999 -9999 -9999 -9999 -9999 -9999 -9999 -9999 -9999 -9999 -9999 -9999 -9999 -9999 -9999 -9999 -9999 -9999 -9999 -9999 -9999 -9999 -9999 -9999 -9999 -9999 -9999 464.732 464.734 464.699 464.659 464.696 464.974 465.109 464.956 465.011 465.101 465.201 465.341 465.651 465.536 465.474 465.859 466.319 466.529 466.686 466.791 466.831 466.931 466.991 467.129 467.086 467.071 467.421 467.479 467.636 467.556 467.859 467.786 468.174 468.429 468.746 468.734 468.936 469.121 469.071 469.121 469.241 469.176
-9999 -9999 -9999 -9999 -9999 -9999 -9999 -9999 -9999 -9999 -9999 -9999 -9999 -9999 -9999 -9999 -9999 -9999 -9999 -9999 -9999 -9999 -9999 -9999 -9999 -9999 -9999 465.109 464.994 464.911 464.886 464.836 464.811 465.229 465.536 465.506 465.419 465.416 465.446 465.569 465.839 466.016 465.636 465.766 466.199 466.491 466.594 466.691 466.729 466.836 467.006 467.019 467.111 467.179 467.431 467.536 467.986 468.299 468.446 468.534 468.679 468.899 469.071 468.974 469.154 469.341 469.476 469.614 469.579 469.554
-9999 -9999 -9999 -9999 -9999 -9999 -9999 -9999 -9999 -9999 -9999 -9999 -9999 -9999 -9999 -9999 -9999 -9999 -9999 -9999 -9999 -9999 -9999 -9999 -9999 -9999 465.069 465.219 465.144 465.084 465.064 465.016 464.991 465.344 465.711 465.846 465.826 465.711 465.834 465.989 466.111 466.064 465.864 465.876 466.096 466.279 466.439 466.536 466.589 466.749 466.976 467.054 467.129 467.256 467.489 467.616 468.186 468.539 468.691 468.746 468.881 469.026 469.111 469.211 469.256 469.486 469.654 469.734 469.754 469.811
-9999 -9999 -9999 -9999 -9999 -9999 -9999 -9999 -9999 -9999 -9999 -9999 -9999 -9999 -9999 -9999 -9999 -9999 -9999 -9999 -9999 -9999 -9999 -9999 -9999 -9999 465.185 465.191 465.206 465.241 465.196 465.469 465.669 465.744 465.939 466.046 466.096 465.974 465.966 466.154 466.359 466.236 466.174 466.339 466.429 466.379 466.549 466.576 466.689 466.924 467.114 467.251 467.424 467.626 467.734 467.946 468.574 468.684 468.784 468.874 468.956 469.051 469.179 469.294 469.391 469.499 469.694 469.899 469.909 470.161
-9999 -9999 -9999 -9999 -9999 -9999 -9999 -9999 -9999 -9999 -9999 -9999 -9999 -9999 -9999 -9999 -9999 -9999 -9999 -9999 -9999 -9999 -9999 -9999 -9999 465.195 465.184 465.251 465.226 465.341 465.419 465.779 465.999 466.114 466.289 466.299 466.176 466.149 466.226 466.374 466.636 466.661 466.669 466.676 466.664 466.646 466.744 466.959 467.029 467.279 467.369 467.641 467.794 467.914 468.061 468.244 468.646 468.814 468.786 468.971 469.039 469.056 469.204 469.291 469.469 469.586 469.871 470.039 470.154 470.421
-9999 -9999 -9999 -9999 -9999 -9999 -9999 -9999 -9999 -9999 -9999 -9999 -9999 -9999 -9999 -9999 -9999 -9999 -9999 -9999 -9999 -9999 -9999 -9999 465.229 465.236 465.264 465.329 465.374 465.696 465.961 466.056 466.211 466.369 466.446 466.486 466.389 466.319 466.414 466.599 467.076 467.226 467.166 467.236 467.089 467.091 467.071 467.186 467.409 467.684 467.864 468.086 468.176 468.299 468.274 468.321 468.611 468.726 468.829 468.939 469.104 469.269 469.446 469.579 469.736 469.924 470.099 470.249 470.426 470.749
-9999 -9999 -9999 -9999 -9999 -9999 -9999 -9999 -9999 -9999 -9999 -9999 -9999 -9999 -9999 -9999 -9999 -9999 -9999 -9999 -9999 -9999 -9999 -9999 465.134 465.201 465.301 465.546 465.644 465.984 466.284 466.484 466.634 466.629 466.756 466.776 466.721 466.736 466.679 466.894 467.304 467.589 467.689 467.831 467.711 467.446 467.444 467.461 467.829 468.071 468.176 468.341 468.419 468.504 468.474 468.426 468.574 468.719 468.919 469.189 469.449 469.741 469.811 469.884 470.059 470.114 470.394 470.599 470.786 470.969
