20220701_namedtuples/mapdata/sd8576_DSM_2M.asc
ncols 500
nrows 500
xllcorner    385000
yllcorner    476000
cellsize     2
NODATA_value -9999
[rows 270 to 299 of 500, columns 204 to 271 of 500]
407.282 407.239 407.197 407.219 407.137 407.087 407.157 407.072 407.194 407.307 407.362 407.334 407.252 407.264 407.267 407.039 406.864 406.672 406.509 406.724 406.877 406.772 406.562 406.429 406.554 406.622 406.512 406.137 405.792 405.649 405.532 405.647 405.884 406.104 406.242 406.312 406.289 406.292 406.209 405.997 405.869 405.822 405.679 405.542 405.319 405.057 404.732 404.442 403.932 403.309 402.684 402.432 402.199 402.294 401.512 401.274 401.482 401.544 401.402 401.602 402.059 402.392 402.472 402.592 402.669 402.649 402.607 402.469
407.757 407.637 407.597 407.632 407.582 407.569 407.507 407.522 407.627 407.784 407.882 407.832 407.764 407.657 407.547 407.187 407.139 407.202 407.277 407.514 407.424 407.229 407.069 406.924 406.999 407.084 407.037 406.504 406.172 406.219 406.077 406.184 406.442 406.624 406.754 406.864 406.832 406.849 406.702 406.607 406.487 406.437 406.282 406.119 405.947 405.702 405.364 405.017 404.632 403.982 403.364 402.804 402.532 402.707 402.097 402.152 402.209 402.092 402.004 402.214 402.624 402.887 402.974 403.092 403.144 403.127 403.074 402.967
408.334 408.112 408.034 408.099 408.169 408.157 408.062 407.999 408.137 408.234 408.207 408.092 407.844 407.727 407.562 407.599 407.999 408.219 408.244 408.174 407.859 407.619 407.572 407.504 407.507 407.597 407.502 406.852 406.679 406.597 406.542 406.654 406.964 407.154 407.214 407.214 407.209 407.149 407.097 407.039 407.044 406.902 406.812 406.687 406.522 406.267 406.037 405.672 405.252 404.497 403.819 403.307 402.964 402.742 402.919 402.994 402.632 402.599 402.577 402.714 403.049 403.282 403.439 403.609 403.672 403.612 403.567 403.427
408.952 408.632 408.497 408.569 408.767 408.824 408.577 408.459 408.592 408.599 408.344 408.027 407.892 407.844 407.879 408.052 408.624 408.857 408.862 408.547 408.184 408.054 408.044 407.952 408.064 408.054 407.779 407.304 407.104 406.997 407.009 407.182 407.474 407.594 407.664 407.594 407.494 407.399 407.329 407.287 407.259 407.249 407.239 407.184 407.012 406.784 406.532 406.244 405.839 405.002 404.272 403.677 403.277 402.864 402.954 403.612 403.174 403.087 403.099 403.322 403.624 403.852 403.992 404.107 404.179 404.144 404.039 403.869
409.437 409.102 409.082 409.187 409.329 409.322 409.047 409.039 409.032 408.772 408.439 408.179 408.007 407.874 407.934 407.999 408.517 409.074 409.059 408.777 408.669 408.649 408.632 408.487 408.554 408.514 408.012 407.662 407.592 407.669 407.679 407.772 408.004 408.147 408.159 408.129 407.987 407.789 407.687 407.604 407.482 407.492 407.542 407.549 407.489 407.339 407.069 406.774 406.364 405.524 404.652 404.084 403.674 403.237 403.204 403.929 403.802 403.654 403.734 403.924 404.264 404.477 404.544 404.604 404.622 404.604 404.484 404.317
409.834 409.682 409.774 409.817 409.864 409.724 409.529 409.479 409.227 408.852 408.654 408.484 408.502 408.227 407.994 408.064 408.319 408.649 408.944 409.072 409.102 409.064 409.139 409.069 409.104 408.997 408.452 408.144 408.124 408.289 408.302 408.329 408.577 408.682 408.692 408.669 408.562 408.319 408.277 408.167 407.957 407.917 407.959 407.974 407.964 407.862 407.592 407.322 406.854 406.019 405.134 404.452 404.079 403.619 403.619 404.472 404.322 404.217 404.372 404.569 404.832 405.004 405.072 405.072 405.034 404.987 404.882 404.727
410.452 410.442 410.387 410.354 410.342 410.209 409.819 409.489 409.229 409.044 409.134 409.214 409.312 409.189 408.857 408.737 408.944 408.847 409.134 409.404 409.537 409.397 409.422 409.489 409.582 409.467 408.849 408.692 408.832 408.897 408.827 408.899 409.139 409.247 409.227 409.207 409.082 408.814 408.787 408.714 408.542 408.507 408.474 408.432 408.402 408.309 408.062 407.729 407.269 406.484 405.674 404.894 404.404 403.877 404.029 404.889 404.879 404.792 404.929 405.147 405.414 405.457 405.462 405.469 405.394 405.342 405.262 405.139
411.139 411.057 410.942 410.859 410.814 410.594 410.184 409.849 409.614 409.567 409.727 409.954 410.057 409.987 409.812 409.579 409.439 409.389 409.824 409.867 409.819 409.812 409.824 409.852 409.954 409.757 409.144 409.297 409.577 409.699 409.497 409.437 409.657 409.764 409.804 409.747 409.502 409.232 409.282 409.304 409.107 409.087 409.084 408.919 408.804 408.654 408.414 408.162 407.849 407.107 406.219 405.402 404.672 404.279 404.682 405.419 405.507 405.487 405.534 405.689 405.764 405.714 405.842 405.779 405.729 405.692 405.599 405.564
411.612 411.577 411.532 411.407 411.267 411.027 410.754 410.489 410.374 410.337 410.457 410.582 410.787 410.792 410.667 410.469 410.237 410.347 410.667 410.674 410.487 410.372 410.349 410.299 410.307 409.992 409.659 410.007 410.267 410.282 410.009 410.044 410.284 410.367 410.344 410.234 410.054 409.967 409.987 409.899 409.694 409.654 409.669 409.529 409.312 409.124 408.924 408.747 408.459 407.802 406.874 405.899 405.119 404.994 405.377 406.064 406.222 406.172 406.282 406.397 406.382 406.307 406.279 406.202 406.172 406.104 405.977 405.902
412.084 412.032 411.997 411.889 411.702 411.512 411.304 411.114 410.974 410.982 411.042 411.179 411.387 411.439 411.407 411.274 411.064 411.114 411.399 411.429 411.364 411.089 411.042 410.989 410.769 410.367 410.139 410.549 410.842 410.779 410.472 410.607 410.829 410.897 410.814 410.707 410.662 410.697 410.657 410.514 410.319 410.134 410.134 410.087 409.947 409.729 409.527 409.372 409.052 408.362 407.437 406.307 405.747 405.717 406.082 407.249 407.007 407.087 407.094 407.084 407.114 407.007 406.944 406.864 406.802 406.744 406.632 406.434
412.449 412.367 412.387 412.347 412.194 412.024 411.877 411.722 411.607 411.654 411.694 411.819 411.942 411.962 412.032 411.962 411.737 411.659 411.954 412.064 412.034 411.804 411.742 411.714 411.474 410.822 410.277 410.909 411.262 411.179 411.092 411.124 411.287 411.387 411.317 411.217 411.219 411.304 411.289 411.227 411.024 410.747 410.619 410.532 410.452 410.249 410.044 409.942 409.682 408.944 407.772 406.507 406.049 406.339 406.789 407.737 407.764 407.832 407.902 408.072 408.004 407.877 407.737 407.567 407.497 407.394 407.242 407.067
412.814 412.739 412.729 412.734 412.647 412.534 412.434 412.327 412.297 412.297 412.287 412.314 412.372 412.457 412.549 412.557 412.304 412.162 412.437 412.572 412.617 412.477 412.429 412.327 412.034 411.197 410.774 411.479 411.642 411.587 411.577 411.649 411.784 411.854 411.884 411.834 411.814 411.902 411.972 411.914 411.734 411.474 411.302 411.119 411.022 410.787 410.609 410.534 410.309 409.479 408.137 406.914 406.549 406.844 407.479 408.529 408.587 408.574 408.774 408.917 408.882 408.797 408.674 408.577 408.332 408.059 407.857 407.662
413.197 413.107 413.097 413.094 413.067 413.007 412.894 412.834 412.862 412.862 412.764 412.774 412.792 412.862 412.964 412.989 412.899 412.759 412.929 413.082 413.079 412.832 412.942 412.862 412.327 411.414 411.562 412.099 412.129 412.124 412.134 412.254 412.337 412.409 412.429 412.417 412.444 412.542 412.594 412.562 412.392 412.202 412.044 411.852 411.734 411.477 411.302 411.192 410.839 409.772 408.332 407.257 406.937 407.409 408.204 409.064 409.452 409.359 409.449 409.477 409.494 409.522 409.462 409.357 409.272 408.907 408.592 408.309
413.599 413.509 413.444 413.427 413.459 413.457 413.347 413.272 413.292 413.262 413.237 413.247 413.227 413.297 413.357 413.422 413.354 413.202 413.387 413.564 413.607 413.497 413.404 413.272 412.752 412.024 412.107 412.639 412.724 412.702 412.729 412.827 412.934 412.937 412.934 412.989 413.057 413.102 413.087 413.089 413.007 412.877 412.712 412.524 412.347 412.192 411.997 411.829 411.242 409.827 408.447 407.429 407.394 407.947 408.949 409.822 410.292 410.059 410.064 410.049 410.054 410.124 410.049 409.984 409.902 409.717 409.577 409.244
414.039 413.942 413.852 413.779 413.832 413.834 413.804 413.717 413.717 413.709 413.684 413.727 413.694 413.727 413.782 413.877 413.812 413.767 413.904 414.027 413.987 413.914 413.889 413.702 413.214 412.432 412.412 413.104 413.194 413.214 413.259 413.357 413.414 413.394 413.432 413.507 413.624 413.634 413.617 413.602 413.492 413.382 413.282 413.149 413.024 412.844 412.622 412.249 411.267 409.609 408.214 407.544 407.772 408.552 409.659 410.597 410.972 410.622 410.629 410.614 410.689 410.739 410.672 410.599 410.539 410.362 410.204 409.987
414.442 414.332 414.219 414.149 414.219 414.234 414.209 414.162 414.132 414.127 414.134 414.152 414.142 414.129 414.224 414.254 414.257 414.262 414.407 414.422 414.379 414.279 414.267 414.107 413.694 413.179 412.634 413.282 413.662 413.759 413.824 413.909 413.912 413.934 413.919 414.007 414.114 414.097 414.074 414.064 413.989 413.897 413.762 413.674 413.564 413.432 413.184 412.677 411.297 409.542 408.137 408.049 408.307 409.164 410.352 411.274 411.822 411.339 411.244 411.227 411.384 411.612 411.514 411.357 411.149 411.004 410.832 410.624
414.877 414.802 414.677 414.629 414.714 414.704 414.627 414.597 414.552 414.499 414.537 414.557 414.532 414.607 414.619 414.644 414.632 414.639 414.772 414.799 414.724 414.672 414.627 414.457 414.164 413.797 413.357 413.499 414.059 414.217 414.329 414.374 414.437 414.427 414.417 414.464 414.552 414.589 414.577 414.527 414.512 414.434 414.237 414.104 413.997 413.907 413.779 413.214 411.954 410.277 408.792 408.387 408.809 409.667 410.884 411.939 412.402 412.199 411.987 411.997 412.212 412.392 412.344 412.279 412.117 411.832 411.664 411.572
415.397 415.339 415.327 415.234 415.259 415.222 415.129 415.042 415.004 414.919 414.974 415.029 415.019 415.042 415.044 415.052 415.032 415.074 415.219 415.229 415.149 415.109 414.974 414.829 414.609 414.379 414.269 413.864 414.489 414.687 414.799 414.894 414.912 414.904 414.914 415.004 415.052 415.122 415.109 415.064 415.052 414.974 414.829 414.574 414.444 414.342 414.167 413.497 412.272 410.662 409.257 408.842 409.384 410.327 411.489 412.512 413.162 412.912 412.657 412.662 412.877 412.929 412.914 412.917 412.852 412.622 412.484 412.299
415.914 415.947 415.882 415.834 415.807 415.772 415.659 415.584 415.474 415.447 415.482 415.522 415.539 415.499 415.512 415.504 415.542 415.562 415.664 415.749 415.724 415.514 415.309 415.149 414.982 414.842 414.824 414.409 414.749 415.127 415.257 415.372 415.382 415.372 415.422 415.484 415.512 415.562 415.614 415.584 415.532 415.447 415.319 415.129 414.922 414.714 414.274 413.292 412.242 410.914 409.729 409.362 410.034 410.884 411.902 413.102 413.639 413.437 413.294 413.262 413.449 413.442 413.369 413.342 413.289 413.204 413.087 412.847
416.424 416.402 416.332 416.272 416.322 416.337 416.197 416.122 416.037 416.014 416.047 416.137 416.104 416.012 415.984 416.024 416.012 416.059 416.142 416.164 416.092 415.907 415.682 415.487 415.467 415.434 415.317 415.117 415.024 415.592 415.737 415.752 415.779 415.797 415.899 416.007 416.062 416.124 416.109 416.117 416.004 415.849 415.742 415.609 415.339 415.052 414.292 413.137 412.079 411.042 410.272 409.844 410.619 411.392 412.294 413.514 414.242 413.854 413.834 413.874 413.927 414.042 413.827 413.789 413.712 413.654 413.507 413.284
416.817 416.832 416.749 416.682 416.694 416.709 416.704 416.634 416.597 416.602 416.692 416.752 416.767 416.659 416.562 416.534 416.484 416.487 416.579 416.597 416.509 416.289 416.129 416.044 416.049 416.082 415.942 415.789 415.579 416.089 416.212 416.182 416.179 416.237 416.349 416.424 416.529 416.619 416.687 416.639 416.479 416.312 416.164 416.019 415.807 415.332 414.322 413.219 412.124 411.009 410.497 410.367 411.279 412.009 412.787 413.859 414.717 414.514 414.389 414.432 414.434 414.539 414.359 414.302 414.182 414.147 413.984 413.567
417.392 417.304 417.247 417.204 417.217 417.199 417.237 417.244 417.132 417.112 417.217 417.257 417.292 417.232 417.094 417.067 417.059 417.009 417.074 417.102 416.957 416.799 416.672 416.612 416.602 416.529 416.417 416.404 416.359 416.629 416.724 416.649 416.599 416.629 416.747 416.857 417.002 417.139 417.239 417.097 416.977 416.827 416.692 416.482 416.152 415.449 414.424 413.482 412.422 411.239 410.804 411.302 412.257 412.944 413.684 414.634 415.312 414.949 414.817 414.882 414.879 414.887 414.849 414.812 414.642 414.462 414.282 413.804
417.914 417.822 417.717 417.727 417.774 417.869 417.892 417.872 417.817 417.757 417.767 417.712 417.719 417.737 417.697 417.622 417.612 417.557 417.447 417.459 417.392 417.302 417.202 417.144 417.142 417.034 416.959 416.907 417.042 417.122 417.097 417.107 417.109 417.114 417.224 417.362 417.469 417.632 417.694 417.599 417.452 417.339 417.219 416.894 416.127 415.352 414.649 413.787 412.729 411.374 411.179 412.142 413.099 414.167 414.999 415.552 416.092 415.542 415.399 415.309 415.377 415.339 415.274 415.177 414.919 414.712 414.429 414.022
418.444 418.292 418.217 418.219 418.269 418.364 418.417 418.434 418.454 418.397 418.329 418.229 418.197 418.189 418.159 418.139 418.099 418.127 418.122 417.939 417.812 417.779 417.669 417.617 417.559 417.497 417.454 417.527 417.449 417.497 417.454 417.539 417.632 417.654 417.744 417.904 418.007 418.112 418.139 418.077 417.967 417.844 417.597 416.994 416.124 415.519 414.859 414.127 413.032 411.644 411.692 412.667 413.832 415.209 416.032 416.299 416.432 416.194 416.014 415.927 415.894 415.812 415.674 415.549 415.277 415.024 414.642 414.259
419.394 419.294 419.187 419.092 419.027 419.024 418.984 419.019 419.152 419.164 419.017 418.902 418.827 418.747 418.704 418.732 418.724 418.754 418.682 418.564 418.467 418.374 418.299 418.234 418.142 417.997 417.892 417.957 418.042 417.964 417.859 417.882 418.042 418.114 418.174 418.339 418.482 418.612 418.579 418.499 418.434 418.307 417.849 417.004 416.284 415.767 415.232 414.487 413.379 411.984 412.307 413.337 414.509 415.984 416.722 416.937 416.949 416.769 416.619 416.594 416.492 416.362 416.194 416.209 415.892 415.609 415.082 414.702
420.322 420.312 420.284 420.212 420.154 420.052 419.924 419.944 420.042 420.027 419.952 419.812 419.782 419.702 419.662 419.617 419.494 419.439 419.369 419.339 419.284 419.264 419.204 419.162 419.082 418.844 418.572 418.434 418.462 418.504 418.452 418.397 418.424 418.477 418.669 418.897 419.037 419.142 419.054 418.937 418.872 418.717 418.194 417.219 416.544 416.137 415.682 414.939 413.744 412.492 412.929 413.939 415.282 416.592 417.197 417.412 417.489 417.139 417.049 417.097 417.052 416.862 416.577 416.634 416.359 415.974 415.554 414.994
421.197 421.267 421.284 421.247 421.227 421.169 421.082 420.967 420.894 420.842 420.744 420.659 420.587 420.562 420.529 420.409 420.224 420.014 419.942 420.077 420.132 420.107 420.009 419.902 419.787 419.657 419.427 419.082 418.924 418.967 419.087 419.174 419.204 419.219 419.359 419.559 419.637 419.584 419.492 419.412 419.337 419.174 418.747 417.844 417.059 416.672 416.304 415.572 414.324 413.087 413.519 414.497 415.614 416.862 417.702 417.912 417.729 417.617 417.609 417.579 417.459 417.319 417.072 417.067 416.902 416.604 416.209 415.502
421.899 421.984 422.017 422.044 422.077 422.007 421.929 421.779 421.674 421.554 421.522 421.439 421.379 421.349 421.272 421.109 420.839 420.614 420.654 420.829 420.779 420.757 420.709 420.579 420.462 420.347 420.162 419.712 419.522 419.629 419.759 419.804 419.902 419.919 420.032 420.184 420.152 420.069 419.969 419.894 419.794 419.704 419.427 418.804 418.017 417.464 417.127 416.279 415.209 414.134 414.007 414.979 415.922 417.194 418.117 418.554 418.274 418.179 418.019 417.899 417.824 417.694 417.537 417.484 417.464 417.319 416.862 416.129
422.482 422.539 422.602 422.639 422.657 422.614 422.567 422.469 422.322 422.207 422.089 421.992 421.979 421.942 421.847 421.739 421.399 421.102 421.162 421.337 421.339 421.337 421.314 421.214 421.119 420.959 420.692 420.312 420.132 420.119 420.184 420.347 420.394 420.452 420.539 420.629 420.612 420.537 420.459 420.347 420.287 420.214 420.034 419.707 419.212 418.682 418.192 417.074 415.912 415.167 415.139 415.487 416.447 417.692 418.569 419.279 418.897 418.627 418.579 418.477 418.337 418.194 418.074 418.009 417.919 417.737 417.359 416.862
423.072 423.122 423.167 423.142 423.142 423.137 423.127 422.994 422.877 422.737 422.607 422.512 422.434 422.367 422.279 422.164 421.884 421.437 421.619 421.889 421.882 421.837 421.837 421.737 421.632 421.452 421.062 420.687 420.564 420.512 420.557 420.739 420.857 420.969 421.022 421.059 421.042 421.012 420.907 420.792 420.757 420.669 420.562 420.389 420.217 419.887 419.387 418.284 416.852 415.649 415.597 416.184 416.989 418.242 419.244 419.822 419.312 419.319 419.144 419.112 418.942 418.912 418.844 418.714 418.537 418.314 417.944 417.527
