20220701_namedtuples/mapdata/sd8578_DSM_2M.asc
ncols 500
nrows 500
xllcorner    385000
yllcorner    478000
cellsize     2
NODATA_value -9999
[rows 442 to 475 of 500, columns 308 to 384 of 500]
440.163 439.92 439.75 439.618 439.45 439.233 439.045 438.853 438.698 438.615 438.4 438.165 437.963 437.645 437.405 437.168 436.938 436.758 436.473 436.198 435.915 435.518 435.155 434.838 434.32 433.69 433.215 432.8 432.343 431.755 431.203 430.768 430.335 429.993 429.56 428.763 428.18 427.208 426.64 426.315 426.235 426.025 425.788 425.51 425.308 425.908 427.735 427.738 426.778 425.828 425.845 425.828 425.965 426.058 426.35 426.738 427.28 428 428.57 428.983 429.18 429.333 429.438 429.613 429.915 429.958 429.77 429.678 429.77 429.785 429.888 430.04 430.185 430.368 430.443 430.39 430.493
439.673 439.433 439.268 439.13 438.925 438.748 438.588 438.44 438.373 438.198 437.92 437.693 437.533 437.235 437 436.778 436.618 436.39 436.095 435.768 435.418 434.938 434.39 433.97 433.658 433.215 432.593 432.11 431.698 431.025 430.67 430.34 429.83 429.425 428.95 428.153 427.263 426.338 425.985 425.858 425.87 425.595 425.428 425.433 425.248 424.638 426.493 427.845 427.53 426.378 425.488 425.693 425.9 426.223 426.663 426.983 427.203 427.638 428.15 428.568 428.688 428.808 429.025 429.383 429.603 429.535 429.44 429.378 429.435 429.55 429.648 429.72 429.813 429.953 430.028 429.965 430.015
439.22 439.013 438.778 438.583 438.428 438.293 438.233 438.078 437.888 437.705 437.49 437.315 437.098 436.813 436.635 436.403 436.168 435.928 435.648 435.398 435.085 434.433 433.735 433.213 433.048 432.95 432.4 431.768 431.048 430.428 430.063 429.76 429.185 428.603 428.003 427.328 426.753 425.71 425.488 425.44 425.08 425.05 425.458 425.835 425.78 424.398 425.245 427.075 427.845 426.265 425.57 425.498 425.683 425.898 426.41 426.965 427.328 427.663 427.958 428.048 428.29 428.558 428.808 429.02 429.123 429.158 429.143 429.24 429.22 429.348 429.5 429.545 429.535 429.528 429.53 429.525 429.595
438.785 438.608 438.403 438.188 438.01 437.895 437.795 437.69 437.503 437.283 437.138 436.918 436.573 436.198 435.955 435.773 435.663 435.488 435.273 435.01 434.738 434.198 433.43 432.92 432.81 432.69 432.195 431.435 430.68 429.96 429.393 428.995 428.493 427.935 427.108 426.288 425.58 425.233 424.913 424.788 424.408 424.33 426.375 427.365 427.825 426.798 424.278 424.953 426.185 424.803 425.073 425.47 425.568 425.65 426 426.7 427.153 427.523 427.75 427.945 428.155 428.32 428.465 428.643 428.915 429.06 429.038 429.048 429.043 429.205 429.275 429.228 429.228 429.105 429.048 429.168 429.258
438.425 438.273 438.003 437.81 437.61 437.478 437.32 437.178 437.145 436.945 436.76 436.385 435.95 435.49 435.143 434.975 434.923 434.943 434.798 434.435 434.153 433.76 433.348 432.91 432.588 432.383 431.855 431.225 430.528 429.593 428.683 428.103 427.555 427.165 426.108 424.775 424.463 424.65 424.3 424.133 423.75 425.213 427.513 428.103 429.068 428.148 424.155 424.383 424.5 424.57 424.7 425.36 425.463 425.61 425.83 426.415 426.845 427.093 427.523 427.665 427.81 427.98 428.14 428.345 428.528 428.745 428.813 428.66 428.72 428.918 428.933 428.818 428.853 428.693 428.628 428.77 428.875
438.065 437.913 437.63 437.475 437.33 437.208 437.04 436.913 436.75 436.573 436.308 435.885 435.428 434.983 434.593 434.333 434.24 434.315 434.21 433.813 433.37 433.12 432.893 432.638 432.29 431.895 431.118 430.573 430.543 429.093 428.045 427.438 426.768 425.78 424.603 424.138 423.985 424.145 424 424.583 426.033 428.663 429.225 429.303 428.77 427.573 424.24 423.758 424.368 424.488 424.565 424.955 425.525 425.6 425.46 425.918 426.3 426.645 427.04 427.36 427.523 427.683 427.845 428.02 428.11 428.265 428.353 428.438 428.483 428.57 428.488 428.488 428.538 428.318 428.265 428.298 428.405
437.758 437.513 437.255 437.118 437.103 436.935 436.708 436.553 436.418 436.168 435.93 435.493 434.99 434.568 434.18 433.858 433.733 433.715 433.628 433.328 432.628 432.428 432.303 432.138 431.875 431.263 430.503 430.088 429.563 428.998 427.363 426.653 426.183 424.695 423.718 423.323 423.068 423.173 424.183 428.39 428.978 429.463 429.365 428.765 427.058 424.563 423.43 423.825 424.258 424.333 424.468 424.628 424.865 425.158 425.285 425.4 425.798 426.225 426.49 426.765 427.073 427.288 427.575 427.585 427.42 427.915 427.993 428.06 428.188 428.138 427.938 428.033 428.16 427.963 427.885 427.813 427.833
437.293 436.995 436.77 436.618 436.563 436.465 436.393 436.23 436.025 435.708 435.41 435.035 434.585 434.235 433.798 433.615 433.32 433.098 433.025 432.958 432.54 432.228 431.825 431.58 431.103 430.43 429.895 429.373 428.82 428.683 427.088 426.055 425.25 424.135 423.553 423.465 422.763 423.393 426.048 428.403 429.458 429.02 428.208 426.02 423.353 423.418 423.85 423.888 423.918 424.133 424.335 424.538 424.753 425.518 425.355 425.38 425.53 425.728 425.963 426.178 426.423 426.768 426.993 426.898 426.87 427.23 427.6 427.698 427.735 427.715 427.54 427.64 427.75 427.593 427.548 427.425 427.335
436.828 436.465 436.055 435.858 435.8 435.87 435.923 435.75 435.4 435.075 434.678 434.363 434.073 433.733 433.443 433.293 432.99 432.835 432.655 432.508 432.3 431.88 431.32 430.878 430.195 429.603 429.13 428.63 428.228 427.733 427.123 425.7 424.83 424.033 423.513 423.493 422.875 424.858 425.293 426.368 428.158 426.165 425.55 423.298 423.058 423.385 423.39 423.42 423.688 423.943 424.06 424.803 425.02 425.313 425.785 425.533 425.595 425.708 425.868 426.045 426.215 426.385 426.523 426.663 426.743 426.838 427.118 427.225 427.313 427.29 427.175 427.268 427.4 427.28 427.228 427.135 426.925
436.26 435.748 435.28 435 435.058 435.143 435.348 435.255 434.94 434.513 434.13 433.773 433.485 433.203 432.94 432.818 432.533 432.433 432.285 431.97 431.815 431.443 430.748 430.153 429.613 429.063 428.515 427.95 427.473 427.025 426.553 425.463 424.403 423.865 423 423.133 422.988 423.373 425.188 424.43 424.095 423.028 423.065 422.913 422.91 422.753 422.933 423.22 423.515 423.955 424.125 424.665 424.64 424.755 425.173 426 425.798 425.853 425.818 426.02 426.145 426.288 426.388 426.53 426.658 426.708 426.728 426.735 426.735 426.735 426.718 426.67 426.753 426.758 426.703 426.69 426.493
435.648 435.008 434.495 434.238 434.465 434.575 434.848 434.815 434.505 433.993 433.615 433.195 432.823 432.563 432.508 432.37 432.163 432.098 431.873 431.653 431.338 430.848 430.21 429.535 429.088 428.458 427.928 427.35 426.73 426.17 425.463 425.11 423.863 423.188 422.69 422.51 422.423 422.663 422.84 422.065 422.393 422.71 422.525 422.283 422.428 422.585 422.915 423.325 423.583 424.153 424.038 424.105 424.235 424.35 424.73 425.09 425.915 425.808 425.6 425.715 425.84 426.015 426.118 426.213 426.373 426.578 426.63 426.72 426.725 426.573 426.485 426.39 426.365 426.265 426.13 426.018 425.973
435.135 434.353 433.795 433.85 434.053 434.218 434.36 434.315 433.99 433.578 433.073 432.588 432.295 432.125 432.12 432.025 431.918 431.565 431.398 431.28 430.935 430.443 429.965 429.2 428.598 427.945 427.26 426.598 425.833 425.148 424.69 424.483 423.593 422.853 422.618 422.458 422.36 422.453 422.155 421.975 421.95 422.043 422.103 422.145 422.288 422.39 422.668 423.26 423.303 423.628 423.83 423.993 424.118 424.2 424.308 424.67 424.99 425.45 425.57 425.583 425.428 425.538 425.69 425.87 426.083 426.28 426.273 426.278 426.45 426.323 426.255 426.22 426.338 426.18 426.148 426.013 425.818
434.625 434.005 433.455 433.315 433.535 433.735 433.76 433.593 433.353 433.075 432.71 432.315 432.098 431.93 431.773 431.688 431.508 431.073 430.818 430.708 430.368 430.015 429.583 428.92 428.225 427.573 426.698 425.795 425.023 424.475 424.018 423.645 423.765 422.775 422.628 422.695 423.268 422.338 422.033 422.03 422.03 421.9 421.943 422.02 422.27 422.705 422.218 422.378 422.858 423.215 423.42 423.848 424.053 424.123 424.115 424.323 424.478 424.755 425.015 425.205 425.265 425.32 425.348 425.718 425.893 425.955 425.96 425.893 425.785 425.718 425.63 425.7 425.818 425.728 425.693 425.603 425.513
433.92 433.558 433.233 432.97 433.013 433.023 432.933 432.773 432.545 432.415 432.27 432.055 431.878 431.665 431.388 431.3 431.108 430.695 430.303 430.103 429.858 429.513 429.05 428.49 427.89 427.128 426.123 425.18 424.638 424.118 423.675 423.328 423.078 422.803 422.75 422.533 423.115 422.27 422.12 421.428 421.32 422.048 421.883 421.975 421.278 421.18 421.498 421.868 422.345 422.798 423.198 423.405 423.838 423.995 423.998 424.023 424.133 424.3 424.515 424.793 425.125 425.163 425.178 425.398 425.645 425.66 425.695 425.56 425.295 425.223 425.348 425.255 425.238 425.203 425.075 425.02 424.938
433.24 433.038 433.04 433.008 432.825 432.575 432.373 432.165 431.933 431.918 431.828 431.673 431.44 431.243 430.958 430.823 430.615 430.185 429.75 429.49 429.305 428.858 428.42 427.915 427.258 426.445 425.505 424.775 424.33 424.453 424.065 423.49 423.528 424.368 422.998 422.675 422.783 422.283 422.31 421.8 421.195 421.333 420.688 420.09 419.993 420.46 420.923 421.388 421.858 422.343 422.953 423.13 423.368 423.785 423.87 423.893 423.9 423.995 424.155 424.37 424.565 424.79 424.988 425.063 425.153 425.273 425.268 425.163 424.985 425 425.075 425.095 424.843 424.768 424.693 424.673 424.545
432.73 432.643 432.588 432.64 432.57 432.368 432.085 431.855 431.75 431.643 431.423 431.228 430.945 430.783 430.57 430.445 430.055 429.705 429.335 429.018 428.6 428.075 427.585 427.068 426.388 425.603 424.853 424.425 424.765 424.51 423.8 423.06 422.895 423.3 424.998 422.535 422.425 422.343 422.38 421.81 421.533 420.245 419.913 419.503 419.32 419.628 420.31 420.885 421.448 422.71 423.073 422.75 423.005 423.313 423.665 423.803 423.815 423.79 423.898 424.015 424.083 424.273 424.505 424.698 424.773 424.79 424.705 424.673 424.595 424.59 424.64 424.638 424.56 424.47 424.458 424.33 424.218
432.268 432.255 432.32 432.375 432.253 432.015 431.838 431.618 431.465 431.253 430.99 430.81 430.553 430.298 430.06 429.818 429.548 429.233 428.838 428.418 427.875 427.245 426.743 426.183 425.705 425.018 424.483 424.253 424.48 424.203 423.063 422.388 422.595 422.93 425.15 423.603 422.398 422.428 422.388 421.273 420.11 419.58 419.033 418.95 418.803 418.928 419.608 420.433 421.11 421.628 422.015 422.32 422.588 422.825 423.078 423.36 423.388 423.28 423.445 423.828 423.97 423.953 423.978 424.19 424.328 424.39 424.38 424.263 424.19 424.11 424.17 424.223 424.283 424.145 424.033 423.94 423.86
431.998 432.005 432.08 432.003 431.858 431.605 431.408 431.168 431.035 430.805 430.535 430.203 429.99 429.735 429.528 429.305 429.055 428.725 428.253 427.82 427.318 426.688 426.043 425.493 424.99 424.538 424.325 424.368 423.178 424.078 422.745 422.525 423.283 423.173 422.29 422.403 422.535 422.093 421.21 420.533 420.028 419.423 418.588 418.45 418.39 418.325 418.92 419.893 420.59 421.138 421.605 421.925 422.135 422.373 422.485 422.783 423.043 422.928 423.173 423.445 423.723 423.665 423.68 423.718 423.838 424.015 424.01 423.878 423.885 423.713 423.618 423.81 423.828 423.783 423.675 423.615 423.448
431.705 431.695 431.745 431.673 431.468 431.258 431.018 430.623 430.503 430.353 429.998 429.715 429.428 429.185 429.02 428.843 428.495 428.128 427.768 427.335 426.89 426.14 425.325 424.72 424.375 424.245 425.255 424.13 422.57 422.633 424.555 422.763 423.38 422.42 422.198 422.46 422.068 421.2 420.755 420.325 420.053 419.535 418.77 418.135 418.045 418.008 418.305 419.213 420.108 420.805 421.165 421.425 421.83 422.113 422.06 422.148 422.633 422.873 423.088 423.22 423.25 423.33 423.38 423.368 423.405 423.385 423.505 423.613 423.41 423.29 423.405 423.485 423.413 423.403 423.225 423.228 423.093
431.298 431.243 431.31 431.223 431.018 430.84 430.663 429.845 429.728 429.79 429.553 429.255 429.003 428.858 428.685 428.288 428.035 427.568 427.105 426.673 426.075 425.413 424.805 424.455 424.39 423.868 423.838 424.75 422.94 424.118 423.643 422.275 422.193 422.153 422.06 421.335 421.133 420.818 420.483 420.21 419.94 419.398 418.733 418.228 417.82 417.668 418.005 418.743 419.725 420.435 420.695 420.953 421.445 421.768 421.905 421.998 422.415 422.615 422.778 422.848 422.833 422.973 422.895 422.973 423.095 423.218 423.178 423.285 423.02 422.935 422.995 423.053 422.985 422.965 422.883 422.79 422.648
430.88 430.798 430.855 430.598 430.51 430.315 430.013 429.543 429.223 429.288 429.075 428.845 428.633 428.435 428.118 427.795 427.408 426.963 426.508 425.95 425.383 424.91 424.608 424.698 424.355 423.348 422.968 423.82 423.77 422.37 422.203 422.085 421.908 421.595 421.343 420.953 420.563 420.33 420.175 419.99 419.698 419.215 418.703 418.22 417.785 417.453 417.705 418.378 419.36 419.97 420.47 420.808 421.153 421.595 421.785 421.738 422.108 422.128 422.368 422.578 422.513 422.6 422.448 422.5 422.743 422.66 422.688 422.78 422.873 422.598 422.56 422.715 422.558 422.543 422.435 422.323 422.215
430.565 430.535 430.445 430.085 429.91 429.803 429.563 429.398 429.123 428.865 428.608 428.275 428.038 427.943 427.66 427.15 426.75 426.223 425.72 425.453 424.898 424.708 424.66 424.623 423.545 423.615 423.498 422.705 422.733 422.21 421.975 421.813 421.555 421.145 420.83 420.433 420.078 419.943 419.84 419.65 419.445 419.053 418.618 418.183 417.618 417.245 417.378 418.008 418.813 419.585 420.295 420.558 420.875 421.338 421.255 421.423 421.685 421.685 421.95 422.103 422.35 422.335 422.153 422.013 422.173 422.28 422.305 422.188 422.363 422.598 422.188 422.213 422.195 422.09 422.03 421.928 421.8
430.273 430.063 429.925 429.648 429.385 429.343 429.14 428.898 428.66 428.358 428.08 427.773 427.57 427.398 427.018 426.515 426.038 425.683 425.373 424.82 424.733 424.813 424.015 423.638 423.983 423.043 422.965 422.918 422.425 421.923 421.588 421.395 421.285 420.885 420.6 420.313 419.723 419.558 419.5 419.363 419.15 418.805 418.415 418.033 417.508 417.143 417.183 417.653 418.33 419.255 420.065 420.385 420.57 421.135 420.98 420.99 421.185 421.395 421.59 421.775 421.785 421.715 421.67 421.643 421.675 421.855 421.84 421.843 421.853 421.873 421.778 421.65 421.728 421.595 421.6 421.563 421.468
429.648 429.308 429.228 429.195 428.883 428.765 428.598 428.41 428.225 427.863 427.593 427.315 427.028 426.733 426.223 425.945 425.505 425.028 424.683 424.66 424.555 423.945 423.345 423.013 422.948 422.463 422.145 421.903 421.845 421.673 421.29 421.138 421.12 420.865 420.378 419.708 419.398 419.25 419.185 419.105 418.955 418.568 418.208 417.925 417.418 416.87 417.108 417.283 417.845 418.868 419.655 420.068 420.348 420.743 420.843 420.783 420.925 420.998 421.238 421.245 421.318 421.298 421.3 421.225 421.19 421.325 421.405 421.38 421.343 421.18 421.675 421.235 421.113 421.083 421.03 421.01 420.943
429.22 428.778 428.663 428.57 428.385 428.213 428.045 427.775 427.533 427.303 427.025 426.678 426.348 426.113 425.698 425.155 424.795 424.725 424.825 424.203 423.528 423.068 422.693 422.623 422.39 422.103 421.748 421.44 421.34 421.385 421.27 420.993 420.483 419.845 419.675 419.533 419.153 419.015 418.943 418.835 418.695 418.38 418.108 417.86 417.135 416.528 416.775 416.953 417.425 418.485 419.395 419.703 420.02 420.28 421.075 420.858 420.61 420.583 420.653 420.608 420.668 420.725 420.77 420.88 420.833 420.858 420.918 420.923 420.87 420.948 421.28 420.743 420.633 420.715 420.62 420.593 420.5
428.79 428.548 428.345 428.093 427.923 427.633 427.455 427.175 426.885 426.69 426.38 426.033 425.663 425.338 424.988 424.778 424.795 424.61 424 423.32 422.83 422.545 422.348 422.228 422.05 421.843 421.485 421.238 421.07 420.99 420.693 420.2 419.908 419.588 419.465 419.218 419.003 418.83 418.715 418.633 418.49 418.313 418.1 417.618 416.82 416.35 416.538 416.718 417.053 418.163 418.985 419.343 419.648 419.883 420.698 420.785 420.428 420.218 420.205 420.183 420.235 420.323 420.29 420.388 420.56 420.553 420.523 420.495 420.448 420.453 420.468 420.643 420.238 420.178 420.215 420.125 420.018
428.283 427.993 427.86 427.58 427.333 427.103 426.905 426.7 426.445 426.03 425.583 425.318 425.073 424.945 424.955 424.808 424.305 423.645 423.018 422.64 422.45 422.26 422.063 421.94 421.805 421.645 421.318 421.06 420.808 420.653 420.32 420.01 419.828 419.595 419.273 419.048 418.753 418.723 418.543 418.515 418.428 418.283 417.873 417.328 416.703 416.145 416.328 416.483 416.8 417.83 418.725 419.158 419.435 419.58 420.32 420.19 420.285 419.85 419.86 419.918 419.955 419.908 419.938 420.043 420.165 420.153 420.078 419.978 420.005 420.018 420.04 420.263 419.815 419.808 419.71 419.683 419.585
427.658 427.39 427.25 427.003 426.798 426.665 426.585 426.288 425.77 425.368 425.083 424.948 425.135 424.898 424.55 424.15 423.44 422.963 422.605 422.373 422.183 421.963 421.768 421.628 421.48 421.255 420.928 420.675 420.555 420.353 420.155 420.01 419.908 419.735 419.325 418.91 418.583 418.383 418.315 418.273 418.253 417.95 417.513 417.153 416.458 416.055 415.983 416.32 416.515 417.435 418.35 418.788 419.155 419.318 419.765 419.858 419.495 419.413 419.475 419.575 419.595 419.545 419.623 419.728 419.73 419.65 419.603 419.513 419.583 419.595 419.538 419.755 419.428 419.363 419.28 419.17 419.095
427.115 426.938 426.808 426.628 426.438 426.198 425.855 425.525 425.37 425.333 425.013 424.84 424.645 424.043 423.57 423.253 422.875 422.533 422.288 422.058 421.828 421.82 421.603 421.343 421.105 420.855 420.623 420.433 420.463 420.303 420.098 420.03 419.88 419.68 419.335 419.005 418.698 418.293 418.155 417.968 417.858 417.46 417.083 416.92 416.258 415.903 415.798 416.063 416.42 417.13 418.028 418.498 418.798 419.085 419.085 418.858 418.925 418.945 418.983 419.125 419.213 419.268 419.298 419.285 419.258 419.2 419.273 419.15 419.078 419.07 419.02 419.055 419.048 418.818 418.925 418.768 418.635
426.823 426.66 426.483 426.248 425.855 425.575 425.47 425.435 425.525 425.275 424.823 424.383 423.973 423.403 422.985 422.71 422.488 422.23 421.963 421.835 421.608 421.443 421.24 420.97 420.853 420.703 420.575 420.38 420.335 420.238 420.128 419.983 419.848 419.655 419.343 419.03 418.74 418.31 418.028 417.813 417.558 417.23 416.775 416.6 415.955 415.828 415.758 415.93 416.34 417.16 417.933 418.265 418.483 418.548 418.705 418.54 418.538 418.545 418.675 418.743 418.815 418.913 418.86 418.83 418.76 418.625 418.62 418.553 418.558 418.54 418.533 418.503 418.87 418.578 418.36 418.263 418.168
426.455 426.215 425.885 425.68 425.648 425.74 425.768 425.44 425.133 424.828 424.53 424.18 423.653 423.09 422.733 422.378 422.173 421.933 421.6 421.41 421.39 421.195 421.005 420.895 420.858 420.74 420.588 420.473 420.228 420.155 419.995 419.97 419.855 419.585 419.408 419.07 418.69 418.228 417.92 417.743 417.328 416.945 416.635 416.435 415.95 415.603 415.608 415.795 416.413 417.29 417.74 418.023 418.125 418.23 418.273 418.228 418.2 418.273 418.223 418.293 418.448 418.345 418.23 418.193 418.24 418.258 418.148 418.128 418.243 418.15 418.035 418 418.338 418.12 417.855 417.798 417.69
425.88 425.853 426.053 426.053 425.848 425.495 425.178 424.95 424.713 424.485 424.248 423.95 423.445 423.018 422.658 422.233 421.923 421.58 421.298 421.15 421.135 421.04 420.968 420.87 420.823 420.685 420.543 420.435 420.198 420.135 420.013 419.88 419.75 419.485 419.288 418.898 418.645 418.273 417.868 417.42 417.148 416.928 416.455 416.188 415.673 415.238 415.535 415.59 416.218 417.293 417.523 417.63 417.785 417.775 417.793 417.85 417.848 417.84 417.76 417.895 417.875 417.703 417.713 417.775 417.838 417.798 417.783 417.69 417.758 417.823 417.688 417.645 417.643 417.673 417.455 417.363 417.288
425.973 426.033 425.72 425.438 425.118 424.91 424.755 424.615 424.428 424.255 423.903 423.585 423.203 422.758 422.405 422.31 421.73 421.423 421.3 421.163 421.14 421.048 421.05 420.853 420.763 420.665 420.573 420.44 420.323 420.148 419.968 419.795 419.63 419.448 419.295 419.035 418.66 418.25 417.798 417.363 416.95 416.588 416.215 415.953 415.433 415.183 415.333 415.343 415.95 417.123 417.438 417.543 417.563 417.443 417.433 417.523 417.538 417.563 417.428 417.47 417.568 417.375 417.395 417.375 417.41 417.453 417.375 417.21 417.263 417.305 417.183 417.183 417.1 417.28 417.098 417.023 416.973
425.448 425.503 425.345 425.103 424.825 424.615 424.44 424.213 424.115 423.793 423.605 423.288 422.843 422.488 422.258 421.865 421.34 421.313 421.233 421.168 421.083 420.928 420.86 420.783 420.695 420.615 420.528 420.313 420.238 420.1 419.913 419.778 419.67 419.563 419.315 419.21 418.843 418.463 418.065 417.578 417.045 416.518 416.168 415.805 415.298 414.955 415.008 415.11 415.865 416.995 417.15 417.258 417.203 417.17 417.215 417.218 417.18 417.2 417.255 417.108 417.04 417.048 416.888 416.933 416.833 416.905 416.778 416.715 416.77 416.82 416.693 416.648 416.673 416.868 416.703 416.608 416.573
