20220701_namedtuples/mapdata/sd8575_DSM_2M.asc
ncols 500
nrows 500
xllcorner    385000
yllcorner    475000
cellsize     2
NODATA_value -9999
[rows 306 to 339 of 500, columns 0 to 75 of 500]
663.048 663.02 662.988 662.928 662.813 662.748 662.735 663.165 663.525 663.055 662.483 662.785 662.865 662.8 662.65 662.745 663.005 663.07 663.123 663.17 662.9 663.115 663.185 663.148 663.073 663.048 662.993 663.025 662.903 662.813 662.72 662.425 662.315 662.23 662.045 661.81 661.583 661.418 661.03 660.713 660.755 661.03 661.105 661.203 661.015 660.818 660.668 660.588 660.348 660.23 660.123 659.915 659.575 659.405 659.405 659.475 -9999 -9999 -9999 -9999 -9999 -9999 -9999 -9999 -9999 -9999 -9999 -9999 -9999 -9999 -9999 -9999 -9999 -9999 -9999 -9999
663.438 663.423 663.268 663.215 663.055 662.968 662.993 663.51 663.808 663.308 662.623 663.01 663.15 663.09 662.885 662.953 663.155 663.3 663.448 663.488 663.333 663.388 663.44 663.38 663.253 663.233 663.185 663.218 663.143 663.04 662.91 662.793 662.493 662.285 662.163 661.93 661.785 661.6 661.248 660.923 660.985 661.168 661.165 661.14 661.058 660.953 660.77 660.585 660.475 660.358 660.238 660.038 659.825 659.655 659.615 659.598 -9999 -9999 -9999 -9999 -9999 -9999 -9999 -9999 -9999 -9999 -9999 -9999 -9999 -9999 -9999 -9999 -9999 -9999 -9999 -9999
663.648 663.713 663.61 663.53 663.353 663.178 663.233 663.735 663.985 663.405 662.795 662.98 663.403 663.308 663.188 663.375 663.448 663.533 663.6 663.613 663.665 663.74 663.683 663.68 663.588 663.498 663.37 663.365 663.315 663.243 663.1 662.933 662.798 662.66 662.518 662.255 661.983 661.893 661.558 661.368 661.308 661.325 661.288 661.223 661.148 660.988 660.828 660.625 660.508 660.418 660.308 660.065 660.073 660.088 659.988 659.868 659.733 -9999 -9999 -9999 -9999 -9999 -9999 -9999 -9999 -9999 -9999 -9999 -9999 -9999 -9999 -9999 -9999 -9999 -9999 -9999
663.763 663.963 663.848 663.76 663.603 663.448 663.538 663.94 664.198 663.63 663.225 663.17 663.465 663.773 663.73 663.75 663.798 663.883 663.728 663.838 663.893 663.898 663.913 663.935 663.805 663.71 663.65 663.578 663.455 663.41 663.28 663.14 662.905 662.858 662.635 662.503 662.368 662.26 661.955 661.753 661.553 661.435 661.375 661.34 661.285 661.11 661.005 660.783 660.593 660.61 660.45 660.248 660.293 660.22 660.168 660.058 659.925 -9999 -9999 -9999 -9999 -9999 -9999 -9999 -9999 -9999 -9999 -9999 -9999 -9999 -9999 -9999 -9999 -9999 -9999 -9999
663.863 664.008 664.008 663.983 664.01 663.735 663.76 664.24 664.408 663.985 663.91 663.933 663.558 664.028 664.035 663.948 664.055 664.065 664.093 664.12 664.185 664.16 664.17 664.123 664.065 663.943 663.873 663.773 663.628 663.51 663.413 663.28 663.068 662.865 662.678 662.6 662.58 662.485 662.253 662.018 661.765 661.595 661.528 661.408 661.345 661.275 661.188 661.035 660.843 660.793 660.6 660.413 660.473 660.395 660.31 660.203 660.038 659.874 -9999 -9999 -9999 -9999 -9999 -9999 -9999 -9999 -9999 -9999 -9999 -9999 -9999 -9999 -9999 -9999 -9999 -9999
664.225 664.383 664.29 664.235 664.425 664.023 664.105 664.63 664.61 664.365 664.368 664.275 663.79 664.16 664.285 664.235 664.203 664.198 664.348 664.418 664.425 664.42 664.428 664.338 664.285 664.168 664.07 664.008 663.86 663.715 663.583 663.463 663.22 662.845 662.568 662.565 662.748 662.718 662.555 662.34 662.135 662.003 661.845 661.643 661.47 661.443 661.34 661.283 661.123 660.965 660.828 660.635 660.63 660.533 660.363 660.373 660.165 659.93 -9999 -9999 -9999 -9999 -9999 -9999 -9999 -9999 -9999 -9999 -9999 -9999 -9999 -9999 -9999 -9999 -9999 -9999
664.878 664.94 664.575 664.485 664.808 664.415 664.478 664.975 664.838 664.678 664.655 664.43 664.02 664.125 664.375 664.543 664.618 664.565 664.618 664.643 664.653 664.65 664.705 664.6 664.498 664.36 664.365 664.215 664.043 663.893 663.77 663.565 663.203 662.828 662.663 662.688 663.013 662.943 662.915 662.595 662.46 662.313 662.155 661.9 661.718 661.62 661.488 661.45 661.395 661.178 660.988 660.873 660.79 660.685 660.355 660.435 660.288 660.04 660.037 -9999 -9999 -9999 -9999 -9999 -9999 -9999 -9999 -9999 -9999 -9999 -9999 -9999 -9999 -9999 -9999 -9999
665.318 665.183 664.875 664.835 665.183 664.925 665.168 665.26 665.045 664.92 664.748 664.433 664.22 664.283 664.645 664.758 664.868 664.91 664.82 664.853 664.865 664.815 664.805 664.795 664.638 664.573 664.49 664.358 664.208 664.023 663.84 663.643 663.355 663.028 662.768 662.905 663.138 663.063 662.945 662.813 662.725 662.455 662.203 662.018 661.93 661.815 661.69 661.608 661.528 661.378 661.208 661.088 660.953 660.89 660.748 660.7 660.598 660.39 660.215 -9999 -9999 -9999 -9999 -9999 -9999 -9999 -9999 -9999 -9999 -9999 -9999 -9999 -9999 -9999 -9999 -9999
665.573 665.44 665.355 665.2 665.358 665.575 665.603 665.473 665.223 665.093 664.685 664.62 664.425 664.383 664.605 664.975 664.988 665.013 665.05 665.003 665.008 664.95 664.923 664.903 664.78 664.66 664.603 664.468 664.355 664.095 663.883 663.663 663.378 663.303 663.215 663.315 663.088 662.978 662.798 662.78 662.79 662.478 662.208 662.135 662.075 661.96 661.868 661.775 661.695 661.57 661.363 661.293 661.3 661.253 661.09 660.925 660.798 660.68 660.44 -9999 -9999 -9999 -9999 -9999 -9999 -9999 -9999 -9999 -9999 -9999 -9999 -9999 -9999 -9999 -9999 -9999
665.85 665.81 665.745 665.778 665.658 665.84 665.773 665.588 665.565 665.373 664.875 665.08 664.818 664.698 664.745 665.178 665.113 665.15 665.223 665.225 665.155 665.078 664.983 664.958 664.883 664.768 664.725 664.56 664.475 664.255 663.86 663.573 663.738 663.695 663.525 663.41 663.115 662.903 662.848 662.933 662.83 662.463 662.253 662.195 662.058 662.038 661.963 661.963 661.87 661.718 661.553 661.493 661.468 661.365 661.293 661.213 661.073 660.893 660.71 660.45 -9999 -9999 -9999 -9999 -9999 -9999 -9999 -9999 -9999 -9999 -9999 -9999 -9999 -9999 -9999 -9999
666.15 666.043 666.018 666.113 666.055 666.028 665.93 665.78 665.815 665.413 665.133 665.35 665.21 664.99 665.228 665.363 665.288 665.38 665.445 665.39 665.34 665.28 665.1 665.023 664.945 664.795 664.788 664.675 664.52 664.298 663.96 663.928 663.988 663.91 663.608 663.323 663.065 663.143 663.29 663.128 662.918 662.568 662.413 662.333 662.26 662.215 662.268 662.238 662.215 661.97 661.888 661.863 661.588 661.36 661.393 661.368 661.225 661.05 660.915 660.655 -9999 -9999 -9999 -9999 -9999 -9999 -9999 -9999 -9999 -9999 -9999 -9999 -9999 -9999 -9999 -9999
666.36 666.38 666.225 666.31 666.288 666.178 665.923 665.99 665.835 665.328 665.34 665.535 665.478 665.18 665.483 665.59 665.66 665.635 665.608 665.59 665.515 665.545 665.373 665.145 664.983 664.895 664.843 664.633 664.398 664.488 664.263 664.188 664.153 664.063 663.57 663.378 663.175 663.113 663.43 663.2 663.013 662.708 662.59 662.528 662.518 662.485 662.535 662.57 662.493 662.138 661.988 661.965 661.893 661.753 661.633 661.238 661.14 661.2 661.123 660.898 660.718 -9999 -9999 -9999 -9999 -9999 -9999 -9999 -9999 -9999 -9999 -9999 -9999 -9999 -9999 -9999
666.505 666.535 666.408 666.37 666.288 666.275 666.08 666.045 665.883 665.645 665.723 665.833 665.595 665.358 665.835 665.858 665.813 665.765 665.785 665.758 665.708 665.69 665.505 665.303 665.195 665.09 664.995 664.728 664.515 664.715 664.45 664.278 664.22 664.158 663.808 663.483 663.365 663.26 663.448 663.34 663.12 662.898 662.74 662.7 662.688 662.758 662.808 662.685 662.603 662.168 661.878 662.03 662.133 662.005 661.813 661.595 661.325 661.265 661.233 661.065 660.908 -9999 -9999 -9999 -9999 -9999 -9999 -9999 -9999 -9999 -9999 -9999 -9999 -9999 -9999 -9999
666.648 666.68 666.635 666.565 666.425 666.32 666.155 666.088 666.068 665.965 665.935 665.935 665.645 665.528 665.935 666.02 665.945 665.91 665.918 665.905 665.8 665.78 665.578 665.415 665.293 665.3 665.11 664.973 664.768 664.865 664.7 664.435 664.313 664.198 664.05 663.918 663.773 663.663 663.625 663.468 663.315 663.093 662.97 662.923 662.865 662.973 662.938 662.773 662.68 662.408 661.973 662.063 662.23 661.85 661.728 661.71 661.59 661.32 661.288 661.208 661.168 660.984 -9999 -9999 -9999 -9999 -9999 -9999 -9999 -9999 -9999 -9999 -9999 -9999 -9999 -9999
666.83 666.795 666.683 666.638 666.565 666.46 666.22 666.108 666.098 666.053 665.985 665.975 665.808 665.763 666.093 666.23 666.068 665.98 666 665.975 665.915 665.778 665.688 665.615 665.388 665.348 665.263 665.138 665.045 664.9 664.833 664.628 664.455 664.303 664.13 664.075 664.03 663.85 663.715 663.573 663.453 663.293 663.225 663.125 663.125 663.11 663.058 662.975 662.825 662.433 662.255 662.29 662.353 662.045 661.858 661.748 661.673 661.355 661.268 661.138 661.235 661.05 -9999 -9999 -9999 -9999 -9999 -9999 -9999 -9999 -9999 -9999 -9999 -9999 -9999 -9999
667.005 666.943 666.795 666.788 666.733 666.623 666.425 666.29 666.225 666.158 666.318 666.263 666.083 666.063 666.373 666.385 666.215 666.203 666.15 666.098 666.055 665.9 665.76 665.77 665.535 665.398 665.37 665.288 665.045 664.945 664.925 664.8 664.568 664.445 664.268 664.173 664.105 663.95 663.82 663.695 663.655 663.458 663.37 663.333 663.248 663.218 663.233 663.263 663.078 662.603 662.53 662.585 662.508 662.22 662.183 662.005 661.843 661.545 661.363 661.393 661.283 661.01 -9999 -9999 -9999 -9999 -9999 -9999 -9999 -9999 -9999 -9999 -9999 -9999 -9999 -9999
667.23 667.135 667.133 667.05 666.918 666.81 666.655 666.555 666.293 666.373 666.56 666.453 666.22 666.158 666.438 666.458 666.408 666.34 666.24 666.18 666.14 665.938 665.91 665.853 665.545 665.468 665.465 665.35 665.155 665.128 665.048 664.858 664.7 664.503 664.323 664.215 664.165 664.095 663.9 663.775 663.713 663.61 663.535 663.498 663.413 663.403 663.345 663.343 663.28 662.96 662.845 662.75 662.643 662.375 662.373 662.198 662.06 661.908 661.73 661.57 661.358 661.05 660.813 -9999 -9999 -9999 -9999 -9999 -9999 -9999 -9999 -9999 -9999 -9999 -9999 -9999
667.458 667.408 667.34 667.26 667.14 667.05 666.913 666.575 666.44 666.483 666.863 666.633 666.34 666.293 666.4 666.568 666.498 666.548 666.41 666.273 666.125 665.988 665.945 665.955 665.668 665.55 665.47 665.555 665.388 665.3 665.178 664.898 664.75 664.578 664.425 664.333 664.238 664.19 664.043 663.868 663.815 663.7 663.64 663.655 663.575 663.498 663.398 663.448 663.35 663.145 663.063 662.965 662.835 662.655 662.393 662.235 662.085 662.005 661.823 661.553 661.373 661.073 660.893 -9999 -9999 -9999 -9999 -9999 -9999 -9999 -9999 -9999 -9999 -9999 -9999 -9999
667.715 667.508 667.453 667.368 667.35 667.265 667.043 666.793 666.693 666.828 666.995 666.953 666.658 666.523 666.463 666.548 666.575 666.65 666.57 666.403 666.305 666.175 666.055 665.888 665.71 665.673 665.693 665.673 665.553 665.403 665.255 664.97 664.935 664.668 664.54 664.418 664.338 664.263 664.098 663.983 663.943 663.875 663.823 663.73 663.688 663.588 663.495 663.49 663.455 663.305 663.228 663.148 663.01 662.8 662.535 662.285 662.053 661.945 661.798 661.638 661.428 661.048 660.95 660.813 -9999 -9999 -9999 -9999 -9999 -9999 -9999 -9999 -9999 -9999 -9999 -9999
667.92 667.82 667.693 667.62 667.64 667.555 667.36 667.13 667.238 667.275 667.16 667.135 666.958 666.76 666.733 666.715 666.758 666.713 666.64 666.558 666.435 666.305 666.103 665.865 665.785 665.755 665.833 665.82 665.635 665.578 665.388 665.153 665.08 664.863 664.613 664.608 664.508 664.408 664.343 664.113 664.055 664.028 664.025 663.88 663.793 663.715 663.61 663.61 663.58 663.503 663.388 663.248 663.193 662.978 662.673 662.278 661.86 661.893 661.81 661.69 661.385 661.08 660.87 660.79 -9999 -9999 -9999 -9999 -9999 -9999 -9999 -9999 -9999 -9999 -9999 -9999
668.245 668.138 667.948 667.785 667.758 667.703 667.628 667.583 667.445 667.388 667.308 667.343 667.285 667.075 667.148 667.115 666.91 666.815 666.653 666.623 666.55 666.393 666.16 665.988 665.87 665.86 665.85 665.903 665.725 665.638 665.465 665.33 665.31 665.09 664.843 664.718 664.618 664.6 664.505 664.318 664.183 664.133 663.993 663.938 664.04 663.898 663.67 663.678 663.728 663.665 663.488 663.37 663.225 663.01 662.67 662.288 662.005 662.076 661.883 661.658 661.395 661.143 660.978 660.828 660.573 -9999 -9999 -9999 -9999 -9999 -9999 -9999 -9999 -9999 -9999 -9999
668.545 668.433 668.173 668.025 667.955 667.823 667.743 667.675 667.628 667.56 667.473 667.428 667.453 667.348 667.463 667.415 667.18 666.995 666.76 666.608 666.575 666.508 666.313 666.17 666.07 666.005 665.965 665.858 665.723 665.605 665.475 665.433 665.425 665.33 665.115 664.933 664.745 664.603 664.56 664.348 664.28 664.253 664.138 663.99 664.013 663.908 663.745 663.773 663.85 663.748 663.573 663.453 663.253 663.018 662.615 662.46 662.438 662.225 661.973 661.668 661.448 661.243 661.013 660.878 660.755 -9999 -9999 -9999 -9999 -9999 -9999 -9999 -9999 -9999 -9999 -9999
668.755 668.583 668.458 668.183 668.11 668.053 667.95 667.843 667.738 667.73 667.613 667.593 667.615 667.558 667.643 667.663 667.485 667.105 666.898 666.853 666.65 666.538 666.465 666.405 666.28 666.238 666.103 665.92 665.743 665.588 665.495 665.473 665.468 665.478 665.31 665.21 664.978 664.723 664.648 664.453 664.318 664.238 664.183 664.103 664.018 663.92 663.81 663.828 663.873 663.838 663.665 663.435 663.298 663.045 662.61 662.543 662.468 662.183 661.875 661.615 661.39 661.3 661.075 660.925 660.658 660.528 -9999 -9999 -9999 -9999 -9999 -9999 -9999 -9999 -9999 -9999
668.863 668.785 668.65 668.485 668.44 668.265 668.195 668.08 668.018 667.915 667.808 667.813 667.748 667.713 667.783 667.75 667.623 667.153 666.948 666.893 666.788 666.733 666.603 666.543 666.563 666.295 665.975 665.835 665.725 665.665 665.565 665.508 665.55 665.553 665.48 665.31 665.178 664.915 664.705 664.623 664.408 664.253 664.203 664.155 664.043 664.033 663.945 663.938 663.893 663.863 663.835 663.593 663.395 663.115 662.803 662.593 662.385 662.013 661.85 661.658 661.465 661.355 661.168 660.988 660.885 660.675 -9999 -9999 -9999 -9999 -9999 -9999 -9999 -9999 -9999 -9999
668.898 668.893 668.723 668.645 668.628 668.45 668.323 668.398 668.25 668.083 667.973 667.968 667.983 667.903 667.953 667.835 667.678 667.393 667.088 666.96 666.948 666.845 666.79 666.845 666.748 666.365 665.99 665.828 665.7 665.668 665.593 665.56 665.635 665.65 665.645 665.513 665.328 665.163 664.863 664.688 664.55 664.385 664.22 664.153 664.083 664.015 664.025 663.963 663.908 663.913 663.898 663.678 663.49 663.178 662.918 662.67 662.238 661.948 661.825 661.673 661.57 661.478 661.345 661.193 660.943 660.713 660.57 -9999 -9999 -9999 -9999 -9999 -9999 -9999 -9999 -9999
669.045 669.038 668.848 668.808 668.783 668.68 668.64 668.643 668.515 668.305 668.19 668.063 668.038 668.03 668.07 667.99 667.835 667.64 667.443 667.163 667.058 667.023 666.975 667.038 666.818 666.43 666.16 666.043 665.81 665.743 665.685 665.708 665.733 665.705 665.738 665.558 665.35 665.288 665.158 664.878 664.615 664.495 664.345 664.215 664.098 664.04 664.008 664.018 663.945 663.888 663.848 663.678 663.393 663.148 662.925 662.723 662.39 662.178 661.99 661.77 661.663 661.563 661.428 661.228 660.938 660.8 660.658 -9999 -9999 -9999 -9999 -9999 -9999 -9999 -9999 -9999
669.273 669.223 669.138 669.108 669.015 668.948 668.923 668.773 668.73 668.59 668.41 668.29 668.14 668.07 668.015 668.013 667.968 667.705 667.4 667.233 667.173 667.155 667.14 667.185 666.948 666.598 666.32 666.168 666.018 665.833 665.763 665.763 665.828 665.815 665.795 665.568 665.343 665.243 665.375 665.163 664.773 664.613 664.523 664.355 664.133 664.118 664.023 664.025 664.015 663.838 663.808 663.71 663.458 663.333 663.068 662.84 662.6 662.398 662.125 661.935 661.78 661.66 661.525 661.243 660.97 660.8 660.683 -9999 -9999 -9999 -9999 -9999 -9999 -9999 -9999 -9999
669.523 669.548 669.38 669.253 669.295 669.208 669.07 669.03 668.888 668.83 668.66 668.438 668.233 668.115 668.09 668.023 667.938 667.683 667.538 667.385 667.265 667.223 667.278 667.265 667.1 666.88 666.553 666.39 666.333 666.163 665.955 665.888 665.868 665.783 665.683 665.638 665.465 665.3 665.505 665.368 665.098 664.823 664.63 664.383 664.223 664.138 664.105 664.04 664.005 663.875 663.868 663.793 663.658 663.455 663.138 662.945 662.658 662.48 662.165 662.033 661.855 661.708 661.55 661.288 661.02 660.87 660.745 660.587 -9999 -9999 -9999 -9999 -9999 -9999 -9999 -9999
669.795 669.738 669.62 669.505 669.48 669.41 669.343 669.158 669.085 668.96 668.833 668.53 668.415 668.22 668.138 668.078 667.943 667.748 667.645 667.548 667.48 667.445 667.45 667.39 667.205 667.058 666.97 666.735 666.605 666.405 666.143 666.018 665.995 665.795 665.528 665.485 665.483 665.4 665.408 665.268 665.16 664.998 664.79 664.558 664.383 664.218 664.2 664.183 663.99 663.903 663.888 663.783 663.61 663.42 663.193 663.013 662.72 662.455 662.24 662.08 661.923 661.775 661.576 661.338 661.105 660.985 660.803 660.653 -9999 -9999 -9999 -9999 -9999 -9999 -9999 -9999
670.088 670 669.838 669.763 669.663 669.605 669.563 669.443 669.273 669.128 669.085 668.793 668.703 668.445 668.24 668.183 668.018 667.823 667.703 667.678 667.703 667.725 667.67 667.473 667.368 667.248 667.103 666.913 666.758 666.54 666.358 666.2 666.14 665.928 665.675 665.46 665.468 665.423 665.34 665.218 665.165 665.058 664.97 664.72 664.45 664.25 664.205 664.273 664.113 663.965 663.913 663.79 663.623 663.5 663.35 663.098 662.835 662.57 662.378 662.133 661.93 661.808 661.593 661.325 661.19 661.018 660.838 660.69 660.618 -9999 -9999 -9999 -9999 -9999 -9999 -9999
670.378 670.318 670.22 670.09 669.973 669.843 669.655 669.62 669.515 669.46 669.353 669.04 668.825 668.623 668.445 668.273 668.158 667.925 667.795 667.768 667.76 667.715 667.708 667.615 667.518 667.41 667.25 667.003 666.845 666.678 666.465 666.29 666.19 666.083 665.808 665.595 665.393 665.283 665.15 665.09 665.093 665.04 664.993 664.825 664.6 664.355 664.22 664.248 664.253 664.198 664.02 663.855 663.688 663.553 663.383 663.15 662.938 662.765 662.455 662.223 662.023 661.803 661.55 661.318 661.185 661.093 660.993 660.808 660.67 -9999 -9999 -9999 -9999 -9999 -9999 -9999
670.76 670.593 670.5 670.38 670.265 670.043 669.95 669.85 669.73 669.693 669.598 669.433 669.19 668.87 668.673 668.525 668.413 668.215 668.018 667.923 667.878 667.75 667.715 667.648 667.585 667.503 667.333 667.133 666.893 666.718 666.57 666.478 666.345 666.285 666.025 665.73 665.498 665.245 665.058 665.008 665.013 664.965 664.878 664.818 664.593 664.423 664.213 664.223 664.248 664.243 664.188 663.973 663.753 663.565 663.403 663.148 662.955 662.735 662.455 662.273 662.11 661.825 661.593 661.415 661.298 661.22 661.145 660.888 660.693 660.57 -9999 -9999 -9999 -9999 -9999 -9999
671.075 670.89 670.83 670.7 670.518 670.375 670.343 670.228 670.038 669.968 669.85 669.74 669.613 669.295 669.033 668.9 668.693 668.503 668.28 668.113 667.978 667.858 667.79 667.738 667.65 667.64 667.49 667.278 667.003 666.8 666.693 666.62 666.653 666.61 666.2 665.875 665.583 665.368 665.19 664.993 664.898 664.88 664.8 664.765 664.635 664.46 664.33 664.265 664.245 664.225 664.18 664.023 663.803 663.578 663.368 663.13 662.875 662.59 662.273 662.22 662.075 661.885 661.695 661.498 661.373 661.318 661.173 660.988 660.828 660.7 -9999 -9999 -9999 -9999 -9999 -9999
671.403 671.208 671.095 670.955 670.75 670.758 670.675 670.6 670.338 670.233 670.123 669.945 669.878 669.68 669.448 669.205 669.088 668.913 668.548 668.308 668.108 667.98 667.903 667.83 667.75 667.733 667.65 667.418 667.19 667.063 667.035 666.96 666.92 666.78 666.195 665.895 665.728 665.463 665.408 665.213 665.065 664.948 664.773 664.768 664.653 664.465 664.42 664.378 664.298 664.165 664.178 664.043 663.818 663.628 663.383 663.105 662.883 662.628 662.355 662.225 662.08 661.93 661.693 661.535 661.38 661.313 661.188 661.063 660.9 660.703 660.487 -9999 -9999 -9999 -9999 -9999
