20220701_namedtuples/mapdata/sd8578_DSM_2M.asc
ncols 500
nrows 500
xllcorner    385000
yllcorner    478000
cellsize     2
NODATA_value -9999
[rows 136 to 169 of 500, columns 308 to 384 of 500]
548.03 547.935 547.623 547.068 546.818 546.913 547.025 546.783 546.355 546.105 545.755 545.483 545.423 545.6 545.865 545.89 545.8 545.6 545.155 544.798 544.543 544.405 544.3 544.053 543.54 543.278 543.3 543.335 543.458 543.533 543.34 543.198 543.063 542.85 542.553 542.373 542.2 541.99 541.775 541.518 541.33 541.158 540.955 540.328 539.885 539.635 539.585 539.603 539.525 539.31 539.12 538.893 538.593 538.525 538.645 538.68 538.553 538.345 538.178 537.915 537.615 537.425 537.188 536.968 536.755 536.625 536.265 535.988 535.918 535.75 535.685 535.76 535.865 535.748 535.605 535.528 535.333
548.035 547.965 547.788 547.663 547.54 547.428 547.283 547.04 546.703 546.315 545.91 545.45 545.305 545.308 545.478 545.618 545.55 545.405 545.108 544.54 544.308 544.195 544.085 543.858 543.438 543.13 543.073 543.033 543.045 543.253 543.15 542.86 542.693 542.52 542.223 541.95 541.77 541.61 541.38 541.128 540.97 540.808 540.583 539.888 539.478 539.425 539.208 539.085 539.008 538.755 538.54 538.518 538.355 538.208 538.21 538.335 538.265 538.063 537.875 537.605 537.358 537.073 536.923 536.838 536.608 536.368 536.11 535.66 535.643 535.58 535.465 535.478 535.455 535.475 535.363 535.243 535.09
548.003 547.835 547.743 547.61 547.488 547.305 547.153 546.915 546.59 546.153 545.805 545.463 545.238 545.13 545.208 545.395 545.313 545.195 544.89 544.33 544.07 543.923 543.823 543.56 543.343 543.02 542.87 542.735 542.775 542.985 542.928 542.65 542.37 542.155 541.94 541.615 541.338 541.198 540.995 540.738 540.613 540.508 540.168 539.403 538.95 538.913 538.71 538.51 538.503 538.345 538.26 538.145 538.105 538.023 537.883 537.795 537.718 537.548 537.465 537.253 536.925 536.73 536.535 536.305 536.355 536.275 535.793 535.13 535.408 535.375 535.38 535.33 535.315 535.26 535.19 535.208 535.028
547.865 547.683 547.49 547.373 547.285 547.165 546.99 546.768 546.453 545.988 545.665 545.333 545.143 545.09 544.995 545.02 545.035 544.883 544.583 544.078 543.848 543.698 543.563 543.325 543.135 542.865 542.698 542.54 542.575 542.71 542.66 542.458 542.183 541.845 541.618 541.303 540.985 540.748 540.548 539.863 539.705 539.985 539.57 538.91 538.423 538.365 538.338 538.19 537.848 537.758 537.885 537.92 537.87 537.678 537.58 537.385 537.19 537.008 536.893 536.665 536.598 536.453 536.068 535.98 536.005 535.878 535.348 535.208 535.253 535.183 535.228 535.285 535.345 535.123 535.068 535.105 534.918
547.685 547.503 547.343 547.175 547.048 546.873 546.765 546.595 546.345 545.863 545.45 545.293 545.03 544.853 544.805 544.798 544.883 544.655 544.285 543.835 543.655 543.505 543.35 543.048 542.79 542.473 542.39 542.41 542.488 542.483 542.378 542.188 541.928 541.678 541.323 540.98 540.733 540.333 540.005 539.073 538.91 539.303 539.233 538.533 537.938 537.95 537.94 537.85 537.703 537.763 537.7 537.678 537.593 537.448 537.328 537.175 536.928 536.63 536.503 536.363 536.228 536.018 535.833 535.71 535.605 535.463 535.168 535.12 535.185 535.055 534.98 534.97 534.96 534.88 534.88 534.875 534.69
547.458 547.363 547.198 547.065 546.805 546.55 546.433 546.195 545.935 545.618 545.2 544.983 544.84 544.713 544.573 544.55 544.57 544.443 544.12 543.675 543.368 543.19 543.038 542.723 542.403 542.143 542.155 542.265 542.32 542.225 542.095 541.9 541.673 541.38 541.1 540.74 540.403 540.103 539.66 539.015 538.668 538.783 538.618 538.275 537.885 537.703 537.553 537.433 537.52 537.69 537.565 537.455 537.36 537.198 537.003 536.745 536.438 536.303 536.285 536.033 535.883 535.71 535.433 535.458 535.36 535.273 535.175 535.043 534.913 534.86 534.725 534.593 534.6 534.678 534.62 534.51 534.315
547.275 547.158 547.025 546.763 546.413 545.838 545.705 545.653 545.553 545.163 544.853 544.658 544.535 544.448 544.303 544.238 544.245 544.095 543.84 543.483 543.178 542.913 542.7 542.365 542.068 541.925 541.973 542.045 542.055 541.945 541.813 541.578 541.38 541.093 540.833 540.483 540.07 539.663 539.218 538.725 538.515 538.535 538.26 538.018 537.743 537.47 537.32 537.353 537.49 537.515 537.45 537.255 537.045 536.705 536.465 536.25 536.05 535.983 536.013 535.868 535.768 535.578 535.255 535.165 535.1 535.028 535.008 534.948 534.703 534.61 534.353 534.223 534.193 534.23 534.215 534.038 533.988
547.025 546.935 546.78 546.543 546.168 545.65 545.435 545.328 545.228 544.863 544.555 544.298 544.078 544.038 543.973 543.805 543.623 543.465 543.305 543.063 542.698 542.453 542.26 541.995 541.735 541.72 541.778 541.828 541.71 541.598 541.483 541.308 541.083 540.828 540.523 540.225 539.845 539.365 538.88 538.43 538.205 538.185 537.875 537.548 537.318 537.228 537.078 537.155 537.295 537.263 537.138 536.925 536.595 536.378 536.22 536.05 535.838 535.818 535.713 535.678 535.773 535.475 535.09 534.9 534.758 534.643 534.635 534.593 534.48 534.298 534.008 533.92 533.823 533.898 533.88 533.715 533.68
546.663 546.703 546.588 546.358 545.97 545.403 545.268 545.208 544.925 544.635 544.345 544.13 543.943 543.808 543.56 543.343 543.138 542.955 542.738 542.5 542.233 542.008 541.825 541.685 541.468 541.463 541.498 541.49 541.448 541.363 541.223 541.033 540.803 540.535 540.268 539.938 539.618 539.243 538.743 538.225 537.823 537.698 537.53 537.183 537.158 537.01 537.035 537.098 536.95 536.93 536.75 536.535 536.278 536.135 536.045 535.91 535.8 535.718 535.563 535.523 535.608 535.458 534.94 534.67 534.498 534.365 534.325 534.273 534.17 534.015 533.82 533.775 533.66 533.748 533.803 533.613 533.478
546.478 546.53 546.37 546.168 545.6 545.043 544.91 544.828 544.58 544.38 544.13 543.91 543.73 543.575 543.225 542.92 542.723 542.5 542.32 542.168 541.968 541.73 541.493 541.298 541.193 541.223 541.223 541.22 541.233 541.16 540.95 540.75 540.548 540.308 539.965 539.66 539.463 539.1 538.73 538.175 537.6 537.378 537.335 536.973 536.938 536.758 536.623 536.725 536.558 536.448 536.468 536.285 536.073 535.955 535.868 535.733 535.673 535.565 535.45 535.27 535.285 535.215 534.995 534.635 534.325 534.118 534.09 534.065 533.993 533.79 533.605 533.443 533.4 533.408 533.473 533.423 533.333
546.283 546.275 546.125 545.898 545.335 544.818 544.67 544.45 544.22 543.985 543.828 543.675 543.538 543.463 543.125 542.785 542.528 542.25 541.95 541.743 541.61 541.463 541.238 541.073 541.005 540.98 540.97 540.978 540.93 540.875 540.738 540.468 540.22 540.035 539.755 539.465 539.158 538.86 538.59 538.17 537.565 537.118 536.863 536.605 536.663 536.625 536.398 536.308 536.285 536.135 536.15 536.058 535.915 535.75 535.6 535.565 535.495 535.393 535.325 535.115 535.04 534.908 534.848 534.668 534.21 533.755 533.91 533.843 533.738 533.548 533.44 533.438 533.283 533.103 533.175 533.15 532.95
546.033 545.998 545.868 545.525 545.055 544.713 544.54 544.238 543.903 543.543 543.373 543.36 543.295 543.185 542.968 542.708 542.443 542.045 541.768 541.588 541.338 541.125 540.985 540.85 540.775 540.735 540.758 540.718 540.615 540.54 540.438 540.14 539.92 539.693 539.415 539.215 538.953 538.638 538.358 538.04 537.56 537.03 536.473 536.255 536.063 536.27 536.28 535.945 535.8 535.768 535.8 535.713 535.658 535.503 535.32 535.298 535.215 535.193 535.07 534.91 534.768 534.738 534.713 534.423 533.853 533.458 533.755 533.558 533.503 533.43 533.323 533.233 533.105 532.988 532.86 532.75 532.503
545.743 545.708 545.543 545.218 544.765 544.45 544.315 544.135 543.835 543.32 543.025 542.935 542.893 542.653 542.45 542.36 542.25 541.908 541.56 541.273 541.048 540.83 540.685 540.543 540.515 540.483 540.458 540.428 540.355 540.205 540.098 539.845 539.623 539.38 539.118 538.885 538.668 538.455 538.128 537.84 537.525 537.16 536.798 536.378 535.885 535.99 536.02 535.77 535.488 535.415 535.503 535.398 535.293 535.013 534.815 534.828 534.788 534.803 534.72 534.733 534.67 534.585 534.495 534.268 533.908 533.828 533.663 533.3 533.178 533.14 533.073 532.94 532.84 532.71 532.503 532.343 532.168
545.46 545.375 545.258 545.033 544.613 544.308 544.03 543.878 543.765 543.293 542.923 542.728 542.533 542.388 542.3 542.183 542.008 541.683 541.25 541.063 540.85 540.565 540.418 540.333 540.353 540.298 540.193 540.158 540.005 539.895 539.81 539.6 539.325 539.113 538.85 538.603 538.398 538.14 537.89 537.6 537.31 536.985 536.68 536.155 535.69 535.615 535.57 535.53 535.305 535.04 535.053 534.97 534.713 534.565 534.58 534.573 534.483 534.488 534.51 534.505 534.478 534.375 534.24 533.993 533.763 533.728 533.573 533.22 532.938 532.845 532.778 532.69 532.605 532.488 532.348 532.148 532.033
545.198 545.013 544.773 544.493 544.315 544.13 543.775 543.45 543.223 543.173 542.923 542.63 542.445 542.285 542.143 541.925 541.7 541.468 540.995 540.685 540.63 540.37 540.205 540.103 539.995 540.055 539.878 539.75 539.675 539.54 539.415 539.21 539.018 538.78 538.563 538.313 538.06 537.85 537.625 537.335 536.958 536.63 536.293 536 535.82 535.515 535.273 535.108 535.153 534.8 534.478 534.425 534.343 534.205 534.268 534.325 534.225 534.353 534.333 534.275 534.238 534.118 533.923 533.575 533.465 533.488 533.428 533.145 532.908 532.84 532.788 532.66 532.585 532.42 532.223 532.085 531.925
544.743 544.603 544.345 543.968 543.868 543.838 543.5 543.163 542.78 542.505 542.588 542.415 542.26 542.05 541.8 541.593 541.415 541.08 540.62 540.4 540.335 540.198 540.008 539.915 539.743 539.643 539.555 539.398 539.315 539.188 539.048 538.875 538.623 538.39 538.21 538.008 537.743 537.533 537.298 537.015 536.578 536.163 535.848 535.678 535.543 535.263 534.81 534.733 534.595 534.418 534.238 534.258 534.13 533.985 533.978 534.02 533.96 534.008 533.968 533.905 533.968 533.82 533.568 532.873 533.168 533.228 533.135 533.07 532.985 532.823 532.588 532.54 532.468 532.308 531.968 531.69 531.605
544.358 544.18 543.908 543.635 543.558 543.545 543.358 542.895 542.308 541.943 541.89 541.885 541.84 541.685 541.515 541.305 541.02 540.758 540.33 540.028 539.865 539.615 539.283 539.64 539.56 539.268 539.15 538.78 538.27 538.62 538.645 538.488 538.198 538.005 537.83 537.6 537.373 537.143 536.883 536.508 536.06 535.865 535.405 535.288 535.128 534.91 534.603 534.468 534.508 534.448 534.373 534.128 533.753 533.773 533.81 533.86 533.775 533.41 533.263 533.29 533.26 533.248 533.148 532.963 533.113 533.103 532.84 532.598 532.553 532.368 532.343 532.263 532.133 531.935 531.62 531.39 531.318
544.24 543.96 543.678 543.44 543.203 543.068 542.998 542.65 542.038 541.713 541.578 541.448 541.298 541.273 541.143 540.935 540.678 540.423 540.025 539.623 539.46 539.14 538.675 538.935 539.098 538.845 538.665 538.483 537.813 537.955 538.165 537.955 537.7 537.518 537.363 537.068 536.748 536.235 535.935 535.58 535.473 535.488 535.26 535.108 534.823 534.68 534.458 534.368 534.385 534.313 534.15 533.718 533.45 533.52 533.528 533.53 533.393 532.93 532.735 532.725 532.753 532.67 532.31 532.68 532.688 532.723 532.68 532.41 532.153 532.005 532.09 532.073 531.868 531.603 531.33 531.138 531.078
544.033 543.795 543.53 543.243 543.035 542.878 542.698 542.423 541.905 541.505 541.223 540.968 540.823 540.858 540.748 540.605 540.333 539.945 539.55 539.308 539.113 538.665 537.685 537.523 537.955 537.468 537.225 537.638 537.68 537.623 537.633 537.423 537.148 536.92 536.583 535.925 535.713 535.54 535.455 535.413 535.315 535.208 535.195 535.01 534.733 534.458 534.313 534.193 534.07 534.035 534.005 533.493 533.27 533.293 533.273 533.165 532.895 532.683 532.475 532.405 532.368 532.235 531.955 532.458 532.373 532.403 532.318 531.985 531.775 531.715 531.825 531.855 531.558 531.358 531.048 530.98 530.888
543.774 543.588 543.37 542.993 542.695 542.605 542.383 542.065 541.695 541.213 540.833 540.558 540.38 540.388 540.37 540.153 539.865 539.303 538.92 538.775 538.403 537.845 536.953 536.868 536.813 536.715 536.365 536.19 536.058 536.58 537 536.81 536.568 536.22 535.558 535.328 535.068 535.098 535.105 535.208 535.205 534.86 534.883 534.81 534.628 534.34 534.1 533.993 533.608 533.44 533.46 533.303 533.123 533.108 533.025 532.858 532.69 532.533 532.308 532.108 532.033 531.828 532.008 532.17 532.135 532.183 532.11 531.763 531.588 531.395 531.238 531.205 531.11 531.088 530.783 530.705 530.63
-9999 -9999 542.99 542.55 542.318 542.175 541.985 541.723 541.435 540.908 540.493 540.17 539.908 539.845 539.778 539.61 539.38 538.918 538.585 537.798 537.025 536.805 536.708 536.578 536.26 536.073 535.99 535.818 535.6 535.535 536.123 536.245 535.96 535.413 535.083 534.908 534.825 534.82 534.745 534.658 534.715 534.645 534.603 534.45 534.303 534.218 533.998 533.615 533.365 533.125 533.048 532.973 532.988 532.893 532.75 532.578 532.333 532.14 532.055 531.86 531.6 531.468 531.643 531.803 531.9 531.88 531.783 531.543 531.395 531.188 530.99 530.87 530.775 530.743 530.618 530.495 530.37
-9999 -9999 -9999 542.121 541.903 541.758 541.6 541.345 541.108 540.723 540.128 539.723 539.468 539.345 539.3 539.2 538.93 538.445 538.093 537.535 536.968 536.58 536.38 536.163 535.993 535.808 535.638 535.518 535.473 535.183 535.005 535.7 535.5 535.03 534.803 534.708 534.645 534.533 534.428 534.358 534.153 534.335 534.208 533.978 533.698 533.715 533.368 533.123 532.86 532.765 532.765 532.725 532.748 532.653 532.503 532.293 532.02 531.838 531.708 531.49 531.468 531.478 531.5 531.635 531.735 531.718 531.623 531.338 531.095 530.908 530.753 530.608 530.475 530.388 530.263 530.213 530.11
-9999 -9999 -9999 -9999 -9999 541.388 541.21 541.005 540.72 540.315 539.758 539.34 539.01 538.88 538.815 538.805 538.538 538.058 537.76 537.198 536.725 536.235 535.883 535.765 535.573 535.505 535.36 535.215 535.218 535.06 534.87 534.845 534.91 534.64 534.553 534.428 534.343 534.363 534.158 534.09 533.955 534.07 533.738 533.375 533.255 533.12 533.013 532.788 532.565 532.503 532.443 532.408 532.45 532.33 532.223 531.958 531.773 531.623 531.46 531.133 531.245 531.405 531.308 531.338 531.518 531.573 531.483 531.213 530.888 530.673 530.538 530.408 530.345 530.243 530.08 530.033 529.963
-9999 -9999 -9999 -9999 -9999 -9999 540.851 540.57 540.32 539.998 539.398 538.985 538.62 538.343 538.12 538.188 538.168 537.75 537.305 536.885 536.448 536.098 535.55 535.228 535.215 535.123 535.068 534.963 534.77 534.623 534.528 534.51 534.568 534.375 534.193 534.128 534.11 534.12 533.955 533.728 533.77 533.705 533.215 532.983 532.853 532.773 532.595 532.428 532.388 532.28 -9999 -9999 -9999 531.961 531.79 531.595 531.418 531.265 531.145 531.155 531.23 531.2 530.913 530.898 531.03 531.108 531.045 530.878 530.648 530.435 530.295 530.145 529.998 529.91 529.82 529.84 529.848
-9999 -9999 -9999 -9999 -9999 -9999 -9999 -9999 539.87 539.66 539.163 538.59 538.123 537.84 537.693 537.633 537.5 537.133 536.76 536.495 536.145 535.783 535.273 534.98 534.868 534.793 534.695 534.653 534.44 534.323 534.198 534.208 534.328 534.215 534.02 533.943 533.91 533.825 533.663 533.46 533.505 533.298 532.903 532.62 532.508 532.423 532.313 532.22 -9999 -9999 -9999 -9999 -9999 -9999 -9999 -9999 -9999 -9999 -9999 -9999 -9999 530.91 530.648 530.528 530.593 530.678 530.6 530.513 530.248 530.158 530.045 529.918 529.768 529.705 529.683 529.67 529.678
-9999 -9999 -9999 -9999 -9999 -9999 -9999 -9999 -9999 539.173 538.833 538.305 537.79 537.508 537.39 537.245 536.925 536.525 536.08 535.793 535.515 535.333 535.035 534.753 534.648 534.41 534.303 534.243 534.103 534.018 534.02 534.005 533.975 533.95 533.91 533.825 533.803 533.615 533.263 533.125 533.023 532.785 532.588 532.45 532.263 532.213 -9999 -9999 -9999 -9999 -9999 -9999 -9999 -9999 -9999 -9999 -9999 -9999 -9999 -9999 -9999 -9999 -9999 -9999 -9999 -9999 -9999 530.178 530.065 529.953 529.815 529.693 529.603 529.493 529.515 529.518 529.51
-9999 -9999 -9999 -9999 -9999 -9999 -9999 -9999 -9999 -9999 538.448 538.053 537.49 537.193 536.913 536.673 536.31 535.933 535.73 535.61 535.515 535.308 534.993 534.59 534.305 534.038 534.073 533.99 533.82 533.783 533.825 533.84 533.795 533.77 533.753 533.518 533.413 533.22 532.88 532.738 532.58 532.513 532.4 532.255 -9999 -9999 -9999 -9999 -9999 -9999 -9999 -9999 -9999 -9999 -9999 -9999 -9999 -9999 -9999 -9999 -9999 -9999 -9999 -9999 -9999 -9999 -9999 -9999 -9999 529.745 529.63 529.453 529.355 529.323 529.275 529.26 529.27
-9999 -9999 -9999 -9999 -9999 -9999 -9999 -9999 -9999 -9999 -9999 -9999 537.208 536.715 536.413 536.17 536.043 535.865 535.65 535.555 535.423 535.038 534.723 534.408 534.055 533.835 533.943 533.843 533.715 533.625 533.623 533.563 533.49 533.478 533.365 533.205 533.015 532.803 532.575 532.313 532.225 532.235 532.148 -9999 -9999 -9999 -9999 -9999 -9999 -9999 -9999 -9999 -9999 -9999 -9999 -9999 -9999 -9999 -9999 -9999 -9999 -9999 -9999 -9999 -9999 -9999 -9999 -9999 -9999 -9999 529.225 529.033 528.978 528.945 528.935 528.92 528.8
-9999 -9999 -9999 -9999 -9999 -9999 -9999 -9999 -9999 -9999 -9999 -9999 -9999 536.333 536.2 536.093 535.895 535.783 535.663 535.53 535.235 534.86 534.563 534.263 533.898 533.6 533.615 533.513 533.425 533.388 533.425 533.36 533.285 533.26 533.03 532.838 532.733 532.443 532.313 531.998 531.878 -9999 -9999 -9999 -9999 -9999 -9999 -9999 -9999 -9999 -9999 -9999 -9999 -9999 -9999 -9999 -9999 -9999 -9999 -9999 -9999 -9999 -9999 -9999 -9999 -9999 -9999 -9999 -9999 -9999 -9999 528.693 528.58 528.598 528.59 528.555 528.525
-9999 -9999 -9999 -9999 -9999 -9999 -9999 -9999 -9999 -9999 -9999 -9999 -9999 -9999 535.958 535.973 535.768 535.563 535.4 535.158 534.9 534.663 534.395 534.118 533.843 533.508 533.28 533.158 533.04 533.01 533.175 533.228 533.07 532.873 532.65 532.505 532.388 532.27 532.015 531.768 -9999 -9999 -9999 -9999 -9999 -9999 -9999 -9999 -9999 -9999 -9999 -9999 -9999 -9999 -9999 -9999 -9999 -9999 -9999 -9999 -9999 -9999 -9999 -9999 -9999 -9999 -9999 -9999 -9999 -9999 -9999 -9999 528.21 528.19 528.258 528.17 528.17
-9999 -9999 -9999 -9999 -9999 -9999 -9999 -9999 -9999 -9999 -9999 -9999 -9999 -9999 -9999 -9999 535.36 535.193 535.01 534.78 534.61 534.47 534.168 533.883 533.668 533.403 533.185 533.025 532.768 532.668 532.833 532.86 532.695 532.488 532.293 532.188 531.965 531.923 531.835 -9999 -9999 -9999 -9999 -9999 -9999 -9999 -9999 -9999 -9999 -9999 -9999 -9999 -9999 -9999 -9999 -9999 -9999 -9999 -9999 -9999 -9999 -9999 -9999 -9999 -9999 -9999 -9999 -9999 -9999 -9999 -9999 -9999 -9999 527.973 527.84 527.718 527.725
-9999 -9999 -9999 -9999 -9999 -9999 -9999 -9999 -9999 -9999 -9999 -9999 -9999 -9999 -9999 -9999 -9999 534.9 534.728 534.47 534.173 534.103 533.963 533.588 533.305 533.12 532.905 532.763 532.558 532.45 532.453 532.428 532.363 532.333 532.173 532.05 531.795 531.67 -9999 -9999 -9999 -9999 -9999 -9999 -9999 -9999 -9999 -9999 -9999 -9999 -9999 -9999 -9999 -9999 -9999 -9999 -9999 -9999 -9999 -9999 -9999 -9999 -9999 -9999 -9999 -9999 -9999 -9999 -9999 -9999 -9999 -9999 -9999 527.531 527.418 527.335 527.205
-9999 -9999 -9999 -9999 -9999 -9999 -9999 -9999 -9999 -9999 -9999 -9999 -9999 -9999 -9999 -9999 -9999 -9999 534.381 534.135 533.765 533.553 533.408 533.123 532.925 532.78 532.683 532.543 532.388 532.268 532.183 532.033 531.95 531.903 531.89 531.583 531.483 -9999 -9999 -9999 -9999 -9999 -9999 -9999 -9999 -9999 -9999 -9999 -9999 -9999 -9999 -9999 -9999 -9999 -9999 -9999 -9999 -9999 -9999 -9999 -9999 -9999 -9999 -9999 -9999 -9999 -9999 -9999 -9999 -9999 -9999 -9999 -9999 -9999 527 526.92 526.748
-9999 -9999 -9999 -9999 -9999 -9999 -9999 -9999 -9999 -9999 -9999 -9999 -9999 -9999 -9999 -9999 -9999 -9999 -9999 533.618 533.33 532.93 532.798 532.72 532.693 532.515 532.403 532.283 532.18 532.073 532.033 531.835 531.733 531.675 531.443 531.415 -9999 -9999 -9999 -9999 -9999 -9999 -9999 -9999 -9999 -9999 -9999 -9999 -9999 -9999 -9999 -9999 -9999 -9999 -9999 -9999 -9999 -9999 -9999 -9999 -9999 -9999 -9999 -9999 -9999 -9999 -9999 -9999 -9999 -9999 -9999 -9999 -9999 -9999 -9999 526.585 526.398
