20220701_namedtuples/mapdata/sd8578_DSM_2M.asc
ncols 500
nrows 500
xllcorner    385000
yllcorner    478000
cellsize     2
NODATA_value -9999
[rows 170 to 203 of 500, columns 385 to 461 of 500]
526.028 526.025 525.763 525.55 525.348 525.248 525.168 525.225 525.22 525.073 524.94 524.865 524.803 524.705 524.698 524.548 524.343 524.308 524.258 524.215 524.283 524.273 524.3 524.372 524.485 524.31 524.045 523.778 523.66 523.318 523.095 522.978 522.875 522.723 522.57 522.383 522.16 521.973 521.688 521.503 521.122 520.737 520.268 520 519.785 519.393 518.99 518.735 518.485 518.37 518.378 518.495 518.448 518.338 518.313 518.242 518.18 518.258 518.3 518.242 518.163 518.078 518.028 518.06 518 518.065 518.177 518.207 518.195 518.15 518.06 517.945 517.802 517.83 517.85 517.777 517.79
525.723 525.57 525.393 525.225 525.018 524.87 524.868 524.948 524.91 524.823 524.753 524.678 524.533 524.393 524.29 524.068 523.895 523.87 523.883 523.793 523.79 523.893 524.035 523.983 523.973 523.867 523.49 523.372 523.14 522.995 522.745 522.595 522.553 522.357 522.175 522.055 521.895 521.698 521.28 520.985 520.883 520.57 520.033 519.763 519.535 519.183 518.728 518.46 518.372 518.395 518.295 518.3 518.27 518.233 518.108 518.063 518.033 518.033 517.983 517.928 517.92 517.893 517.865 517.867 517.783 517.835 518 518.057 517.957 517.887 517.822 517.71 517.622 517.702 517.657 517.557 517.5
525.248 525.06 524.933 524.848 524.693 524.643 524.603 524.565 524.54 524.498 524.468 524.445 524.303 524.155 523.898 523.583 523.318 523.305 523.307 523.335 523.312 523.29 523.465 523.438 523.38 523.183 522.75 522.835 522.675 522.425 522.253 522.208 522.168 521.96 521.8 521.67 521.503 521.388 521.113 520.737 520.518 520.245 519.82 519.603 519.315 518.84 518.54 518.4 518.31 518.255 518.233 518.158 518.095 518.078 518.053 518.04 517.965 517.9 517.843 517.755 517.788 517.703 517.713 517.655 517.635 517.647 517.752 517.842 517.78 517.64 517.622 517.635 517.497 517.487 517.432 517.385 517.265
524.805 524.693 524.518 524.413 524.358 524.4 524.303 524.23 524.178 524.11 524.11 524.165 524.108 523.948 523.67 523.295 523.003 522.81 522.805 522.843 522.778 522.747 522.813 522.913 522.875 522.255 522.37 522.375 522.22 521.975 521.815 521.785 521.695 521.613 521.448 521.305 521.188 521.103 520.857 520.535 520.428 520.153 519.71 519.463 519.19 518.682 518.328 518.318 518.143 518.165 518.21 518.135 517.958 518.05 517.945 517.835 517.803 517.76 517.683 517.588 517.595 517.57 517.545 517.543 517.465 517.41 517.452 517.462 517.422 517.372 517.4 517.385 517.275 517.227 517.225 517.12 517.067
-9999 524.383 524.215 524.1 524.023 523.953 523.885 523.815 523.855 523.84 523.788 523.773 523.76 523.663 523.408 523.108 522.833 522.53 522.363 522.283 522.13 522.13 522.208 522.275 521.98 521.995 522.01 521.87 521.69 521.57 521.473 521.41 521.335 521.28 521.16 520.98 520.858 520.743 520.578 520.367 520.14 519.898 519.518 519.125 518.67 518.4 518.27 518.155 518.045 518.063 518.083 518.065 517.923 517.773 517.747 517.718 517.66 517.615 517.535 517.475 517.438 517.403 517.31 517.312 517.25 517.27 517.265 517.19 517.167 517.14 517.147 517.102 516.917 516.855 516.94 517.007 516.92
-9999 524.128 523.955 523.79 523.608 523.453 523.423 523.36 523.395 523.403 523.345 523.273 523.295 523.25 523.09 522.718 522.478 522.242 521.99 521.867 521.72 521.725 521.845 521.675 521.425 521.66 521.658 521.533 521.398 521.33 521.26 521.11 521.008 520.913 520.828 520.73 520.668 520.47 520.283 520.095 519.895 519.563 519.163 518.742 518.413 518.213 517.998 517.975 517.92 517.908 517.943 517.872 517.718 517.638 517.62 517.553 517.595 517.558 517.428 517.383 517.315 517.285 517.213 517.122 517.043 517.095 516.99 516.942 517.022 517 516.95 516.845 516.667 516.512 516.665 516.792 516.727
-9999 -9999 523.603 523.465 523.258 523.113 523.095 523.108 523.015 523.02 522.905 522.81 522.743 522.673 522.563 522.308 522.023 521.843 521.693 521.648 521.533 521.393 521.34 521.2 521.345 521.263 521.14 521.103 521.04 520.938 520.853 520.758 520.633 520.62 520.425 520.247 520.15 519.997 519.87 519.768 519.43 519.112 518.768 518.483 518.223 518.078 517.818 517.725 517.733 517.715 517.75 517.65 517.513 517.47 517.503 517.423 517.423 517.408 517.338 517.298 517.285 517.163 517.105 517.015 516.878 516.795 516.797 516.787 516.78 516.75 516.652 516.492 516.387 516.387 516.47 516.437 516.412
-9999 -9999 523.218 523.08 522.925 522.785 522.703 522.693 522.41 522.208 522.168 522.125 522.128 522.018 521.958 521.888 521.608 521.413 521.218 521.14 521.125 521 520.903 521.01 521.013 520.953 520.868 520.798 520.798 520.71 520.653 520.47 520.275 520.093 520.05 519.923 519.77 519.645 519.372 519.333 519.055 518.735 518.36 518.14 518.005 517.885 517.688 517.588 517.58 517.533 517.543 517.51 517.383 517.27 517.35 517.338 517.315 517.28 517.268 517.245 517.17 517.068 516.955 516.845 516.715 516.592 516.602 516.537 516.457 516.452 516.362 516.23 516.247 516.157 516.157 516.187 516.117
-9999 -9999 -9999 522.653 522.54 522.405 522.308 522.138 521.798 521.625 521.55 521.425 521.29 521.278 521.318 521.355 521.273 521.03 520.86 520.71 520.612 520.643 520.688 520.685 520.68 520.63 520.598 520.565 520.57 520.428 520.378 520.138 519.965 519.855 519.758 519.588 519.38 519.247 518.913 518.848 518.633 518.315 518.045 517.828 517.75 517.598 517.553 517.487 517.468 517.458 517.433 517.36 517.18 517.103 517.128 517.218 517.163 517.117 517.11 517.018 516.95 516.875 516.75 516.63 516.545 516.44 516.347 516.237 516.11 516.112 516.032 515.945 515.905 515.857 515.922 515.897 515.82
-9999 -9999 -9999 522.153 522.025 521.915 521.778 521.438 521.28 521.063 520.868 520.803 520.785 520.75 520.808 520.893 520.895 520.785 520.53 520.448 520.33 520.35 520.388 520.343 520.253 520.208 520.19 520.155 520.178 520.068 519.92 519.665 519.593 519.52 519.4 519.33 519.028 518.813 518.603 518.513 518.318 518.048 517.788 517.59 517.6 517.41 517.415 517.34 517.335 517.36 517.308 517.165 517.03 516.938 516.893 516.933 516.93 516.783 516.713 516.728 516.693 516.655 516.54 516.405 516.32 516.267 516.107 516.005 515.915 515.84 515.777 515.792 515.747 515.752 515.72 515.672 515.62
-9999 -9999 -9999 -9999 521.535 521.418 521.24 520.988 520.875 520.465 520.318 520.213 520.088 520.128 520.298 520.435 520.51 520.525 520.305 519.982 519.983 520.013 519.933 519.95 519.867 519.773 519.715 519.68 519.638 519.628 519.535 519.408 519.295 519.19 519.073 518.953 518.67 518.433 518.333 518.155 517.933 517.793 517.58 517.458 517.303 517.193 517.225 517.228 517.203 517.215 517.078 516.89 516.923 516.805 516.665 516.6 516.518 516.433 516.473 516.445 516.36 516.298 516.273 516.163 516.075 516.027 515.872 515.75 515.65 515.667 515.63 515.615 515.65 515.595 515.54 515.465 515.357
-9999 -9999 -9999 -9999 -9999 520.878 520.69 520.555 520.41 520.013 519.735 519.543 519.41 519.518 519.75 519.933 520.01 519.828 519.473 519.622 519.63 519.543 519.51 519.51 519.445 519.343 519.283 519.265 519.2 519.128 519.013 518.99 518.925 518.86 518.733 518.57 518.265 518.138 518.065 517.83 517.688 517.487 517.35 517.235 517.035 516.995 517.04 517.018 516.997 516.965 516.8 516.64 516.635 516.543 516.45 516.338 516.215 516.107 516.085 516.06 516.04 516.03 515.958 515.87 515.81 515.735 515.637 515.482 515.41 515.39 515.467 515.375 515.395 515.37 515.36 515.3 515.177
-9999 -9999 -9999 -9999 -9999 520.134 519.843 519.753 519.615 519.288 519.065 519.09 518.945 519.06 519.165 519.273 518.925 518.77 519.045 519.233 519.198 519.09 519.088 519.06 519.02 518.953 518.807 518.845 518.858 518.728 518.625 518.565 518.553 518.503 518.34 518.093 517.96 517.863 517.653 517.388 517.268 517.21 517.07 516.893 516.81 516.81 516.805 516.795 516.668 516.62 516.533 516.335 516.418 516.34 516.298 516.168 516.093 515.935 515.818 515.773 515.745 515.678 515.61 515.548 515.5 515.46 515.38 515.297 515.24 515.157 515.13 515.155 515.207 515.185 515.082 515.007 514.875
-9999 -9999 -9999 -9999 -9999 -9999 519.09 519.035 518.873 518.665 518.658 518.703 518.563 518.603 518.715 518.65 518.21 518.263 518.593 518.653 518.693 518.668 518.73 518.747 518.675 518.595 518.492 518.423 518.39 518.365 518.275 518.175 518.153 518.105 517.982 517.7 517.55 517.453 517.273 517.003 516.867 516.76 516.715 516.645 516.655 516.68 516.658 516.593 516.468 516.413 516.303 516.208 516.065 516.003 515.945 515.88 515.818 515.678 515.578 515.565 515.503 515.423 515.405 515.358 515.265 515.21 515.192 515.065 514.94 514.847 514.915 514.97 514.952 514.96 514.855 514.742 514.652
-9999 -9999 -9999 -9999 -9999 -9999 518.338 518.208 518.143 517.99 518.018 517.975 518.02 518.008 518.035 518.03 517.935 518.203 518.19 518.182 518.265 518.31 518.308 518.318 518.288 518.298 518.218 518.168 518.093 518.078 517.925 517.933 517.915 517.778 517.49 517.14 517.227 517.058 516.858 516.7 516.635 516.515 516.468 516.465 516.518 516.44 516.4 516.358 516.278 516.163 516.06 515.975 515.758 515.655 515.628 515.583 515.483 515.362 515.33 515.333 515.255 515.205 515.138 515.063 514.99 514.952 514.877 514.797 514.79 514.725 514.682 514.682 514.707 514.657 514.53 514.427 514.335
-9999 -9999 -9999 -9999 -9999 -9999 -9999 517.738 517.728 517.575 517.515 517.508 517.483 517.495 517.55 517.53 517.735 517.755 517.812 517.82 517.88 517.928 517.948 517.988 517.997 518.005 517.903 517.775 517.728 517.715 517.595 517.497 517.41 517.358 516.895 516.945 516.78 516.67 516.528 516.45 516.375 516.367 516.34 516.32 516.26 516.13 516.108 516.023 515.98 515.835 515.77 515.638 515.488 515.393 515.278 515.145 515 514.885 514.86 514.852 514.838 514.823 514.812 514.758 514.715 514.65 514.59 514.53 514.53 514.495 514.512 514.457 514.367 514.287 514.107 513.992 513.812
-9999 -9999 -9999 -9999 -9999 -9999 -9999 -9999 517.331 517.268 517.26 517.153 517.143 517.173 517.198 517.288 517.298 517.405 517.44 517.48 517.523 517.525 517.585 517.61 517.615 517.583 517.523 517.505 517.445 517.365 517.19 517.058 516.938 516.793 516.553 516.765 516.5 516.393 516.285 516.288 516.285 516.193 516.1 516.058 515.935 515.79 515.693 515.65 515.628 515.523 515.47 515.293 515.168 515.078 514.948 514.763 514.513 514.458 514.46 514.468 514.525 514.53 514.453 514.43 514.455 514.335 514.31 514.27 514.205 514.18 514.115 514.182 514.16 514.05 513.897 513.72 513.577
-9999 -9999 -9999 -9999 -9999 -9999 -9999 -9999 -9999 516.978 516.933 516.87 516.825 516.928 516.9 516.93 516.988 517.018 517.117 517.17 517.242 517.15 517.12 517.233 517.268 517.26 517.225 517.175 517.065 516.96 516.867 516.727 516.518 516.357 516.448 516.365 516.228 516.185 516.083 516.023 515.945 515.87 515.81 515.723 515.605 515.53 515.4 515.303 515.1 515.168 515.038 514.88 514.775 514.64 514.553 514.428 514.305 514.205 514.148 514.143 514.14 514.145 514.238 514.14 514.062 513.972 513.97 513.895 513.845 513.845 513.887 513.827 513.755 513.697 513.54 513.432 513.327
-9999 -9999 -9999 -9999 -9999 -9999 -9999 -9999 -9999 -9999 516.754 516.628 516.678 516.723 516.625 516.6 516.668 516.673 516.735 516.75 516.815 516.765 516.775 516.835 516.872 516.893 516.848 516.84 516.79 516.698 516.555 516.388 516.23 516.028 516.138 516.018 515.933 515.925 515.833 515.728 515.708 515.54 515.41 515.33 515.223 515.2 515.038 514.96 514.678 514.735 514.71 514.495 514.43 514.34 514.258 514.145 514.058 513.955 513.848 513.73 513.747 513.778 513.805 513.747 513.758 513.752 513.662 513.642 513.577 513.565 513.56 513.51 513.42 513.367 513.282 513.187 513.075
-9999 -9999 -9999 -9999 -9999 -9999 -9999 -9999 -9999 -9999 -9999 -9999 516.488 516.368 516.29 516.3 516.29 516.255 516.203 516.333 516.47 516.505 516.453 516.453 516.495 516.508 516.47 516.448 516.46 516.36 516.183 516.033 515.843 515.888 515.855 515.715 515.558 515.573 515.453 515.393 515.295 515.16 515.048 514.915 514.79 514.77 514.625 514.458 514.388 514.46 514.335 514.175 514.203 514.198 514.073 513.933 513.805 513.708 513.578 513.487 513.492 513.48 513.47 513.418 513.39 513.357 513.372 513.302 513.242 513.217 513.16 513.082 513.047 512.962 512.887 512.815 512.765
-9999 -9999 -9999 -9999 -9999 -9999 -9999 -9999 -9999 -9999 -9999 -9999 -9999 516.048 516.005 516.003 515.885 515.86 515.838 515.89 516.013 516.023 516.075 516.117 516.13 516.153 516.143 516.14 516.05 515.958 515.818 515.66 515.51 515.553 515.485 515.338 515.263 515.223 515.133 515.025 514.885 514.718 514.585 514.423 514.295 514.283 514.125 513.968 514.075 514.06 514 513.95 513.92 513.858 513.723 513.61 513.508 513.385 513.3 513.26 513.238 513.223 513.21 513.133 513.103 513.072 513.065 512.98 512.862 512.9 512.855 512.762 512.695 512.645 512.52 512.465 512.432
-9999 -9999 -9999 -9999 -9999 -9999 -9999 -9999 -9999 -9999 -9999 -9999 -9999 -9999 515.588 515.533 515.465 515.423 515.505 515.465 515.463 515.535 515.69 515.747 515.738 515.778 515.78 515.76 515.648 515.55 515.468 515.343 515.24 515.135 515.043 514.975 514.948 514.818 514.733 514.675 514.492 514.325 514.117 514.06 514.048 513.953 513.8 513.678 513.675 513.65 513.648 513.65 513.658 513.59 513.49 513.355 513.293 513.203 513.083 513.005 512.997 512.987 512.953 512.925 512.733 512.665 512.667 512.65 512.582 512.52 512.43 512.352 512.302 512.277 512.195 512.185 512.137
-9999 -9999 -9999 -9999 -9999 -9999 -9999 -9999 -9999 -9999 -9999 -9999 -9999 -9999 -9999 -9999 515.144 515.073 515.04 515.128 515.125 515.173 515.27 515.35 515.41 515.403 515.372 515.35 515.293 515.238 515.105 515.1 514.903 514.758 514.62 514.52 514.475 514.372 514.283 514.238 514.133 514.015 513.833 513.723 513.69 513.515 513.405 513.43 513.323 513.363 513.368 513.345 513.343 513.263 513.195 513.075 512.987 512.888 512.793 512.765 512.7 512.635 512.573 512.523 512.383 512.32 512.222 512.242 512.19 512.06 511.985 511.92 511.92 511.9 511.905 511.875 511.79
-9999 -9999 -9999 -9999 -9999 -9999 -9999 -9999 -9999 -9999 -9999 -9999 -9999 -9999 -9999 -9999 -9999 -9999 -9999 514.893 514.88 514.855 514.883 515.01 515.053 515.038 515.015 514.918 514.878 514.765 514.76 514.685 514.558 514.378 514.21 514.125 514.07 513.997 513.9 513.88 513.903 513.775 513.635 513.383 513.22 513.045 513.068 513.1 513.095 513.068 513.045 513.003 512.91 512.89 512.838 512.788 512.742 512.557 512.518 512.448 512.298 512.255 512.198 512.1 512.07 512.03 511.942 511.867 511.795 511.727 511.665 511.64 511.627 511.69 511.61 511.642 511.647
-9999 -9999 -9999 -9999 -9999 -9999 -9999 -9999 -9999 -9999 -9999 -9999 -9999 -9999 -9999 -9999 -9999 -9999 -9999 -9999 -9999 514.575 514.533 514.6 514.663 514.735 514.628 514.553 514.5 514.37 514.335 514.235 514.122 513.992 513.885 513.788 513.725 513.665 513.602 513.64 513.59 513.47 513.283 513.103 512.885 512.823 512.742 512.73 512.815 512.815 512.848 512.828 512.683 512.535 512.52 512.435 512.31 512.223 512.22 512.14 511.998 511.893 511.84 511.845 511.795 511.715 511.655 511.572 511.47 511.415 511.375 511.38 511.36 511.44 511.422 511.36 511.325
-9999 -9999 -9999 -9999 -9999 -9999 -9999 -9999 -9999 -9999 -9999 -9999 -9999 -9999 -9999 -9999 -9999 -9999 -9999 -9999 -9999 -9999 -9999 514.311 514.355 514.465 514.343 514.228 514.135 514.117 513.987 513.903 513.79 513.6 513.468 513.4 513.335 513.265 513.208 513.245 513.195 513.065 512.913 512.747 512.768 512.59 512.418 512.423 512.483 512.453 512.438 512.388 512.288 512.283 512.22 512.035 511.908 511.855 511.873 511.883 511.775 511.685 511.563 511.445 511.505 511.41 511.337 511.227 511.087 511.062 511.097 511.117 511.1 511.155 511.167 511.102 511.105
-9999 -9999 -9999 -9999 -9999 -9999 -9999 -9999 -9999 -9999 -9999 -9999 -9999 -9999 -9999 -9999 -9999 -9999 -9999 -9999 -9999 -9999 -9999 -9999 -9999 -9999 514.071 513.87 513.605 513.675 513.608 513.497 513.345 513.183 513.128 513.055 512.933 512.878 512.853 512.87 512.828 512.747 512.583 512.51 512.482 512.365 512.163 512.148 512.07 512.055 512.073 512.05 512.053 512.023 511.955 511.753 511.63 511.583 511.59 511.543 511.475 511.378 511.275 511.273 511.255 511.222 511.087 510.937 510.847 510.812 510.805 510.855 510.85 510.852 510.862 510.832 510.767
-9999 -9999 -9999 -9999 -9999 -9999 -9999 -9999 -9999 -9999 -9999 -9999 -9999 -9999 -9999 -9999 -9999 -9999 -9999 -9999 -9999 -9999 -9999 -9999 -9999 -9999 -9999 -9999 -9999 513.234 513.21 513.128 512.995 512.865 512.763 512.59 512.53 512.475 512.48 512.51 512.5 512.52 512.343 512.183 512.242 512.155 512.025 511.91 511.828 511.755 511.79 511.813 511.753 511.675 511.593 511.48 511.448 511.345 511.293 511.258 511.165 511.06 511.053 510.995 510.918 510.887 510.865 510.69 510.565 510.58 510.552 510.492 510.477 510.497 510.505 510.527 510.58
-9999 -9999 -9999 -9999 -9999 -9999 -9999 -9999 -9999 -9999 -9999 -9999 -9999 -9999 -9999 -9999 -9999 -9999 -9999 -9999 -9999 -9999 -9999 -9999 -9999 -9999 -9999 -9999 -9999 -9999 -9999 -9999 512.505 512.395 512.388 512.265 512.158 512.112 512.148 512.185 512.25 512.235 512.043 511.8 511.9 511.855 511.75 511.64 511.538 511.553 511.57 511.463 511.395 511.405 511.335 511.293 511.208 511.12 511.048 510.953 510.855 510.855 510.845 510.8 510.735 510.687 510.477 510.377 510.352 510.42 510.37 510.277 510.215 510.24 510.282 510.277 510.257
-9999 -9999 -9999 -9999 -9999 -9999 -9999 -9999 -9999 -9999 -9999 -9999 -9999 -9999 -9999 -9999 -9999 -9999 -9999 -9999 -9999 -9999 -9999 -9999 -9999 -9999 -9999 -9999 -9999 -9999 -9999 -9999 -9999 512.178 512.003 511.9 511.848 511.838 511.883 511.93 511.94 511.87 511.735 511.65 511.498 511.45 511.353 511.243 511.168 511.138 511.125 511.093 511.063 511.063 511.028 510.985 511.005 510.89 510.77 510.673 510.603 510.543 510.503 510.485 510.443 510.367 510.175 510.172 510.185 510.067 -9999 -9999 -9999 -9999 -9999 -9999 -9999
-9999 -9999 -9999 -9999 -9999 -9999 -9999 -9999 -9999 -9999 -9999 -9999 -9999 -9999 -9999 -9999 -9999 -9999 -9999 -9999 -9999 -9999 -9999 -9999 -9999 -9999 -9999 -9999 -9999 -9999 -9999 -9999 -9999 -9999 -9999 511.628 511.6 511.583 511.578 511.57 511.658 511.355 511.318 511.305 511.168 511.085 510.97 510.94 510.895 510.815 510.77 510.795 510.778 510.738 510.713 510.803 510.72 510.605 510.533 510.45 510.278 510.213 510.238 -9999 -9999 -9999 -9999 -9999 -9999 -9999 -9999 -9999 -9999 -9999 -9999 -9999 -9999
-9999 -9999 -9999 -9999 -9999 -9999 -9999 -9999 -9999 -9999 -9999 -9999 -9999 -9999 -9999 -9999 -9999 -9999 -9999 -9999 -9999 -9999 -9999 -9999 -9999 -9999 -9999 -9999 -9999 -9999 -9999 -9999 -9999 -9999 -9999 -9999 -9999 511.374 511.268 511.283 511.268 511.103 511.113 511.003 510.858 510.763 510.75 510.655 510.608 510.638 510.565 510.573 510.633 510.565 510.503 -9999 -9999 -9999 -9999 -9999 -9999 -9999 -9999 -9999 -9999 -9999 -9999 -9999 -9999 -9999 -9999 -9999 -9999 -9999 -9999 -9999 -9999
-9999 -9999 -9999 -9999 -9999 -9999 -9999 -9999 -9999 -9999 -9999 -9999 -9999 -9999 -9999 -9999 -9999 -9999 -9999 -9999 -9999 -9999 -9999 -9999 -9999 -9999 -9999 -9999 -9999 -9999 -9999 -9999 -9999 -9999 -9999 -9999 -9999 -9999 -9999 511.001 510.84 510.888 510.885 510.728 510.575 510.628 510.53 510.415 510.39 510.455 -9999 -9999 -9999 -9999 -9999 -9999 -9999 -9999 -9999 -9999 -9999 -9999 -9999 -9999 -9999 -9999 -9999 -9999 -9999 -9999 -9999 -9999 -9999 -9999 -9999 -9999 -9999
-9999 -9999 -9999 -9999 -9999 -9999 -9999 -9999 -9999 -9999 -9999 -9999 -9999 -9999 -9999 -9999 -9999 -9999 -9999 -9999 -9999 -9999 -9999 -9999 -9999 -9999 -9999 -9999 -9999 -9999 -9999 -9999 -9999 -9999 -9999 -9999 -9999 -9999 -9999 -9999 -9999 -9999 510.555 510.423 510.385 -9999 -9999 -9999 -9999 -9999 -9999 -9999 -9999 -9999 -9999 -9999 -9999 -9999 -9999 -9999 -9999 -9999 -9999 -9999 -9999 -9999 -9999 -9999 -9999 -9999 -9999 -9999 -9999 -9999 -9999 -9999 -9999
