20220701_namedtuples/mapdata/sd8576_DSM_2M.asc
ncols 500
nrows 500
xllcorner    385000
yllcorner    476000
cellsize     2
NODATA_value -9999
[rows 300 to 329 of 500, columns 408 to 475 of 500]
417.382 417.344 417.234 417.117 416.994 416.817 416.299 415.959 416.609 416.944 417.014 417.044 417.002 417.074 417.167 417.164 417.122 417.094 417.029 417.007 417.027 417.077 417.112 417.084 417.002 416.957 416.982 417.009 416.927 416.762 416.582 416.037 415.657 416.162 416.757 417.169 417.389 417.457 417.542 417.537 417.562 417.559 417.592 417.657 417.619 417.612 417.567 417.549 417.519 417.377 417.264 417.162 417.162 417.129 417.109 416.944 416.819 416.974 417.219 417.357 417.334 417.337 417.297 417.189 417.122 416.954 416.847 416.719
417.934 417.922 417.787 417.674 417.549 417.352 416.837 416.629 417.344 417.612 417.674 417.624 417.574 417.582 417.669 417.664 417.659 417.687 417.637 417.597 417.577 417.609 417.674 417.732 417.734 417.709 417.564 417.487 417.557 417.472 417.339 416.969 416.312 416.787 417.234 417.584 417.787 417.897 418.004 418.067 418.032 418.059 418.067 418.117 418.092 418.107 418.087 418.039 417.957 417.847 417.712 417.617 417.544 417.564 417.512 417.362 417.202 417.414 417.594 417.764 417.782 417.779 417.757 417.677 417.519 417.377 417.282 417.164
418.492 418.419 418.287 418.157 418.054 417.807 417.227 417.199 417.714 418.074 418.099 418.057 418.014 418.047 418.064 418.092 418.077 418.104 418.154 418.122 418.067 418.107 418.119 418.179 418.282 418.257 418.189 418.104 418.152 418.134 417.939 417.702 417.242 417.322 417.737 417.977 418.142 418.297 418.429 418.569 418.509 418.514 418.509 418.539 418.534 418.552 418.544 418.462 418.382 418.309 418.202 418.089 417.977 417.904 417.882 417.772 417.712 417.862 417.974 418.209 418.252 418.184 418.127 418.099 417.989 417.862 417.712 417.634
418.979 418.892 418.732 418.559 418.459 417.939 417.354 417.609 417.922 418.274 418.429 418.444 418.429 418.414 418.349 418.377 418.422 418.477 418.537 418.529 418.497 418.449 418.497 418.547 418.599 418.642 418.699 418.669 418.639 418.614 418.454 418.252 417.994 417.797 418.217 418.444 418.562 418.702 418.897 418.904 418.929 418.954 418.912 418.932 418.924 418.939 418.949 418.887 418.897 418.792 418.664 418.547 418.424 418.357 418.247 418.154 418.182 418.317 418.419 418.659 418.729 418.684 418.542 418.479 418.382 418.287 418.177 418.094
419.369 419.254 419.079 418.912 418.822 418.389 418.062 418.172 418.249 418.489 418.574 418.632 418.649 418.689 418.687 418.694 418.759 418.844 418.894 418.852 418.862 418.807 418.869 418.917 418.917 418.944 419.042 419.059 419.029 418.982 418.864 418.634 418.457 418.329 418.489 418.812 419.004 419.099 419.289 419.292 419.294 419.287 419.262 419.267 419.302 419.299 419.289 419.309 419.329 419.184 419.074 419.007 418.879 418.832 418.709 418.572 418.507 418.562 418.744 419.042 419.144 419.099 418.972 418.912 418.844 418.727 418.689 418.627
419.642 419.589 419.414 419.274 419.117 418.522 418.559 418.617 418.539 418.694 418.834 418.912 418.914 418.914 418.969 418.969 419.057 419.112 419.152 419.189 419.167 419.167 419.197 419.222 419.202 419.222 419.292 419.362 419.399 419.327 419.162 418.937 418.762 418.644 418.744 419.149 419.407 419.472 419.624 419.622 419.587 419.587 419.589 419.627 419.647 419.629 419.652 419.702 419.679 419.597 419.454 419.374 419.302 419.217 419.047 418.904 418.809 418.929 419.062 419.414 419.544 419.517 419.417 419.367 419.272 419.174 419.134 419.069
419.877 419.799 419.669 419.539 419.134 418.812 419.072 418.922 418.737 418.934 419.147 419.184 419.174 419.189 419.214 419.234 419.339 419.369 419.369 419.437 419.447 419.479 419.504 419.517 419.479 419.497 419.629 419.704 419.732 419.599 419.429 419.199 419.012 418.882 419.049 419.607 419.697 419.797 419.899 419.932 419.904 419.929 419.952 419.934 419.942 420.002 419.992 420.012 419.99 419.964 419.867 419.739 419.654 419.572 419.339 419.159 419.114 419.322 419.559 419.817 419.937 419.877 419.814 419.759 419.682 419.599 419.527 419.489
420.289 420.059 419.927 419.709 419.149 419.184 419.237 419.204 419.077 419.279 419.472 419.492 419.452 419.407 419.452 419.507 419.609 419.637 419.624 419.652 419.692 419.714 419.769 419.772 419.744 419.769 419.917 420.027 420.032 419.852 419.674 419.492 419.277 419.257 419.267 419.687 420.059 420.174 420.234 420.239 420.277 420.297 420.282 420.312 420.332 420.359 420.387 420.379 420.339 420.332 420.304 420.137 420.052 419.942 419.652 419.417 419.424 419.717 420.012 420.237 420.344 420.312 420.224 420.177 420.087 419.994 419.957 419.942
420.634 420.514 420.322 419.859 419.392 419.517 419.482 419.454 419.569 419.767 419.777 419.764 419.732 419.664 419.672 419.759 419.869 419.899 419.894 419.902 419.987 420.009 420.052 420.057 419.984 420.049 420.182 420.287 420.277 420.144 419.884 419.767 419.589 419.522 419.369 419.822 420.404 420.494 420.559 420.559 420.644 420.679 420.659 420.687 420.784 420.747 420.757 420.759 420.747 420.704 420.702 420.564 420.407 420.194 419.972 419.787 419.884 420.187 420.469 420.659 420.757 420.699 420.634 420.599 420.547 420.467 420.442 420.424
421.129 420.984 420.582 419.714 419.809 419.842 419.797 419.854 420.024 420.094 420.102 420.094 420.007 419.917 419.962 420.049 420.122 420.177 420.194 420.247 420.314 420.334 420.349 420.377 420.329 420.344 420.449 420.559 420.552 420.449 420.214 420.004 419.842 419.682 419.687 420.259 420.697 420.814 420.872 420.897 420.939 420.982 421.037 421.074 421.087 421.077 421.092 421.064 421.067 420.999 420.979 420.969 420.792 420.494 420.342 420.212 420.392 420.727 420.977 421.084 421.099 421.104 421.032 420.962 420.909 420.882 420.899 420.877
421.612 421.402 420.769 420.112 420.252 420.282 420.199 420.239 420.384 420.442 420.427 420.427 420.337 420.232 420.297 420.374 420.477 420.519 420.564 420.659 420.662 420.702 420.724 420.662 420.622 420.657 420.752 420.904 420.912 420.819 420.669 420.334 420.142 419.902 419.932 420.527 421.009 421.114 421.172 421.184 421.289 421.334 421.449 421.484 421.449 421.474 421.502 421.429 421.412 421.387 421.365 421.339 421.122 420.739 420.682 420.629 420.879 421.249 421.452 421.484 421.474 421.452 421.457 421.349 421.329 421.304 421.294 421.277
421.912 421.654 420.782 420.334 420.582 420.644 420.642 420.652 420.772 420.849 420.842 420.747 420.657 420.627 420.657 420.724 420.827 420.907 420.972 421.039 421.037 421.074 421.057 421.039 420.979 421.059 421.169 421.229 421.267 421.232 421.087 420.767 420.502 420.284 420.114 420.827 421.347 421.427 421.464 421.492 421.604 421.697 421.799 421.852 421.865 421.892 421.897 421.839 421.767 421.784 421.757 421.669 421.424 421.129 421.054 421.112 421.417 421.727 421.837 421.854 421.887 421.897 421.862 421.799 421.802 421.827 421.827 421.752
422.262 421.889 420.894 420.662 420.929 420.977 421.057 421.097 421.192 421.199 421.204 421.057 421.007 421.067 421.077 421.122 421.294 421.317 421.404 421.449 421.459 421.447 421.422 421.389 421.377 421.412 421.497 421.559 421.654 421.644 421.509 421.279 420.919 420.637 420.407 420.959 421.584 421.717 421.779 421.862 421.974 422.072 422.174 422.267 422.289 422.344 422.314 422.247 422.217 422.199 422.159 422.047 421.719 421.492 421.404 421.667 422.024 422.189 422.254 422.254 422.262 422.309 422.284 422.264 422.297 422.312 422.362 422.269
422.547 422.062 421.107 421.132 421.349 421.317 421.432 421.529 421.634 421.642 421.554 421.422 421.357 421.452 421.552 421.559 421.689 421.782 421.852 421.879 421.894 421.884 421.877 421.822 421.792 421.817 421.874 421.924 421.937 421.947 421.959 421.794 421.422 421.009 420.774 421.097 421.797 422.019 422.127 422.204 422.322 422.402 422.524 422.689 422.707 422.767 422.774 422.749 422.659 422.604 422.524 422.354 422.079 421.884 421.807 422.207 422.397 422.584 422.687 422.682 422.612 422.697 422.672 422.649 422.652 422.694 422.722 422.719
422.722 422.027 421.232 421.577 421.629 421.694 421.837 421.914 421.922 421.914 421.864 421.779 421.742 421.852 421.949 422.019 422.097 422.209 422.259 422.282 422.302 422.284 422.259 422.229 422.167 422.187 422.274 422.322 422.382 422.382 422.374 422.287 422.084 421.582 420.964 421.297 421.912 422.319 422.447 422.557 422.719 422.819 422.932 423.084 423.152 423.167 423.202 423.217 423.099 422.959 422.839 422.709 422.472 422.299 422.342 422.689 422.862 422.899 422.984 423.027 422.977 423.049 423.004 422.972 422.972 423.014 423.027 423.057
422.537 422.014 421.664 421.549 421.872 422.029 422.179 422.259 422.289 422.262 422.204 422.139 422.119 422.192 422.274 422.372 422.449 422.589 422.612 422.642 422.652 422.644 422.597 422.574 422.579 422.559 422.634 422.677 422.737 422.752 422.749 422.682 422.542 422.082 421.547 421.534 422.254 422.689 422.799 422.917 423.074 423.204 423.309 423.369 423.494 423.577 423.609 423.609 423.472 423.284 423.217 423.042 422.849 422.704 422.757 423.084 423.254 423.362 423.362 423.379 423.352 423.352 423.322 423.297 423.269 423.254 423.252 423.354
422.514 422.194 421.872 422.034 422.234 422.422 422.594 422.579 422.587 422.564 422.507 422.489 422.497 422.562 422.632 422.757 422.842 422.929 422.964 423.007 422.987 422.922 422.954 422.947 422.944 422.872 422.954 423.024 423.072 423.064 423.067 423.022 422.862 422.324 421.949 421.952 422.627 423.112 423.244 423.357 423.442 423.519 423.569 423.674 423.764 423.854 423.859 423.879 423.764 423.652 423.537 423.404 423.242 423.172 423.179 423.434 423.607 423.704 423.802 423.734 423.704 423.779 423.672 423.669 423.609 423.622 423.672 423.712
422.584 422.284 422.302 422.514 422.672 422.849 422.914 422.917 422.874 422.864 422.862 422.839 422.807 422.887 422.949 423.084 423.187 423.277 423.327 423.352 423.327 423.297 423.309 423.307 423.314 423.314 423.369 423.372 423.404 423.447 423.399 423.339 423.124 422.684 422.354 422.379 423.067 423.492 423.704 423.777 423.859 423.879 423.924 423.974 424.029 424.119 424.157 424.187 424.094 424.054 423.857 423.707 423.604 423.474 423.577 423.789 423.909 423.974 424.034 424.069 423.977 424.099 423.997 424.037 424.029 424.054 424.119 424.107
422.794 422.769 422.729 422.924 423.112 423.284 423.294 423.257 423.197 423.222 423.194 423.164 423.117 423.239 423.314 423.424 423.552 423.604 423.649 423.664 423.654 423.644 423.649 423.672 423.669 423.677 423.749 423.809 423.852 423.814 423.812 423.707 423.502 423.049 422.752 422.904 423.472 423.854 423.994 424.119 424.192 424.239 424.202 424.292 424.339 424.462 424.492 424.482 424.414 424.297 424.119 423.962 423.869 423.774 423.982 424.214 424.237 424.279 424.367 424.367 424.244 424.292 424.307 424.322 424.344 424.377 424.404 424.499
423.129 423.117 423.164 423.334 423.522 423.642 423.604 423.524 423.514 423.502 423.492 423.482 423.487 423.572 423.652 423.752 423.872 423.959 424.019 424.022 424.029 424.037 424.042 424.027 423.997 424.057 424.117 424.192 424.239 424.192 424.164 424.074 423.872 423.317 422.949 423.112 423.632 424.119 424.249 424.399 424.499 424.502 424.524 424.594 424.667 424.722 424.739 424.724 424.689 424.599 424.354 424.177 424.122 424.169 424.442 424.567 424.629 424.672 424.677 424.652 424.607 424.707 424.699 424.664 424.662 424.789 424.789 424.867
423.462 423.442 423.622 423.839 423.934 423.949 423.904 423.854 423.819 423.764 423.772 423.769 423.804 423.869 423.937 424.042 424.194 424.262 424.357 424.402 424.399 424.434 424.409 424.407 424.389 424.434 424.494 424.557 424.589 424.577 424.519 424.457 424.189 423.584 423.162 423.362 423.722 424.307 424.549 424.702 424.752 424.799 424.839 424.897 424.972 425.017 425.064 425.049 424.979 424.837 424.617 424.462 424.379 424.574 424.769 424.859 424.944 424.967 424.967 424.974 424.974 425.027 425.047 425.014 425.049 425.092 425.177 425.287
423.797 423.832 424.109 424.274 424.307 424.272 424.169 424.139 424.107 424.077 424.072 424.077 424.129 424.202 424.309 424.377 424.532 424.609 424.692 424.754 424.799 424.819 424.799 424.802 424.829 424.867 424.897 424.907 424.919 424.957 424.872 424.784 424.517 423.884 423.324 423.584 423.992 424.537 424.854 424.994 425.064 425.147 425.207 425.272 425.314 425.329 425.354 425.267 425.224 425.012 424.819 424.707 424.717 425.007 425.127 425.179 425.239 425.282 425.314 425.327 425.304 425.344 425.374 425.354 425.334 425.362 425.532 425.599
424.154 424.264 424.522 424.649 424.639 424.594 424.517 424.502 424.417 424.412 424.379 424.404 424.464 424.554 424.644 424.757 424.894 425.017 425.099 425.187 425.227 425.247 425.264 425.267 425.244 425.292 425.369 425.369 425.369 425.372 425.317 425.219 424.952 424.352 423.722 423.877 424.272 424.777 425.249 425.367 425.404 425.484 425.527 425.584 425.627 425.664 425.742 425.624 425.437 425.147 425.029 424.947 424.989 425.297 425.467 425.507 425.579 425.612 425.692 425.647 425.624 425.657 425.659 425.644 425.644 425.689 425.787 425.847
424.514 424.714 424.934 425.049 424.992 424.969 424.897 424.879 424.802 424.762 424.767 424.789 424.867 424.964 425.052 425.152 425.302 425.434 425.522 425.579 425.634 425.657 425.679 425.692 425.667 425.737 425.772 425.774 425.777 425.754 425.714 425.599 425.482 424.989 424.172 424.197 424.569 425.142 425.594 425.782 425.794 425.862 425.902 425.952 425.959 425.984 426.017 425.857 425.617 425.402 425.324 425.242 425.419 425.679 425.797 425.872 425.982 425.977 426.064 426.059 426.027 426.024 426.004 426.007 426.019 426.127 426.132 426.202
424.962 425.154 425.342 425.462 425.392 425.324 425.279 425.219 425.217 425.214 425.229 425.204 425.247 425.369 425.472 425.567 425.742 425.862 425.977 426.057 426.087 426.074 426.084 426.074 426.082 426.104 426.202 426.204 426.214 426.179 426.137 426.042 425.887 425.464 424.604 424.482 424.979 425.639 426.064 426.232 426.232 426.222 426.259 426.322 426.354 426.359 426.319 426.119 425.867 425.707 425.649 425.659 425.817 426.117 426.209 426.274 426.302 426.344 426.392 426.397 426.427 426.399 426.407 426.394 426.384 426.464 426.479 426.522
425.469 425.694 425.802 425.872 425.837 425.792 425.682 425.624 425.642 425.662 425.649 425.642 425.689 425.819 425.959 426.062 426.249 426.384 426.452 426.494 426.514 426.504 426.472 426.477 426.494 426.509 426.587 426.657 426.692 426.682 426.637 426.447 426.077 425.537 424.867 424.857 425.424 425.974 426.472 426.649 426.682 426.674 426.717 426.737 426.734 426.767 426.644 426.449 426.167 426.059 426.002 426.027 426.354 426.602 426.644 426.689 426.712 426.742 426.764 426.747 426.747 426.754 426.797 426.804 426.774 426.837 426.877 426.917
426.052 426.222 426.334 426.394 426.407 426.319 426.222 426.132 426.069 426.112 426.137 426.157 426.194 426.314 426.419 426.574 426.714 426.819 426.894 426.929 426.959 427.027 426.909 426.879 426.837 426.852 426.904 427.034 427.129 427.174 427.077 426.854 426.307 425.664 425.134 425.507 425.959 426.432 426.892 427.062 427.132 427.127 427.174 427.194 427.197 427.134 427.004 426.747 426.567 426.524 426.489 426.492 426.827 427.029 427.074 427.099 427.069 427.099 427.134 427.144 427.164 427.194 427.184 427.192 427.204 427.222 427.219 427.227
426.719 426.854 426.974 427.029 427.039 426.944 426.852 426.722 426.674 426.657 426.679 426.812 426.784 426.837 426.962 427.079 427.182 427.302 427.377 427.372 427.397 427.432 427.334 427.299 427.269 427.232 427.244 427.379 427.542 427.659 427.544 427.269 426.584 425.909 425.664 426.134 426.587 427.034 427.354 427.589 427.627 427.599 427.647 427.639 427.615 427.544 427.369 427.184 427.072 427.002 426.967 426.972 427.234 427.444 427.577 427.579 427.579 427.554 427.552 427.554 427.552 427.559 427.574 427.584 427.632 427.649 427.629 427.597
427.444 427.564 427.704 427.792 427.792 427.667 427.592 427.549 427.382 427.284 427.287 427.302 427.347 427.392 427.562 427.689 427.697 427.787 427.847 427.799 427.802 427.867 427.869 427.764 427.684 427.712 427.719 427.824 427.897 427.939 427.959 427.724 427.099 426.294 425.944 426.814 427.317 427.684 427.944 428.167 428.229 428.132 428.122 428.129 428.064 427.972 427.857 427.679 427.539 427.469 427.419 427.409 427.634 427.872 427.959 427.987 428.024 428.024 427.992 428.024 428.009 428.059 428.062 428.059 428.034 427.987 427.972 427.967
428.219 428.404 428.569 428.614 428.582 428.472 428.389 428.394 428.384 428.209 428.127 428.234 428.267 428.212 428.262 428.359 428.262 428.254 428.259 428.267 428.317 428.427 428.439 428.329 428.194 428.234 428.249 428.304 428.327 428.279 428.289 428.209 427.702 427.024 426.659 427.319 428.039 428.342 428.527 428.589 428.622 428.609 428.592 428.579 428.562 428.412 428.297 428.154 427.952 427.902 427.827 427.897 428.094 428.282 428.354 428.417 428.414 428.407 428.432 428.449 428.489 428.527 428.509 428.492 428.377 428.347 428.422 428.412
