20220701_namedtuples/mapdata/sd8575_DSM_2M.asc
ncols 500
nrows 500
xllcorner    385000
yllcorner    475000
cellsize     2
NODATA_value -9999
[rows 442 to 475 of 500, columns 0 to 75 of 500]
663.353 663.236 663.088 662.873 662.573 662.51 662.755 662.708 662.733 662.556 662.401 662.078 661.658 661.531 661.588 661.633 661.746 661.758 661.666 661.346 660.985 660.733 660.561 660.51 660.358 660.298 660.238 659.701 659.723 659.418 659.236 659.148 659.198 659.016 658.773 658.651 658.408 658.453 658.368 658.281 658.271 658.178 658.108 658.013 657.908 657.896 657.846 657.643 657.485 657.461 657.418 657.361 657.198 656.978 656.766 656.648 656.578 656.518 656.453 656.403 656.241 655.783 655.508 655.081 654.756 654.488 654.206 654.126 654.078 653.843 653.511 653.531 653.331 653.088 652.893 652.886
663.201 663.156 662.943 662.798 662.608 662.523 662.358 662.268 662.245 662.348 662.093 661.853 661.516 661.338 661.406 661.476 661.611 661.438 661.313 661.148 660.833 660.558 660.633 660.495 660.346 660.148 659.88 659.356 659.38 659.283 659.196 659.171 659.268 659.118 658.856 658.688 658.053 658.103 658.005 657.951 658.056 658.01 658.031 657.98 657.99 657.976 657.843 657.593 657.461 657.5 657.458 657.376 657.198 656.951 656.811 656.596 656.468 656.386 656.343 656.273 655.946 655.758 655.721 655.146 654.818 654.461 654.306 654.021 653.803 653.793 653.498 653.333 653.213 653.093 652.941 652.801
663.208 663.183 663.01 662.681 662.591 662.401 662.263 662.208 662 662.033 661.953 661.711 661.491 661.436 661.371 661.338 661.283 661.121 660.986 660.875 660.661 660.57 660.526 660.403 660.216 659.838 659.556 659.241 659.226 659.113 659.111 659.193 659.236 659.091 658.743 658.366 658.103 657.988 657.926 657.943 658.056 657.968 657.858 657.728 657.703 657.721 657.678 657.571 657.436 657.406 657.428 657.358 657.108 657.006 656.851 656.501 656.328 656.306 656.303 656.226 656.273 656.261 655.243 654.981 654.748 654.456 654.176 653.898 653.643 653.681 653.563 653.306 653.123 652.988 652.803 652.663
663.118 663.046 662.951 662.558 662.481 662.353 662.178 662.078 662.018 661.878 661.745 661.583 661.418 661.428 661.383 661.201 660.926 660.831 660.773 660.735 660.603 660.528 660.473 660.47 660.161 659.668 659.453 659.235 659.096 659.048 659.135 659.278 659.188 658.933 658.531 658.266 658.141 658.028 657.933 658.028 658.135 657.931 657.76 657.623 657.643 657.681 657.538 657.523 657.403 657.408 657.373 657.231 657.066 656.898 656.706 656.473 656.346 656.278 656.271 656.051 656.043 656.211 654.693 654.768 654.631 654.386 654.118 653.888 653.678 653.411 653.441 653.356 653.223 653.071 652.836 652.503
663.041 662.791 662.643 662.448 662.333 662.206 662.108 662.046 661.933 661.826 661.586 661.418 661.255 661.216 661.183 661.048 661.01 660.831 660.688 660.748 660.621 660.466 660.448 660.406 660.166 659.658 659.291 659.258 659.186 659.068 659.036 659.078 659.07 658.816 658.36 658.171 658.033 657.951 657.933 658.068 658.033 657.726 657.716 657.663 657.633 657.571 657.433 657.316 657.356 657.416 657.306 657.136 656.911 656.811 656.708 656.441 656.281 656.211 656.073 655.821 655.176 654.873 654.468 654.486 654.471 654.166 654.041 653.821 653.538 653.323 653.233 653.183 653.026 652.911 652.571 652.238
662.971 662.701 662.558 662.406 662.218 662.07 662.008 661.885 661.783 661.616 661.438 661.306 661.068 660.966 660.893 660.893 660.838 660.796 660.736 660.663 660.565 660.466 660.321 660.253 660.026 659.618 659.303 659.268 659.186 659.111 658.968 658.871 658.885 658.823 658.358 658.113 657.956 657.871 657.891 657.843 657.803 657.755 657.776 657.683 657.586 657.558 657.478 657.418 657.468 657.468 657.306 657.118 656.821 656.766 656.631 656.318 655.921 655.511 655.601 655.786 655.178 654.928 654.593 654.398 654.286 654.001 654.053 653.678 653.361 653.221 653.153 653.031 652.926 652.731 652.508 652.161
662.818 662.566 662.471 662.253 662.123 661.983 661.968 661.781 661.683 661.57 661.365 661.188 661.041 660.901 660.815 660.791 660.661 660.676 660.596 660.558 660.508 660.391 660.223 660.125 659.983 659.648 659.448 659.281 659.168 659.13 659.001 658.688 658.706 658.698 658.326 658.036 657.911 657.993 657.878 657.853 657.841 657.933 657.836 657.626 657.498 657.508 657.498 657.5 657.44 657.383 657.223 657.016 656.783 656.706 656.501 656.221 655.666 655.431 655.178 655.088 655.118 654.971 654.608 654.381 654.141 653.938 653.736 653.588 653.451 653.208 653.016 652.833 652.701 652.498 652.371 652.216
662.751 662.513 662.253 662.143 662.023 662.018 661.843 661.738 661.638 661.516 661.358 661.168 661.001 660.893 660.776 660.671 660.528 660.486 660.361 660.348 660.306 660.238 660.103 659.928 659.843 659.576 659.368 659.368 659.186 658.953 658.696 658.473 658.373 658.383 658.238 657.938 657.911 657.908 657.923 657.998 658.051 658 657.673 657.528 657.43 657.435 657.408 657.468 657.38 657.298 657.146 656.986 656.648 656.648 656.493 656.178 655.551 655.216 655.053 654.916 654.761 654.608 654.361 654.263 654.151 654.043 653.861 653.723 653.481 653.156 652.943 652.746 652.593 652.408 652.343 652.246
662.543 662.331 662.126 662.056 661.981 661.983 661.873 661.736 661.571 661.451 661.306 661.206 660.941 660.738 660.603 660.463 660.253 660.173 660.016 659.998 660.023 659.976 659.941 659.843 659.671 659.516 659.183 659.168 659.161 659.053 658.736 658.331 658.291 658.198 658.046 658.036 658.011 657.933 657.928 658.091 657.916 657.903 657.721 657.426 657.396 657.368 657.388 657.376 657.293 657.248 657.043 656.848 656.578 656.598 656.463 655.916 655.668 655.358 655.171 655.008 654.766 654.676 654.506 654.363 654.198 653.983 653.926 653.748 653.393 653.108 652.676 652.481 652.398 652.303 652.286 652.248
662.413 662.168 661.978 661.936 661.983 661.916 661.808 661.676 661.461 661.306 661.213 661.081 660.846 660.613 660.263 660.113 660.013 660.013 659.913 659.848 659.813 659.743 659.666 659.588 659.541 659.366 659.026 659.088 659.233 659.196 658.928 658.446 658.231 658.063 658.068 658.008 658.078 657.993 657.966 657.991 657.811 657.641 657.526 657.371 657.428 657.396 657.353 657.326 657.191 657.131 656.986 656.946 656.576 656.473 656.423 655.941 655.608 655.431 655.293 655.143 654.946 654.666 654.518 654.391 654.278 653.903 653.786 653.656 653.481 653.086 652.751 652.478 652.356 652.278 652.146 652.158
662.238 662.001 661.843 661.763 661.848 661.756 661.591 661.411 661.251 661.161 661.071 660.943 660.596 660.263 660.078 659.986 659.751 659.771 659.798 659.741 659.771 659.538 659.258 659.243 659.183 659.058 659.158 659.328 659.358 659.148 658.866 658.351 658.206 658.113 658.176 658.098 658.006 658.051 658.021 657.893 657.726 657.426 657.326 657.438 657.618 657.461 657.531 657.446 657.228 657.076 656.948 656.771 656.613 656.556 656.428 655.818 655.646 655.496 655.326 655.128 654.883 654.576 654.481 654.291 654.191 653.968 653.771 653.706 653.458 653.106 652.801 652.478 652.313 652.191 652.051 651.951
662.058 661.896 661.746 661.666 661.698 661.568 661.403 661.118 660.973 660.596 660.756 660.721 660.521 660.181 659.968 659.811 659.751 659.651 659.748 659.683 659.611 659.286 659.036 658.988 658.986 658.856 659.178 659.316 659.326 659.171 658.696 658.276 658.138 658.173 658.308 658.233 658.078 657.908 657.816 657.776 657.638 657.443 657.426 657.483 657.611 657.611 657.496 657.388 657.208 657.111 656.978 656.716 656.618 656.658 656.363 655.616 655.638 655.573 655.378 655.166 654.881 654.631 654.348 654.153 654.078 653.946 653.831 653.703 653.371 653.106 652.866 652.513 652.308 652.166 652.106 651.956
661.926 661.953 661.731 661.563 661.383 661.218 660.888 660.406 660.286 660.136 660.378 660.388 660.248 659.961 659.861 659.798 659.738 659.756 659.728 659.586 659.478 659.053 659.038 658.986 658.876 658.666 658.826 659.128 659.156 659.006 658.601 658.291 658.141 658.091 658.141 658.096 657.983 657.836 657.678 657.708 657.651 657.508 657.523 657.516 657.591 657.643 657.503 657.381 657.141 657.031 656.933 656.743 656.668 656.473 655.906 655.518 655.498 655.468 655.306 655.186 654.896 654.701 654.456 654.123 654.031 653.993 653.976 653.613 653.313 653.161 653.006 652.761 652.491 652.258 652.123 651.938
661.861 661.811 661.628 661.473 661.273 660.918 660.468 659.941 659.831 659.921 659.981 659.908 659.886 659.811 659.801 659.751 659.683 659.671 659.631 659.561 659.431 659.236 659.123 658.928 658.678 658.506 658.458 658.591 658.818 658.641 658.473 658.351 658.253 658.043 657.953 657.906 657.883 657.773 657.713 657.633 657.573 657.566 657.623 657.481 657.408 657.478 657.256 657.121 657.036 656.976 656.833 656.843 656.886 656.393 656.186 655.401 655.318 655.223 655.143 655.113 654.893 654.658 654.426 654.131 654.058 653.901 653.786 653.541 653.403 653.253 652.981 652.741 652.423 652.321 652.088 651.878
661.766 661.628 661.468 661.383 661.031 660.613 660.318 659.988 659.911 659.871 659.901 659.773 659.748 659.748 659.718 659.706 659.666 659.553 659.471 659.381 659.278 659.188 658.978 658.916 658.798 658.678 658.563 658.378 658.333 658.436 658.498 658.433 658.291 658.018 657.881 657.861 657.791 657.758 657.676 657.663 657.648 657.566 657.603 657.543 657.283 657.231 657.138 657.086 656.958 656.948 656.881 656.986 657.016 656.376 655.971 655.388 655.331 655.191 655.083 655.001 654.613 654.496 654.338 654.176 654.111 653.943 653.831 653.556 653.418 653.193 652.943 652.708 652.443 652.423 652.096 651.863
661.733 661.523 661.326 661.108 660.781 660.491 660.311 660.203 660.203 660.051 659.896 659.728 659.716 659.618 659.611 659.616 659.528 659.521 659.398 659.351 659.116 659.058 658.871 658.811 658.861 658.891 658.838 658.663 658.406 658.176 658.373 658.423 658.211 657.983 657.861 657.726 657.678 657.608 657.668 657.651 657.736 657.776 657.636 657.483 657.378 657.271 657.163 657.106 657.001 656.946 656.983 657.073 656.928 656.496 655.761 655.481 655.353 655.356 655.183 654.993 654.656 654.496 654.408 654.221 654.118 654.058 653.761 653.571 653.408 653.281 653.041 652.713 652.443 652.351 652.028 651.803
661.598 661.461 661.208 660.946 660.653 660.448 660.351 660.426 660.361 660.348 660.076 659.711 659.656 659.588 659.478 659.413 659.413 659.391 659.338 659.298 658.983 658.911 658.766 658.811 658.686 658.641 658.726 658.716 658.508 658.188 658.188 658.383 658.206 658.066 657.878 657.853 657.823 657.628 657.641 657.716 657.801 657.928 657.741 657.473 657.426 657.296 657.278 657.138 657.078 657.026 656.983 657.006 656.753 656.418 655.591 655.378 655.288 655.308 655.143 654.791 654.658 654.601 654.516 654.306 654.166 653.913 653.713 653.531 653.376 653.181 652.923 652.588 652.423 652.238 651.973 651.821
661.556 661.453 661.243 660.938 660.766 660.621 660.601 660.656 660.581 660.346 660.056 659.676 659.458 659.316 659.213 659.158 659.151 659.278 659.266 659.168 658.936 658.926 658.803 658.841 658.623 658.466 658.643 658.616 658.536 658.366 658.161 658.136 658.126 657.916 657.848 657.883 657.823 657.726 657.663 657.791 657.868 657.871 657.768 657.478 657.486 657.431 657.326 657.221 657.123 657.111 657.021 656.921 656.681 656.298 655.481 655.241 655.178 655.151 655.133 654.926 654.646 654.668 654.528 654.331 654.231 653.966 653.653 653.453 653.263 653.071 652.936 652.701 652.516 652.328 652.111 651.988
661.596 661.508 661.373 661.333 661.163 660.991 660.848 660.686 660.476 660.211 659.668 659.218 659.191 659.211 659.146 659.078 659.001 659.046 659.093 659.021 658.951 658.878 658.786 658.811 658.581 658.426 658.451 658.551 658.468 658.308 658.216 658.021 658.013 657.938 657.851 657.828 657.706 657.688 657.596 657.706 657.783 657.776 657.626 657.486 657.531 657.396 657.243 657.193 657.211 657.128 657.058 656.913 656.493 656.001 655.636 655.508 655.273 655.151 654.991 654.876 654.681 654.591 654.568 654.371 654.186 653.948 653.621 653.338 653.171 653.026 652.891 652.716 652.576 652.286 652.193 651.996
661.636 661.491 661.381 661.318 661.121 660.861 660.778 660.598 660.298 660.023 659.461 659.046 658.961 658.928 658.926 658.961 658.966 658.983 658.923 658.896 658.903 658.893 658.841 658.828 658.443 658.313 658.308 658.336 658.376 658.246 658.213 658.108 658.183 658.181 658.058 657.971 657.758 657.603 657.623 657.723 657.723 657.601 657.511 657.506 657.468 657.371 657.266 657.191 657.186 657.246 657.201 656.746 656.398 656.141 655.653 655.431 655.361 655.148 654.886 654.721 654.713 654.608 654.538 654.438 654.188 653.878 653.626 653.393 653.118 653.051 652.933 652.631 652.391 652.296 652.216 651.966
661.603 661.508 661.371 661.206 661.018 660.851 660.631 660.443 660.158 659.821 659.306 658.951 658.898 658.846 658.698 658.701 658.698 658.783 658.796 658.811 658.866 658.923 658.913 658.828 658.651 658.473 658.323 658.228 658.238 658.246 658.188 658.096 658.176 658.191 658.203 657.988 657.641 657.578 657.633 657.618 657.633 657.528 657.496 657.516 657.426 657.268 657.148 657.156 657.263 657.278 657.228 656.591 656.113 655.828 655.598 655.453 655.318 655.196 654.876 654.733 654.626 654.613 654.521 654.356 654.173 653.868 653.583 653.323 653.001 652.951 652.831 652.533 652.466 652.328 652.133 651.961
661.511 661.423 661.298 661.113 660.953 660.696 660.493 660.291 660.093 659.686 659.148 658.921 658.866 658.841 658.658 658.613 658.543 658.506 658.581 658.753 658.871 658.938 658.891 658.771 658.573 658.496 658.361 658.143 658.131 658.181 658.133 658.056 658.086 658.101 658.003 657.853 657.626 657.553 657.646 657.578 657.576 657.538 657.521 657.458 657.358 657.131 657.036 657.181 657.256 657.253 657.103 656.363 656.041 655.841 655.666 655.548 655.406 655.126 654.811 654.641 654.741 654.653 654.516 654.216 653.943 653.681 653.468 653.316 653.068 652.883 652.686 652.511 652.291 652.151 652.086 651.951
661.408 661.253 661.146 661.006 660.826 660.588 660.376 660.153 659.988 659.543 658.913 658.901 658.843 658.833 658.766 658.753 658.608 658.561 658.596 658.658 658.816 658.746 658.756 658.593 658.436 658.368 658.286 658.078 658.011 658.078 658.008 657.888 657.918 657.916 657.688 657.548 657.531 657.541 657.518 657.368 657.361 657.413 657.363 657.363 657.198 657.038 656.976 657.116 657.191 657.168 656.911 656.333 656.138 656.488 656.156 655.488 655.328 655.036 654.721 654.576 654.673 654.616 654.438 654.153 653.858 653.568 653.258 653.013 652.953 652.773 652.506 652.306 652.093 652.243 652.026 651.853
660.866 661.076 661.001 660.811 660.671 660.461 660.246 660.023 659.761 659.161 658.788 658.866 658.856 658.761 658.726 658.691 658.736 658.648 658.533 658.416 658.471 658.563 658.478 658.383 658.278 658.293 658.218 658.108 658.036 657.976 657.981 657.816 657.718 657.738 657.581 657.453 657.468 657.451 657.373 657.253 657.328 657.316 657.261 657.288 657.036 656.938 656.866 656.998 657.096 657.116 656.873 656.368 656.306 656.251 655.726 655.463 655.153 654.881 654.633 654.518 654.488 654.476 654.248 654.046 653.616 653.246 653.148 652.993 652.803 652.568 652.438 652.263 652.078 651.928 651.978 651.798
660.198 660.246 660.761 660.566 660.461 660.201 659.998 659.841 659.598 659.101 658.791 658.833 658.811 658.791 658.743 658.726 658.628 658.598 658.333 658.226 658.286 658.371 658.256 658.176 658.131 658.123 658.101 658.048 658.076 657.966 657.928 657.831 657.633 657.591 657.541 657.451 657.406 657.358 657.291 657.221 657.221 657.171 657.111 657.088 657.061 656.948 656.818 656.811 656.978 656.476 656.471 656.168 656.066 655.746 655.481 655.303 655.028 654.868 654.563 654.438 654.393 654.258 654.008 653.818 653.598 653.326 653.006 652.856 652.641 652.491 652.338 652.126 652.051 651.851 651.773 651.713
659.853 659.663 660.223 660.336 660.091 659.973 659.821 659.763 659.601 659.208 658.818 658.783 658.836 658.758 658.721 658.653 658.583 658.471 658.288 658.313 658.146 658.081 658.001 658.128 658.071 657.996 657.916 657.998 658.101 658.016 657.878 657.733 657.648 657.558 657.488 657.351 657.356 657.313 657.291 657.228 657.233 657.251 657.213 657.186 657.186 657.063 656.968 656.781 656.776 656.443 656.141 655.993 655.956 655.518 655.418 655.146 654.933 654.763 654.531 654.276 654.251 653.993 653.873 653.648 653.551 653.303 653.011 652.768 652.546 652.428 652.276 652.046 651.893 651.806 651.658 651.553
659.648 659.518 659.873 660.121 659.856 659.593 659.613 659.516 659.406 659.206 658.803 658.676 658.836 658.758 658.688 658.671 658.551 658.358 658.226 658.206 658.128 658.041 657.913 657.868 657.878 658.008 657.908 657.953 657.983 657.898 657.703 657.683 657.621 657.593 657.496 657.406 657.381 657.296 657.318 657.313 657.366 657.366 657.296 657.306 657.188 657.173 657.178 656.901 656.776 656.346 656.111 655.931 655.583 655.413 655.243 654.963 654.793 654.546 654.361 654.143 654.143 653.881 653.736 653.538 653.391 653.213 653.068 652.713 652.413 652.323 652.083 651.898 651.768 651.598 651.436 651.318
659.638 659.526 659.583 659.783 659.543 659.366 659.363 659.441 659.353 659.216 658.861 658.536 658.703 658.643 658.606 658.573 658.451 658.326 658.278 658.241 658.108 658.046 657.888 657.741 657.793 657.871 657.856 657.841 657.806 657.751 657.803 657.763 657.628 657.556 657.626 657.488 657.393 657.373 657.276 657.381 657.413 657.311 657.226 657.206 657.091 657.166 657.243 656.933 656.893 656.443 656.018 655.756 655.563 655.248 655.076 654.873 654.631 654.426 654.291 654.138 654.068 653.761 653.663 653.588 653.381 653.141 652.856 652.593 652.406 652.316 652.041 651.876 651.726 651.456 651.348 651.206
659.578 659.518 659.456 659.441 659.333 659.258 659.146 659.171 659.166 659.051 658.841 658.628 658.513 658.496 658.528 658.498 658.353 658.173 658.143 658.118 658.058 658.103 658.051 657.941 657.823 657.756 657.686 657.708 657.631 657.638 657.668 657.678 657.676 657.741 657.588 657.461 657.378 657.336 657.276 657.288 657.378 657.436 657.193 657.071 657.008 657.038 656.998 656.866 656.791 656.503 656.038 655.663 655.526 655.166 654.988 654.821 654.621 654.378 654.238 654.063 653.956 653.661 653.493 653.453 653.156 653.053 652.623 652.481 652.461 652.261 651.983 651.693 651.503 651.316 651.266 651.126
659.488 659.416 659.346 659.303 659.228 659.171 659.068 658.941 658.863 658.851 658.696 658.513 658.478 658.418 658.408 658.363 658.316 658.143 657.981 658.113 658.218 658.181 658.133 657.981 657.871 657.821 657.756 657.701 657.593 657.556 657.561 657.603 657.686 657.753 657.586 657.476 657.421 657.256 657.208 657.208 657.193 657.311 657.183 657.016 656.991 657.091 657.046 656.868 656.813 656.466 656.046 655.693 655.398 655.176 654.906 654.673 654.451 654.326 654.173 654.041 653.918 653.606 653.348 653.146 652.928 652.741 652.431 652.488 652.358 652.176 651.971 651.638 651.291 651.213 651.111 650.901
659.306 659.283 659.238 659.131 659.063 659.118 659.191 658.923 658.721 658.788 658.726 658.576 658.466 658.346 658.311 658.238 658.201 658.001 658.031 658.151 658.198 658.171 658.156 657.931 657.856 657.806 657.763 657.723 657.561 657.481 657.503 657.546 657.623 657.546 657.428 657.398 657.366 657.313 657.221 657.156 657.121 657.176 657.193 657.056 656.981 657.103 657.066 656.826 656.666 656.396 655.848 655.573 655.193 655.158 654.903 654.543 654.296 654.213 654.091 653.971 653.856 653.618 653.161 653.006 652.851 652.701 652.481 652.311 652.173 652.106 652.013 651.653 651.473 651.316 651.116 650.971
659.118 659.116 659.053 659.033 658.876 658.996 658.993 659.006 658.878 658.871 658.751 658.666 658.533 658.433 658.306 658.176 658.161 657.798 658.018 658.106 658.113 658.146 658.136 657.968 657.846 657.803 657.698 657.651 657.473 657.393 657.391 657.473 657.503 657.481 657.431 657.428 657.363 657.311 657.278 657.108 657.076 657.186 657.173 656.973 656.893 656.723 656.511 656.516 656.298 656.183 655.963 655.846 655.851 654.978 654.833 654.561 654.281 654.076 653.901 653.833 653.703 653.353 652.913 652.821 652.741 652.701 652.428 652.216 652.106 652.078 651.903 651.658 651.466 651.273 651.136 650.933
659.081 658.998 658.958 658.988 658.951 658.956 658.948 658.873 658.921 658.856 658.788 658.676 658.558 658.463 658.338 658.153 658.146 657.933 657.856 658.066 658.083 658.076 658.036 657.916 657.808 657.758 657.706 657.563 657.368 657.326 657.358 657.478 657.471 657.463 657.516 657.411 657.343 657.328 657.261 657.106 657.098 657.161 657.101 657.001 656.828 656.596 656.433 656.301 656.141 655.998 655.871 655.711 655.443 654.948 654.706 654.498 654.198 654.011 653.751 653.596 653.388 653.113 652.733 652.633 652.591 652.621 652.468 652.233 651.993 651.846 651.736 651.543 651.378 651.181 651.041 650.823
659.163 659.111 659.083 659.018 658.926 658.943 658.923 658.861 658.778 658.776 658.596 658.488 658.468 658.343 658.231 658.241 658.123 657.986 657.858 657.786 657.826 657.986 657.898 657.873 657.803 657.728 657.626 657.483 657.376 657.338 657.371 657.386 657.533 657.471 657.438 657.333 657.238 657.223 657.181 657.111 657.126 657.113 657.078 656.971 656.753 656.426 656.378 656.296 656.183 656.048 655.693 655.296 655.028 654.888 654.613 654.371 654.071 653.878 653.593 653.521 653.248 652.983 652.878 652.738 652.513 652.536 652.328 652.083 651.918 651.643 651.511 651.293 651.161 650.968 650.836 650.683
