20220701_namedtuples/mapdata/sd8577_DSM_2M.asc
ncols 500
nrows 500
xllcorner    385000
yllcorner    477000
cellsize     2
NODATA_value -9999
[rows 372 to 402 of 500, columns 280 to 349 of 500]
503.624 503.577 503.544 503.589 503.659 503.547 503.374 503.312 503.289 503.107 503.072 502.899 502.764 502.704 502.662 502.704 502.582 502.577 502.567 502.467 502.407 502.384 502.304 502.302 502.377 502.244 502.264 502.117 502.082 502.077 502.097 502.067 501.959 501.899 501.992 501.957 501.854 501.774 501.837 501.747 501.609 501.539 501.412 501.402 501.249 501.074 500.807 500.492 500.312 500.179 500.047 499.752 499.614 499.437 499.294 499.042 498.734 498.419 498.077 497.757 497.554 497.444 497.334 497.297 497.324 497.374 497.552 497.539 497.379 497.302
503.532 503.529 503.479 503.422 503.347 503.152 502.942 502.864 502.907 502.797 502.667 502.457 502.459 502.434 502.347 502.384 502.314 502.299 502.274 502.199 502.204 502.164 502.167 502.172 502.117 502.014 502.039 501.932 501.879 501.894 501.804 501.877 501.737 501.654 501.617 501.604 501.499 501.249 501.289 501.317 501.234 501.094 500.949 500.909 500.777 500.584 500.374 500.179 499.994 499.772 499.532 499.172 498.982 498.919 498.802 498.437 498.129 497.847 497.587 497.402 497.242 497.177 497.084 496.989 497.074 497.217 497.264 497.244 497.214 497.214
503.499 503.362 503.139 503.079 503.017 502.914 502.647 502.504 502.517 502.537 502.407 502.282 502.247 502.217 502.099 502.097 502.047 501.982 501.962 502.079 502.012 501.979 501.929 501.867 501.784 501.759 501.807 501.729 501.609 501.597 501.562 501.547 501.547 501.449 501.259 501.202 501.042 500.947 500.827 500.784 500.677 500.652 500.509 500.424 500.339 500.212 500.039 499.967 499.782 499.399 499.132 498.797 498.492 498.392 498.267 497.957 497.627 497.372 497.167 497.082 496.997 496.934 496.857 496.764 496.872 496.987 497.129 497.054 497.057 497.117
503.352 503.087 502.872 502.807 502.767 502.657 502.599 502.322 502.207 502.337 502.317 502.147 502.024 501.987 501.929 501.852 501.767 501.707 501.687 501.912 501.912 501.717 501.622 501.579 501.544 501.474 501.444 501.457 501.414 501.214 501.184 501.112 501.167 501.019 500.844 500.754 500.679 500.534 500.417 500.224 500.022 500.034 500.064 499.999 499.939 499.794 499.719 499.587 499.377 499.024 498.747 498.399 498.134 497.987 497.809 497.597 497.269 496.989 496.867 496.897 496.847 496.704 496.589 496.617 496.812 496.952 496.972 496.897 496.939 497.007
503.182 502.779 502.539 502.554 502.522 502.387 502.279 502.112 502.022 502.149 502.084 501.939 501.804 501.807 501.727 501.609 501.519 501.489 501.509 501.659 501.659 501.544 501.497 501.369 501.369 501.299 501.207 501.167 501.139 500.999 500.847 500.704 500.639 500.539 500.457 500.389 500.314 500.047 499.817 499.657 499.499 499.579 499.592 499.557 499.452 499.379 499.337 499.077 498.837 498.524 498.212 497.959 497.699 497.467 497.399 497.302 496.942 496.767 496.704 496.732 496.642 496.487 496.447 496.524 496.749 496.812 496.849 496.849 496.874 496.914
502.777 502.434 502.192 502.249 502.404 502.159 501.959 501.907 501.849 501.859 501.779 501.727 501.662 501.614 501.562 501.419 501.304 501.239 501.307 501.424 501.287 501.304 501.244 501.087 501.012 501.047 501.012 500.999 500.892 500.769 500.569 500.304 500.209 500.094 499.999 499.929 499.852 499.669 499.457 499.187 499.017 498.942 499.062 499.042 499.017 498.852 498.764 498.377 498.094 497.877 497.599 497.372 497.164 497.032 497.022 496.944 496.687 496.514 496.404 496.477 496.407 496.372 496.534 496.554 496.634 496.687 496.717 496.772 496.847 496.877
502.377 502.107 501.844 501.914 501.929 502.017 501.782 501.694 501.702 501.577 501.557 501.459 501.397 501.339 501.244 501.219 501.119 501.172 501.119 501.027 501.002 501.034 501.022 500.867 500.674 500.674 500.697 500.577 500.404 500.259 500.142 499.929 499.829 499.577 499.469 499.384 499.249 499.107 498.989 498.752 498.724 498.752 498.749 498.634 498.519 498.287 498.144 497.824 497.517 497.287 497.122 496.979 496.812 496.767 496.674 496.582 496.412 496.237 496.139 496.112 496.149 496.254 496.332 496.339 496.357 496.442 496.484 496.632 496.729 496.802
501.897 501.677 501.544 501.684 501.674 501.647 501.594 501.437 501.357 501.257 501.214 501.234 501.117 501.097 501.072 501.039 500.982 500.952 500.859 500.864 500.842 500.812 500.802 500.619 500.347 500.374 500.269 500.164 500.027 499.849 499.759 499.534 499.279 498.957 498.794 498.712 498.609 498.602 498.607 498.519 498.504 498.402 498.289 498.119 497.977 497.719 497.547 497.304 497.142 496.934 496.847 496.739 496.599 496.454 496.354 496.224 496.084 495.967 495.917 495.997 496.022 496.094 496.147 496.077 496.089 496.192 496.344 496.562 496.669 496.712
501.532 501.387 501.329 501.479 501.492 501.359 501.154 501.139 501.169 501.102 500.954 501.034 501.132 500.997 500.964 500.849 500.817 500.792 500.774 500.712 500.707 500.694 500.509 500.384 500.132 499.937 499.874 499.799 499.632 499.439 499.299 499.009 498.769 498.484 498.324 498.182 498.159 498.184 498.252 498.209 498.214 497.969 497.757 497.652 497.492 497.272 497.182 497.009 496.874 496.747 496.664 496.529 496.319 496.192 496.072 495.842 495.742 495.809 495.932 495.932 495.954 495.967 495.959 495.987 496.034 496.084 496.249 496.409 496.584 496.629
501.377 501.237 501.209 501.207 501.167 500.977 500.869 500.894 500.899 500.887 500.864 500.824 500.934 500.857 500.807 500.714 500.627 500.669 500.649 500.534 500.514 500.417 500.259 500.044 499.799 499.559 499.384 499.277 499.159 498.939 498.672 498.417 498.204 498.027 497.979 497.892 497.867 497.824 497.812 497.774 497.734 497.537 497.352 497.207 497.074 496.927 496.774 496.687 496.572 496.449 496.352 496.189 496.009 495.844 495.629 495.497 495.479 495.602 495.794 495.794 495.822 495.872 495.882 495.914 495.974 496.012 496.137 496.382 496.547 496.597
501.172 501.087 501.082 500.934 500.794 500.752 500.682 500.709 500.774 500.799 500.764 500.694 500.709 500.662 500.597 500.529 500.494 500.364 500.252 500.282 500.154 500.077 499.932 499.714 499.444 499.232 498.974 498.787 498.674 498.442 498.239 498.002 497.827 497.652 497.584 497.562 497.479 497.407 497.379 497.357 497.334 497.157 496.927 496.837 496.712 496.597 496.387 496.342 496.247 496.034 495.919 495.809 495.682 495.432 495.262 495.222 495.297 495.394 495.604 495.619 495.697 495.824 495.782 495.822 495.884 495.937 496.037 496.222 496.417 496.544
500.899 500.857 500.947 500.792 500.647 500.512 500.539 500.537 500.612 500.712 500.602 500.487 500.489 500.417 500.382 500.317 500.322 500.109 499.932 499.934 499.827 499.669 499.539 499.344 499.012 498.769 498.514 498.317 498.174 497.992 497.759 497.537 497.417 497.374 497.287 497.212 497.192 497.087 496.972 496.887 496.869 496.727 496.607 496.479 496.357 496.284 496.092 496.047 495.889 495.734 495.582 495.479 495.389 495.157 495.012 495.029 495.062 495.117 495.339 495.539 495.484 495.574 495.589 495.699 495.772 495.847 496.007 496.167 496.294 496.429
500.657 500.697 500.667 500.487 500.389 500.287 500.299 500.319 500.389 500.404 500.354 500.252 500.279 500.252 500.144 499.967 499.924 499.854 499.612 499.472 499.432 499.239 499.087 498.907 498.577 498.337 498.067 497.777 497.567 497.467 497.267 497.159 497.162 497.124 497.052 496.899 496.792 496.727 496.567 496.502 496.534 496.387 496.269 496.137 495.962 495.799 495.779 495.699 495.634 495.437 495.262 495.204 495.029 494.824 494.787 494.829 494.777 494.829 494.992 495.222 495.364 495.437 495.494 495.579 495.674 495.734 495.952 496.109 496.314 496.377
500.442 500.434 500.372 500.182 500.144 500.177 500.139 500.149 500.192 500.207 500.234 500.064 500.037 500.012 499.747 499.599 499.584 499.492 499.262 499.039 498.899 498.759 498.614 498.474 498.249 497.917 497.577 497.272 497.117 497.074 497.084 497.004 496.954 496.839 496.604 496.464 496.339 496.222 496.029 495.959 496.022 495.962 495.834 495.659 495.437 495.324 495.384 495.362 495.294 495.134 494.937 494.747 494.627 494.504 494.439 494.499 494.547 494.614 494.762 495.172 495.229 495.379 495.524 495.487 495.549 495.682 496.072 496.202 496.227 496.182
500.142 500.124 500.059 499.957 499.969 499.977 499.919 499.894 499.919 499.962 499.927 499.739 499.639 499.577 499.414 499.219 499.142 499.122 498.907 498.692 498.509 498.392 498.189 497.964 497.667 497.412 497.124 496.857 496.754 496.764 496.749 496.647 496.514 496.324 496.042 495.944 495.934 495.762 495.532 495.507 495.562 495.489 495.357 495.217 495.034 494.939 494.979 494.987 494.924 494.822 494.624 494.359 494.182 494.009 493.872 494.212 494.379 494.477 494.647 495.014 495.224 495.324 495.369 495.382 495.452 495.724 495.992 496.117 496.199 496.157
499.884 499.837 499.742 499.762 499.814 499.782 499.719 499.727 499.657 499.624 499.567 499.427 499.329 499.274 499.112 498.902 498.724 498.669 498.539 498.274 498.174 498.054 497.764 497.442 497.162 496.962 496.739 496.559 496.512 496.504 496.427 496.217 496.052 496.059 495.804 495.592 495.489 495.394 495.179 495.094 495.079 495.099 494.979 494.729 494.474 494.392 494.542 494.549 494.509 494.457 494.197 493.902 493.597 493.322 493.322 493.912 494.144 494.367 494.674 494.974 495.227 495.259 495.304 495.337 495.402 495.597 495.762 495.892 495.994 496.024
499.582 499.507 499.534 499.527 499.582 499.537 499.492 499.507 499.449 499.414 499.299 499.154 499.014 498.899 498.792 498.639 498.412 498.287 498.192 497.972 497.812 497.574 497.312 496.982 496.682 496.547 496.407 496.292 496.289 496.232 496.069 495.877 495.789 495.667 495.587 495.342 495.107 494.997 494.844 494.857 494.897 494.794 494.654 494.257 493.879 493.769 493.844 493.867 493.974 493.924 493.732 493.479 492.939 492.714 492.737 493.274 493.842 494.297 494.557 494.837 495.134 495.212 495.254 495.314 495.352 495.474 495.672 495.804 495.929 496.017
499.399 499.369 499.397 499.334 499.337 499.259 499.149 499.227 499.257 499.239 499.144 498.969 498.817 498.659 498.444 498.309 498.109 498.007 497.874 497.592 497.414 497.147 496.844 496.449 496.357 496.207 496.004 495.919 495.994 495.927 495.779 495.634 495.614 495.487 495.332 495.139 494.844 494.597 494.449 494.494 494.559 494.507 494.284 494.117 494.074 494.062 493.837 493.682 493.679 493.532 493.409 493.244 492.724 492.297 492.354 492.714 493.662 494.114 494.432 494.709 494.954 495.074 495.177 495.257 495.312 495.464 495.704 495.824 495.899 495.892
499.239 499.324 499.329 499.202 499.064 498.954 498.899 498.919 498.999 498.897 498.772 498.634 498.579 498.372 498.224 498.179 497.914 497.679 497.449 497.212 496.979 496.712 496.464 496.222 496.114 495.994 495.749 495.634 495.637 495.612 495.559 495.462 495.392 495.229 495.092 494.902 494.592 494.262 494.012 494.067 494.122 494.099 494.029 494.067 494.087 494.087 493.917 493.797 493.694 493.569 493.444 493.322 493.047 492.594 492.452 492.902 493.737 494.152 494.422 494.709 494.807 494.939 495.047 495.357 495.372 495.342 495.549 495.867 495.969 495.902
499.059 499.114 499.062 498.952 498.822 498.727 498.739 498.682 498.587 498.457 498.289 498.284 498.147 498.037 497.884 497.777 497.567 497.257 497.087 496.857 496.577 496.304 496.099 495.954 495.864 495.702 495.572 495.414 495.277 495.194 495.164 495.169 495.117 495.017 494.834 494.602 494.277 493.999 493.729 493.627 493.594 493.619 493.662 493.804 493.882 493.942 493.909 493.704 493.624 493.594 493.589 493.442 493.259 493.092 493.012 493.492 493.894 494.127 494.392 494.644 494.684 494.804 494.904 495.162 495.234 495.314 495.549 495.814 495.842 495.869
498.837 498.757 498.729 498.584 498.484 498.424 498.427 498.369 498.207 498.067 497.949 497.822 497.687 497.599 497.459 497.344 497.182 497.027 496.802 496.542 496.322 495.974 495.827 495.759 495.549 495.379 495.234 495.132 495.052 494.904 494.784 494.769 494.782 494.689 494.574 494.287 494.092 493.787 493.514 493.137 492.924 493.199 493.329 493.352 493.422 493.452 493.532 493.517 493.534 493.577 493.639 493.647 493.577 493.524 493.579 493.777 494.077 494.192 494.457 494.567 494.604 494.752 494.742 494.929 495.079 495.289 495.557 495.682 495.769 495.829
498.529 498.442 498.412 498.282 498.109 498.107 498.062 497.892 497.692 497.704 497.567 497.399 497.297 497.159 497.077 497.004 496.844 496.654 496.419 496.152 495.954 495.744 495.524 495.442 495.282 495.039 494.872 494.987 495.022 494.817 494.539 494.404 494.382 494.339 494.207 494.062 493.934 493.729 493.502 493.164 492.902 492.919 492.967 492.982 493.092 493.149 493.229 493.237 493.354 493.464 493.534 493.634 493.619 493.642 493.782 493.924 494.017 494.319 494.462 494.459 494.539 494.652 494.732 494.789 494.967 495.199 495.437 495.569 495.709 495.744
498.267 498.229 498.114 497.952 497.814 497.634 497.697 497.489 497.472 497.394 497.204 497.022 496.909 496.762 496.694 496.637 496.474 496.317 496.084 495.767 495.512 495.382 495.297 495.102 494.997 494.754 494.669 494.764 494.884 494.619 494.337 494.157 494.087 493.999 493.954 493.787 493.654 493.552 493.339 493.137 492.809 492.717 492.817 492.787 492.889 492.939 492.974 493.039 493.137 493.329 493.369 493.437 493.482 493.647 493.779 493.944 493.974 494.219 494.314 494.347 494.427 494.539 494.617 494.792 494.902 495.094 495.319 495.392 495.484 495.537
497.999 497.889 497.809 497.739 497.499 497.299 497.224 497.167 497.087 496.927 496.797 496.627 496.562 496.459 496.374 496.292 496.059 495.919 495.639 495.382 495.249 495.074 494.762 494.654 494.597 494.557 494.447 494.527 494.509 494.382 494.124 493.999 493.832 493.712 493.534 493.464 493.302 493.232 493.067 493.022 492.734 492.594 492.554 492.487 492.587 492.634 492.609 492.732 492.784 492.997 493.137 493.272 493.392 493.499 493.642 493.782 493.897 493.992 494.222 494.294 494.382 494.432 494.539 494.652 494.819 494.999 495.187 495.284 495.382 495.504
497.659 497.674 497.597 497.482 497.279 497.127 496.962 496.857 496.744 496.574 496.487 496.332 496.304 496.207 496.134 495.954 495.714 495.467 495.164 494.939 494.849 494.492 494.312 494.259 494.112 493.987 494.032 494.117 494.054 493.997 493.839 493.564 493.327 493.269 493.009 492.877 492.749 492.659 492.552 492.619 492.517 492.294 492.252 492.247 492.269 492.299 492.352 492.254 492.314 492.487 492.787 493.042 493.117 493.349 493.532 493.657 493.747 493.847 494.014 494.069 494.142 494.292 494.319 494.504 494.732 494.907 495.074 495.224 495.347 495.447
497.339 497.287 497.249 497.172 497.017 496.814 496.729 496.589 496.469 496.272 496.149 496.002 495.889 495.784 495.694 495.444 495.169 494.937 494.642 494.442 494.319 494.012 493.819 493.782 493.587 493.427 493.532 493.619 493.604 493.549 493.512 493.137 492.862 492.662 492.492 492.297 492.017 492.037 492.072 491.982 491.782 491.652 491.577 491.962 492.042 491.969 491.892 491.469 491.402 491.809 492.264 492.722 492.994 493.209 493.394 493.507 493.699 493.704 493.899 493.897 493.957 494.134 494.229 494.394 494.589 494.769 494.967 495.114 495.192 495.362
496.892 496.854 496.849 496.779 496.677 496.557 496.379 496.277 496.174 495.989 495.839 495.719 495.572 495.329 495.134 494.887 494.589 494.419 494.159 493.967 493.869 493.627 493.562 493.292 493.034 492.912 493.069 493.169 493.169 493.009 492.659 492.172 491.704 491.424 491.697 491.739 491.439 491.542 491.477 491.109 490.484 490.237 490.419 491.434 491.677 491.582 491.512 490.807 490.207 490.844 491.929 492.569 492.887 492.922 493.162 493.369 493.437 493.544 493.607 493.722 493.869 493.979 494.179 494.444 494.504 494.649 494.859 494.959 495.102 495.322
496.657 496.457 496.364 496.217 496.222 496.172 496.029 495.912 495.802 495.689 495.454 495.322 495.117 494.912 494.672 494.307 494.072 493.984 493.794 493.622 493.457 493.202 493.062 492.862 492.694 492.614 492.697 492.874 492.784 492.424 491.622 491.047 490.624 490.457 490.457 490.764 491.112 491.189 490.954 490.159 489.194 488.994 489.649 490.907 491.382 491.347 491.304 490.899 490.377 491.122 491.997 492.477 492.749 492.859 493.039 493.187 493.239 493.289 493.364 493.497 493.667 493.952 494.217 494.364 494.444 494.564 494.704 494.864 495.024 495.179
496.507 496.384 496.197 496.047 495.974 495.837 495.699 495.659 495.562 495.419 495.247 494.979 494.784 494.562 494.284 494.032 493.862 493.664 493.474 493.252 493.122 493.004 492.794 492.707 492.529 492.309 492.329 492.572 492.507 491.832 490.662 489.784 489.327 488.952 489.197 489.867 490.452 490.767 490.517 489.444 488.299 488.674 489.682 490.619 491.137 491.212 491.374 491.509 491.537 491.857 492.199 492.474 492.609 492.707 492.837 492.982 493.112 493.144 493.194 493.349 493.507 493.754 494.044 494.139 494.259 494.404 494.604 494.774 494.959 495.124
496.112 496.054 495.969 495.907 495.834 495.779 495.569 495.344 495.299 495.257 495.092 494.884 494.474 494.182 493.934 493.737 493.519 493.294 493.057 492.849 492.764 492.632 492.539 492.499 492.292 492.094 491.989 492.112 491.837 490.797 489.502 488.514 487.609 487.427 487.877 488.929 490.092 490.389 490.169 489.932 489.567 489.764 490.399 490.717 491.024 491.072 491.212 491.457 491.679 491.802 491.974 492.212 492.389 492.547 492.672 492.822 492.982 493.017 493.077 493.209 493.367 493.594 493.877 493.934 494.032 494.162 494.389 494.554 494.757 494.957
495.887 495.837 495.764 495.714 495.567 495.482 495.357 495.299 495.034 494.927 494.819 494.609 494.149 493.919 493.754 493.404 493.137 492.962 492.872 492.619 492.477 492.359 492.232 492.154 492.077 491.912 491.752 491.659 491.132 489.852 488.522 487.522 486.757 486.637 487.447 488.774 490.039 490.459 490.467 490.559 490.479 490.489 490.639 490.689 490.719 490.792 490.932 491.057 491.117 491.184 491.537 491.932 492.197 492.362 492.519 492.662 492.769 492.882 492.929 493.069 493.267 493.432 493.607 493.734 493.762 493.917 494.137 494.212 494.367 494.594
