20220701_namedtuples/mapdata/sd8577_DSM_2M.asc
ncols 500
nrows 500
xllcorner    385000
yllcorner    477000
cellsize     2
NODATA_value -9999
[rows 403 to 433 of 500, columns 350 to 419 of 500]
494.349 494.534 494.722 494.854 494.952 495.082 495.087 495.037 495.009 495.474 495.409 495.304 495.344 495.317 495.392 495.469 495.404 495.284 495.207 495.199 495.282 495.164 495.182 495.149 495.082 494.919 494.954 494.899 494.714 494.562 494.527 494.447 494.254 494.007 493.932 493.887 493.662 493.614 493.524 493.322 493.202 493.047 492.907 492.672 492.577 492.437 492.237 492.014 491.992 491.837 491.612 491.512 491.384 491.279 491.064 490.864 490.684 490.512 490.284 490.062 489.769 489.457 489.207 488.964 488.687 488.377 488.052 487.849 487.587 487.339
493.937 494.179 494.387 494.529 494.684 494.819 494.904 494.907 495.009 495.292 495.262 495.192 495.152 495.117 495.139 495.189 495.137 495.024 495.012 494.972 494.959 494.892 494.949 494.942 494.809 494.727 494.722 494.609 494.469 494.294 494.242 494.157 494.029 493.749 493.612 493.632 493.447 493.279 493.224 493.077 492.999 492.797 492.544 492.449 492.284 492.152 491.987 491.852 491.814 491.629 491.449 491.264 491.112 491.022 490.804 490.579 490.379 490.189 490.007 489.742 489.442 489.154 488.927 488.662 488.354 488.052 487.754 487.509 487.224 487.024
493.549 493.797 494.047 494.239 494.434 494.589 494.662 494.714 494.804 494.919 495.082 494.819 494.962 494.969 494.927 494.929 494.884 494.767 494.799 494.772 494.704 494.689 494.727 494.732 494.642 494.509 494.414 494.352 494.264 494.022 493.889 493.797 493.692 493.407 493.312 493.269 493.154 493.072 492.987 492.814 492.694 492.467 492.284 492.244 492.094 491.877 491.749 491.624 491.612 491.409 491.189 491.019 490.832 490.669 490.509 490.337 490.102 489.839 489.632 489.397 489.144 488.877 488.642 488.362 488.034 487.744 487.467 487.164 486.897 486.739
493.172 493.414 493.547 493.744 494.074 494.304 494.372 494.462 494.577 494.602 495.007 494.594 494.684 494.769 494.724 494.664 494.519 494.489 494.542 494.524 494.539 494.484 494.397 494.424 494.329 494.222 494.142 494.019 493.969 493.814 493.607 493.424 493.307 493.204 493.162 492.984 492.884 492.849 492.737 492.524 492.377 492.229 492.077 492.029 491.897 491.669 491.462 491.367 491.237 491.054 490.867 490.724 490.497 490.354 490.187 489.954 489.769 489.469 489.232 488.977 488.687 488.467 488.289 488.002 487.692 487.402 487.149 486.864 486.639 486.419
492.829 493.077 493.232 493.432 493.622 493.857 494.042 494.197 494.297 494.324 494.657 494.369 494.319 494.472 494.409 494.339 494.299 494.232 494.252 494.239 494.304 494.197 494.074 494.077 493.997 493.847 493.844 493.744 493.734 493.557 493.357 493.157 493.019 492.992 492.904 492.737 492.587 492.462 492.427 492.272 492.079 491.974 491.852 491.714 491.632 491.384 491.164 491.019 490.884 490.704 490.472 490.309 490.087 489.912 489.712 489.542 489.307 489.037 488.717 488.452 488.189 488.024 487.867 487.607 487.342 487.064 486.772 486.464 486.174 486.047
492.434 492.672 492.859 493.107 493.332 493.579 493.732 493.867 494.009 494.074 494.284 494.054 494.019 494.162 494.147 494.019 494.067 493.954 493.962 493.924 493.934 493.857 493.852 493.819 493.729 493.612 493.512 493.444 493.424 493.299 493.079 492.927 492.782 492.699 492.639 492.544 492.307 492.159 492.014 491.979 491.887 491.667 491.519 491.414 491.334 491.119 490.899 490.724 490.604 490.387 490.054 489.872 489.724 489.519 489.317 489.149 488.899 488.659 488.309 488.037 487.812 487.592 487.484 487.182 486.837 486.537 486.127 485.729 485.594 485.414
492.107 492.279 492.544 492.744 493.064 493.299 493.442 493.604 493.754 493.784 494.187 493.802 493.734 493.857 493.847 493.769 493.797 493.752 493.717 493.744 493.737 493.672 493.639 493.627 493.427 493.324 493.204 493.209 493.114 493.014 492.827 492.654 492.514 492.407 492.354 492.227 492.069 491.917 491.654 491.647 491.584 491.394 491.229 491.119 491.047 490.837 490.617 490.449 490.232 490.009 489.817 489.639 489.399 489.094 488.774 488.682 488.529 488.279 488.017 487.722 487.502 487.269 487.022 486.727 486.474 485.987 485.547 485.359 485.244 485.089
491.817 491.997 492.199 492.477 492.774 492.989 493.174 493.339 493.469 493.537 493.737 493.492 493.469 493.504 493.517 493.499 493.554 493.469 493.389 493.419 493.397 493.354 493.309 493.229 493.274 493.139 493.022 492.939 492.857 492.642 492.484 492.317 492.219 492.104 492.017 491.914 491.719 491.662 491.509 491.357 491.274 491.164 490.987 490.822 490.667 490.484 490.384 490.182 489.949 489.722 489.532 489.339 489.034 488.634 488.389 488.194 488.114 487.892 487.632 487.377 487.182 486.909 486.612 486.222 485.999 485.732 485.354 485.117 484.894 484.737
491.592 491.699 491.844 492.159 492.472 492.682 492.859 492.992 493.164 493.199 493.422 493.279 493.114 493.174 493.227 493.242 493.282 493.232 493.139 493.089 493.012 493.034 492.982 492.934 492.964 492.902 492.717 492.642 492.572 492.317 492.134 492.049 491.972 491.767 491.724 491.659 491.459 491.449 491.277 491.137 490.989 490.882 490.737 490.459 490.224 490.064 489.957 489.794 489.544 489.384 489.197 488.959 488.677 488.317 488.049 487.839 487.712 487.474 487.137 486.959 486.794 486.374 485.994 485.594 485.364 485.109 484.864 484.702 484.557 484.372
491.277 491.434 491.709 491.924 492.189 492.447 492.624 492.759 492.844 492.832 492.967 493.027 492.834 492.874 492.902 492.952 493.022 492.992 492.872 492.862 492.734 492.699 492.672 492.712 492.594 492.577 492.437 492.332 492.279 492.067 491.952 491.829 491.747 491.589 491.542 491.389 491.209 491.122 491.052 490.869 490.692 490.567 490.352 490.074 489.819 489.619 489.487 489.314 489.089 488.912 488.679 488.442 488.197 487.944 487.619 487.342 487.097 486.874 486.689 486.537 486.359 485.994 485.527 485.149 484.892 484.604 484.407 484.304 484.207 483.942
490.952 491.187 491.404 491.724 491.934 492.162 492.289 492.424 492.502 492.519 492.572 492.697 492.554 492.534 492.609 492.659 492.772 492.722 492.694 492.679 492.502 492.379 492.367 492.427 492.337 492.257 492.214 492.057 491.994 491.872 491.752 491.584 491.442 491.349 491.269 491.137 490.994 490.847 490.777 490.622 490.399 490.209 490.034 489.739 489.469 489.229 489.049 488.812 488.557 488.252 487.929 487.759 487.657 487.374 487.017 486.772 486.552 486.404 486.294 486.142 485.884 485.492 485.232 484.869 484.609 484.357 484.177 484.034 483.839 483.599
490.579 490.882 491.159 491.327 491.612 491.827 491.957 492.112 492.177 492.197 492.262 492.414 492.284 492.272 492.312 492.417 492.454 492.417 492.424 492.437 492.272 492.129 492.177 492.229 492.169 492.052 491.994 491.909 491.764 491.632 491.419 491.292 491.129 491.027 490.987 490.897 490.742 490.639 490.477 490.322 490.059 489.852 489.632 489.332 488.984 488.642 488.382 488.102 487.709 487.319 487.112 487.047 487.034 486.839 486.524 486.197 486.039 485.952 485.999 485.869 485.492 485.154 484.847 484.597 484.369 484.064 483.897 483.692 483.409 483.124
490.277 490.529 490.769 491.007 491.204 491.424 491.582 491.764 491.897 491.907 491.899 492.287 491.989 491.972 492.054 492.162 492.172 492.164 492.049 491.902 491.902 491.869 491.987 491.907 491.857 491.752 491.717 491.604 491.459 491.304 491.179 491.082 490.849 490.769 490.697 490.619 490.497 490.397 490.194 489.947 489.642 489.444 489.137 488.714 488.309 487.947 487.614 487.239 486.899 486.734 486.654 486.637 486.572 486.334 486.067 485.859 485.672 485.609 485.589 485.532 485.214 484.914 484.584 484.304 484.142 483.799 483.627 483.359 482.962 482.709
489.937 490.239 490.449 490.714 490.909 491.134 491.202 491.342 491.484 491.582 491.609 491.909 491.677 491.594 491.769 491.894 491.884 491.824 491.709 491.634 491.584 491.539 491.589 491.584 491.537 491.467 491.414 491.272 491.202 491.017 490.917 490.847 490.704 490.577 490.434 490.359 490.144 490.019 489.737 489.432 489.134 488.784 488.437 488.137 487.772 487.417 487.019 486.744 486.672 486.534 486.284 486.192 486.134 485.982 485.799 485.534 485.342 485.214 485.322 485.232 484.944 484.704 484.329 483.954 483.797 483.567 483.389 483.119 482.709 482.414
489.629 489.949 490.222 490.484 490.772 490.874 490.939 491.012 491.167 491.284 491.307 491.517 491.497 491.417 491.514 491.587 491.549 491.514 491.427 491.359 491.334 491.367 491.289 491.289 491.249 491.199 491.104 490.984 490.867 490.752 490.622 490.557 490.459 490.309 490.182 490.022 489.769 489.517 489.134 488.779 488.417 488.102 487.837 487.634 487.352 487.002 486.699 486.522 486.369 486.012 485.832 485.787 485.707 485.584 485.472 485.199 484.992 484.804 484.797 484.837 484.604 484.327 483.887 483.459 483.424 483.357 483.217 482.859 482.507 482.227
489.504 489.752 490.004 490.209 490.337 490.562 490.684 490.694 490.762 490.832 490.927 491.302 491.194 491.124 491.174 491.212 491.204 491.187 491.159 491.107 491.124 491.084 491.057 491.019 490.942 490.879 490.774 490.652 490.547 490.422 490.337 490.247 490.139 489.924 489.772 489.537 489.289 488.957 488.477 488.067 487.667 487.354 487.242 487.039 486.877 486.632 486.369 486.019 485.739 485.489 485.347 485.299 485.292 485.219 485.162 484.887 484.329 483.934 484.282 484.382 484.127 483.809 483.509 483.372 483.267 483.059 482.799 482.517 482.309 482.029
489.347 489.609 489.802 489.897 490.014 490.194 490.339 490.429 490.494 490.494 490.587 490.914 490.922 490.794 490.804 490.902 490.909 490.909 490.857 490.872 490.842 490.809 490.814 490.749 490.602 490.529 490.409 490.227 490.059 490.062 489.989 489.877 489.674 489.457 489.237 488.979 488.692 488.254 487.782 487.487 487.127 486.872 486.759 486.444 486.359 486.294 486.069 485.747 485.464 485.242 485.077 485.004 484.929 484.819 484.732 484.527 484.009 483.209 483.537 483.724 483.644 483.504 483.289 483.029 482.814 482.594 482.317 482.082 481.824 481.669
489.192 489.407 489.487 489.617 489.774 489.897 490.032 490.164 490.269 490.289 490.372 490.462 490.624 490.502 490.464 490.607 490.619 490.599 490.579 490.584 490.532 490.544 490.499 490.359 490.232 490.157 490.039 489.909 489.802 489.732 489.619 489.394 489.184 488.912 488.622 488.284 487.932 487.627 487.347 487.127 486.804 486.479 486.262 486.002 485.927 485.877 485.757 485.564 485.294 485.054 484.814 484.594 484.437 484.257 484.094 483.964 483.687 483.424 483.452 483.437 483.337 483.109 482.849 482.529 482.252 482.147 481.967 481.707 481.477 481.247
488.917 489.089 489.237 489.344 489.422 489.564 489.724 489.837 489.977 490.032 490.069 490.137 490.494 490.242 490.149 490.247 490.284 490.257 490.234 490.217 490.164 490.107 490.094 489.897 489.772 489.689 489.654 489.582 489.454 489.327 489.119 488.874 488.657 488.402 488.047 487.697 487.407 487.182 487.007 486.774 486.434 486.112 485.809 485.707 485.602 485.614 485.559 485.309 485.059 484.779 484.547 484.077 483.512 483.529 483.379 483.437 483.404 483.324 483.202 483.037 482.794 482.482 482.174 482.037 481.959 481.879 481.709 481.474 481.159 480.487
488.597 488.752 488.924 489.074 489.142 489.302 489.404 489.497 489.562 489.664 489.687 489.754 490.057 489.842 489.824 489.849 489.894 489.909 489.899 489.829 489.754 489.717 489.714 489.552 489.394 489.272 489.172 489.042 488.957 488.869 488.692 488.419 488.222 487.864 487.479 487.209 487.002 486.779 486.552 486.352 486.117 485.799 485.454 485.042 484.977 485.107 485.084 484.889 484.764 484.524 484.189 483.739 483.067 482.757 482.992 483.154 483.149 483.002 482.682 482.284 482.029 481.939 481.802 481.742 481.642 481.502 481.372 481.172 480.847 480.194
488.134 488.469 488.622 488.824 488.944 488.977 489.104 489.222 489.192 489.272 489.327 489.397 489.679 489.524 489.419 489.514 489.509 489.532 489.509 489.454 489.314 489.354 489.329 489.217 489.027 488.819 488.647 488.569 488.459 488.364 488.267 488.082 487.819 487.267 486.954 486.702 486.494 486.362 486.179 486.062 485.852 485.562 485.159 484.454 484.114 484.337 484.524 484.297 484.249 483.962 483.557 483.179 482.839 482.382 482.572 482.724 482.717 482.489 482.042 481.734 481.602 481.587 481.569 481.474 481.319 481.179 481.012 480.829 480.572 480.254
487.552 487.877 488.152 488.449 488.617 488.677 488.754 488.864 488.882 488.887 488.939 489.007 489.467 489.164 489.167 489.172 489.199 489.207 489.134 489.062 488.917 488.894 488.909 488.774 488.472 488.192 487.977 487.897 487.774 487.699 487.652 487.482 487.199 486.824 486.509 486.139 485.777 485.592 485.642 485.679 485.564 485.262 484.724 483.939 483.387 483.577 483.657 483.602 483.537 483.327 483.024 482.809 482.577 482.367 482.264 482.194 482.104 481.842 481.562 481.377 481.327 481.397 481.354 481.179 480.982 480.792 480.599 480.462 480.244 480.027
487.099 487.529 487.867 488.132 488.352 488.412 488.419 488.477 488.494 488.577 488.567 488.637 488.994 488.862 488.792 488.862 488.837 488.792 488.719 488.659 488.517 488.472 488.362 488.174 487.837 487.602 487.434 487.309 487.187 487.154 487.079 486.927 486.664 486.319 485.947 485.619 485.232 485.094 485.057 485.137 484.994 484.652 484.319 483.754 483.372 483.317 483.297 483.197 483.184 483.037 482.779 482.629 482.469 482.229 481.944 481.789 481.574 481.397 481.212 481.137 481.239 481.217 481.099 480.862 480.637 480.392 480.149 480.052 479.864 479.669
486.744 487.237 487.474 487.637 487.947 488.139 488.094 488.087 488.129 488.157 488.167 488.244 488.492 488.499 488.454 488.394 488.374 488.344 488.277 488.179 488.089 487.997 487.849 487.589 487.312 487.109 486.912 486.722 486.689 486.652 486.549 486.367 486.124 485.919 485.659 485.242 484.804 484.142 484.294 484.402 484.242 484.012 483.762 483.482 483.244 483.172 483.052 482.947 482.837 482.704 482.562 482.404 482.209 481.979 481.549 481.257 481.184 481.124 481.042 481.064 481.084 480.964 480.747 480.517 480.274 480.002 479.782 479.552 479.397 479.139
486.517 486.884 487.067 487.282 487.592 487.834 487.827 487.822 487.859 487.909 487.867 487.917 487.932 488.307 488.172 488.022 487.919 487.994 487.922 487.769 487.672 487.517 487.357 487.132 486.882 486.627 486.377 486.169 486.129 486.079 486.012 485.894 485.729 485.594 485.282 484.809 484.177 483.719 483.732 483.769 483.649 483.492 483.297 483.187 483.089 483.017 482.927 482.789 482.619 482.467 482.334 482.134 481.929 481.609 481.087 480.702 480.669 480.784 480.824 480.802 480.724 480.567 480.327 480.094 479.899 479.644 479.307 478.934 478.719 478.402
485.932 486.244 486.617 486.964 487.247 487.467 487.502 487.494 487.579 487.619 487.589 487.639 487.647 487.819 487.764 487.714 487.524 487.427 487.387 487.192 487.137 487.054 486.924 486.717 486.492 486.317 486.017 485.702 485.554 485.424 485.384 485.474 485.287 485.077 484.712 484.359 483.852 483.599 483.469 483.429 483.339 483.187 483.099 482.982 482.852 482.749 482.649 482.517 482.364 482.232 482.044 481.807 481.414 481.064 480.739 480.289 480.099 480.289 480.424 480.359 480.279 480.072 479.802 479.579 479.232 478.967 478.619 478.237 477.919 477.622
485.104 485.597 486.257 486.744 486.952 487.109 487.084 487.037 487.162 487.212 487.292 487.377 487.339 487.569 487.394 487.287 486.954 486.702 486.504 486.474 486.544 486.489 486.352 486.257 486.137 485.884 485.549 485.117 484.957 484.802 484.739 484.652 484.434 484.207 483.964 483.732 483.484 483.302 483.214 483.177 483.129 483.017 482.879 482.689 482.514 482.427 482.379 482.232 482.042 481.877 481.717 481.369 480.839 480.672 480.382 479.857 479.499 479.539 479.857 479.942 479.714 479.394 479.084 478.724 478.362 478.139 477.889 477.612 477.274 476.934
485.234 485.687 486.247 486.522 486.622 486.642 486.634 486.604 486.542 486.599 486.754 486.927 486.937 487.074 486.852 486.767 486.527 486.269 486.082 486.097 486.062 485.952 485.814 485.727 485.739 485.509 485.097 484.394 484.059 483.982 483.997 483.919 483.884 483.724 483.592 483.414 483.257 483.117 483.052 483.007 482.954 482.864 482.599 482.334 482.164 482.049 481.999 481.849 481.704 481.537 481.302 480.957 480.522 480.342 480.059 479.544 478.749 478.719 479.177 479.339 478.999 478.514 478.187 477.909 477.719 477.497 477.224 476.909 476.559 475.942
485.917 485.972 486.097 486.167 486.304 486.327 486.272 486.077 485.904 485.937 486.149 486.342 486.419 486.512 486.289 486.212 486.077 485.607 485.677 485.669 485.627 485.444 485.334 485.309 485.329 485.254 484.767 483.912 483.589 483.517 483.514 483.517 483.529 483.472 483.397 483.274 483.122 482.994 482.877 482.804 482.699 482.509 482.244 481.887 481.759 481.647 481.502 481.402 481.264 481.122 480.892 480.577 480.237 480.014 479.827 479.442 478.699 478.337 478.704 478.682 478.232 477.844 477.532 477.367 477.094 476.757 476.362 476.014 475.614 475.292
485.659 485.659 485.674 485.574 485.579 485.842 485.747 485.472 485.417 485.357 485.579 485.807 485.892 485.924 485.909 485.739 485.629 485.294 485.112 485.179 485.184 485.159 484.839 484.819 484.689 484.559 484.272 483.724 483.447 483.357 483.287 483.244 483.244 483.262 483.242 483.177 483.034 482.859 482.662 482.489 482.344 482.117 481.784 481.574 481.387 481.152 480.944 480.879 480.759 480.664 480.479 480.247 479.974 479.714 479.464 479.214 478.877 478.544 478.357 478.132 477.757 477.367 476.979 476.612 476.319 475.944 475.624 475.387 475.227 475.037
485.319 485.157 485.142 484.844 484.887 485.372 485.169 484.744 484.547 484.764 485.079 485.389 485.472 485.517 485.344 485.332 485.219 484.892 484.609 484.527 484.634 484.554 484.119 484.009 483.907 483.897 483.787 483.454 483.299 483.187 483.109 483.017 483.012 483.079 483.052 482.952 482.774 482.534 482.324 482.164 481.947 481.737 481.502 481.302 480.969 480.557 480.167 480.192 480.194 480.174 480.112 479.922 479.634 479.237 479.042 478.847 478.564 478.294 478.024 477.714 477.437 477.097 476.729 476.377 476.037 475.719 475.469 475.212 475.047 474.874
