20220701_namedtuples/mapdata/sd8576_DSM_2M.asc
ncols 500
nrows 500
xllcorner    385000
yllcorner    476000
cellsize     2
NODATA_value -9999
[rows 120 to 149 of 500, columns 272 to 339 of 500]
430.624 430.314 430.012 429.714 429.459 429.012 428.652 428.294 428.217 428.062 427.849 427.712 427.592 427.432 427.294 427.132 426.912 426.552 426.322 426.117 426.057 425.824 425.582 425.337 425.059 424.764 424.514 424.294 424.032 423.774 423.539 423.349 423.094 422.792 422.372 421.784 421.212 420.932 420.769 421.062 421.262 421.449 421.544 421.542 421.484 421.494 421.457 421.457 421.392 421.372 421.389 421.372 421.399 421.379 421.322 421.302 421.287 421.129 420.952 420.747 420.587 420.502 420.414 420.289 420.194 420.154 420.114 420.022
430.269 430.004 429.687 429.389 429.049 428.749 428.342 427.967 427.632 427.634 427.454 427.294 427.137 426.987 426.887 426.684 426.522 426.209 425.977 425.769 425.547 425.339 425.142 424.922 424.669 424.387 424.167 423.962 423.722 423.424 423.167 422.937 422.709 422.459 421.979 421.477 420.854 420.414 420.192 420.409 420.747 420.982 421.034 421.054 420.987 420.999 421.059 421.049 421.042 421.044 420.982 420.984 421.009 420.999 421.004 420.967 420.914 420.814 420.604 420.359 420.229 420.047 419.944 419.839 419.789 419.714 419.679 419.622
429.824 429.527 429.187 428.922 428.627 428.279 428.024 427.709 427.284 427.082 427.012 426.849 426.714 426.557 426.454 426.282 426.094 425.859 425.624 425.509 425.337 425.019 424.732 424.587 424.272 424.037 423.829 423.602 423.404 423.107 422.842 422.589 422.344 422.014 421.644 421.119 420.497 420.004 419.777 419.909 420.124 420.329 420.494 420.549 420.492 420.564 420.612 420.629 420.624 420.609 420.582 420.599 420.617 420.644 420.677 420.622 420.542 420.472 420.347 420.077 419.849 419.659 419.489 419.362 419.334 419.259 419.199 419.169
429.339 429.039 428.702 428.417 428.119 427.779 427.499 427.282 426.949 426.657 426.557 426.462 426.349 426.194 426.027 425.894 425.737 425.522 425.337 425.099 424.922 424.739 424.522 424.327 423.992 423.652 423.444 423.224 423.079 422.782 422.524 422.272 421.964 421.642 421.312 420.789 420.167 419.707 419.342 419.379 419.547 419.769 419.939 420.027 420.044 420.094 420.162 420.232 420.229 420.189 420.232 420.229 420.254 420.264 420.279 420.249 420.279 420.137 419.952 419.757 419.527 419.307 419.079 418.904 418.879 418.879 418.827 418.757
428.839 428.572 428.312 427.949 427.637 427.339 426.962 426.952 426.689 426.397 426.217 426.134 426.012 425.872 425.737 425.562 425.352 425.177 424.987 424.704 424.514 424.349 424.164 423.939 423.687 423.402 423.069 422.829 422.744 422.537 422.242 422.012 421.732 421.449 421.054 420.517 419.909 419.382 418.934 418.837 418.977 419.159 419.384 419.512 419.569 419.719 419.759 419.744 419.794 419.802 419.784 419.817 419.847 419.894 419.914 419.912 419.909 419.759 419.584 419.369 419.162 418.897 418.724 418.512 418.439 418.399 418.399 418.322
428.329 428.124 427.862 427.524 427.194 426.844 426.547 426.469 426.417 426.144 425.907 425.847 425.672 425.562 425.392 425.204 425.032 424.842 424.642 424.432 424.172 423.964 423.802 423.559 423.227 422.984 422.769 422.647 422.562 422.234 421.914 421.717 421.489 421.224 420.864 420.387 419.724 419.059 418.582 418.289 418.362 418.622 418.882 419.014 419.152 419.312 419.359 419.364 419.362 419.382 419.379 419.379 419.444 419.494 419.524 419.552 419.522 419.419 419.334 419.109 418.847 418.502 418.272 418.122 418.044 417.999 417.967 417.859
427.844 427.639 427.379 427.087 426.742 426.484 426.244 426.082 426.129 425.952 425.624 425.529 425.377 425.219 425.054 424.902 424.682 424.489 424.274 424.082 423.812 423.619 423.439 423.232 422.962 422.709 422.432 422.299 422.147 421.939 421.714 421.474 421.149 420.879 420.562 420.139 419.552 418.869 418.292 417.844 417.699 417.984 418.352 418.537 418.757 418.904 418.974 419.007 419.012 419.012 419.004 418.989 419.067 419.099 419.142 419.249 419.199 419.137 418.992 418.817 418.479 418.159 417.882 417.754 417.664 417.617 417.622 417.477
427.374 427.097 426.872 426.612 426.384 426.172 426.009 425.837 425.727 425.607 425.354 425.157 425.034 424.874 424.722 424.549 424.327 424.164 423.924 423.674 423.459 423.227 423.022 422.864 422.694 422.449 422.217 421.982 421.759 421.542 421.427 421.132 420.797 420.502 420.269 419.879 419.359 418.709 418.047 417.569 417.289 417.387 417.744 418.002 418.282 418.459 418.597 418.622 418.667 418.652 418.657 418.627 418.632 418.654 418.664 418.777 418.722 418.624 418.514 418.382 418.127 417.744 417.582 417.414 417.264 417.267 417.327 417.137
426.869 426.604 426.404 426.234 426.089 425.902 425.714 425.582 425.427 425.259 425.092 424.804 424.697 424.572 424.419 424.217 423.972 423.809 423.574 423.309 423.137 422.892 422.662 422.514 422.362 422.162 421.937 421.682 421.459 421.247 420.992 420.707 420.459 420.277 419.967 419.554 419.047 418.449 417.872 417.437 417.039 416.919 417.172 417.529 417.802 418.032 418.179 418.239 418.269 418.269 418.229 418.257 418.197 418.202 418.219 418.282 418.274 418.192 418.094 417.914 417.682 417.379 417.159 417.069 416.972 416.962 416.979 416.827
426.367 426.227 425.999 425.857 425.777 425.622 425.489 425.367 425.172 424.947 424.744 424.417 424.334 424.204 424.059 423.869 423.639 423.439 423.194 422.944 422.744 422.547 422.262 422.109 421.977 421.799 421.629 421.369 421.112 420.864 420.639 420.382 420.132 419.892 419.642 419.397 418.964 418.394 417.754 417.152 416.897 416.487 416.619 416.964 417.292 417.539 417.657 417.779 417.844 417.897 417.842 417.807 417.757 417.734 417.729 417.789 417.819 417.764 417.659 417.587 417.302 417.032 416.869 416.839 416.774 416.657 416.647 416.549
425.849 425.779 425.669 425.539 425.409 425.312 425.187 425.037 424.819 424.609 424.382 424.044 423.817 423.764 423.602 423.404 423.189 423.019 422.809 422.599 422.427 422.167 421.887 421.739 421.652 421.469 421.379 421.109 420.809 420.624 420.282 420.102 419.787 419.574 419.362 419.109 418.752 418.297 417.627 416.829 416.289 415.954 416.084 416.392 416.659 416.924 417.039 417.199 417.269 417.337 417.349 417.342 417.297 417.242 417.254 417.242 417.342 417.317 417.244 417.129 416.904 416.639 416.532 416.397 416.357 416.374 416.372 416.214
425.297 425.242 425.202 425.122 425.067 424.952 424.772 424.569 424.419 424.199 423.959 423.679 423.317 423.284 423.187 423.052 422.852 422.637 422.474 422.234 422.067 421.817 421.519 421.344 421.302 421.114 420.944 420.812 420.542 420.307 420.007 419.764 419.514 419.282 419.067 418.794 418.484 418.059 417.487 416.732 415.974 415.574 415.562 415.832 416.007 416.249 416.399 416.524 416.647 416.732 416.819 416.822 416.774 416.767 416.767 416.779 416.834 416.877 416.819 416.662 416.492 416.334 416.267 416.202 416.192 415.969 415.974 415.869
424.757 424.729 424.662 424.602 424.574 424.457 424.244 424.072 423.952 423.717 423.494 423.307 423.019 422.842 422.749 422.559 422.417 422.187 422.039 421.862 421.652 421.404 421.177 420.944 420.927 420.779 420.592 420.427 420.212 420.002 419.774 419.519 419.252 418.989 418.769 418.529 418.232 417.832 417.284 416.534 415.702 415.104 414.992 415.202 415.307 415.437 415.667 415.857 416.032 416.177 416.264 416.254 416.262 416.269 416.264 416.294 416.364 416.437 416.369 416.359 416.197 416.029 415.989 415.924 415.827 415.779 415.639 415.564
424.122 424.144 424.064 424.002 424.002 423.887 423.729 423.512 423.407 423.204 422.982 422.792 422.514 422.427 422.294 422.124 421.972 421.774 421.592 421.397 421.174 420.927 420.742 420.599 420.499 420.394 420.232 420.087 419.887 419.652 419.394 419.169 418.964 418.709 418.464 418.187 417.947 417.564 417.024 416.317 415.567 414.872 414.429 414.522 414.639 414.832 415.059 415.292 415.494 415.627 415.689 415.727 415.742 415.757 415.767 415.879 415.937 415.987 415.992 415.949 415.862 415.779 415.632 415.522 415.467 415.407 415.237 415.179
423.529 423.547 423.502 423.427 423.384 423.282 423.179 422.969 422.842 422.649 422.422 422.264 422.009 421.942 421.762 421.594 421.449 421.247 421.097 420.897 420.677 420.469 420.319 420.252 420.109 420.004 419.819 419.712 419.494 419.262 419.037 418.829 418.639 418.382 418.134 417.864 417.552 417.222 416.777 416.194 415.464 414.807 414.187 414.037 414.044 414.272 414.592 414.807 414.959 415.099 415.229 415.249 415.277 415.312 415.332 415.387 415.439 415.497 415.604 415.542 415.487 415.472 415.377 415.234 415.164 415.057 414.892 414.809
423.039 422.999 422.969 422.907 422.859 422.709 422.544 422.379 422.227 422.044 421.849 421.702 421.517 421.407 421.217 421.029 420.909 420.772 420.604 420.382 420.169 420.002 419.859 419.784 419.684 419.572 419.417 419.282 419.104 418.894 418.684 418.449 418.257 418.017 417.754 417.444 417.192 416.849 416.452 415.892 415.257 414.667 414.004 413.512 413.484 413.737 414.087 414.347 414.509 414.669 414.787 414.869 414.904 414.922 414.919 414.954 415.039 415.094 415.192 415.199 415.209 415.179 415.072 414.899 414.889 414.782 414.619 414.479
422.572 422.469 422.362 422.339 422.259 422.117 421.912 421.692 421.542 421.407 421.264 421.124 421.087 420.914 420.817 420.542 420.419 420.269 420.109 419.877 419.702 419.532 419.417 419.334 419.244 419.124 418.989 418.839 418.649 418.474 418.287 418.067 417.882 417.674 417.352 417.007 416.732 416.354 416.004 415.552 414.939 414.302 413.709 413.137 412.954 413.209 413.552 413.842 414.099 414.254 414.342 414.469 414.494 414.557 414.502 414.519 414.609 414.667 414.712 414.792 414.862 414.874 414.754 414.689 414.587 414.499 414.337 414.262
422.049 421.974 421.884 421.742 421.569 421.382 421.232 421.089 420.932 420.797 420.694 420.549 420.509 420.404 420.304 420.089 419.919 419.699 419.552 419.354 419.222 419.087 418.954 418.909 418.757 418.632 418.574 418.404 418.224 418.024 417.842 417.644 417.462 417.227 416.927 416.577 416.252 415.882 415.547 415.114 414.512 413.942 413.359 412.789 412.467 412.544 412.894 413.242 413.579 413.807 413.902 414.062 414.144 414.217 414.219 414.177 414.199 414.242 414.312 414.392 414.429 414.459 414.457 414.397 414.254 414.174 414.069 414.002
421.637 421.569 421.419 421.224 420.982 420.807 420.672 420.524 420.377 420.214 420.124 420.042 419.997 419.892 419.824 419.624 419.422 419.204 419.012 418.872 418.759 418.622 418.509 418.397 418.277 418.179 418.137 417.972 417.784 417.607 417.392 417.207 416.997 416.749 416.467 416.149 415.794 415.427 415.024 414.649 414.104 413.522 412.889 412.319 412.044 412.027 412.274 412.622 412.959 413.249 413.469 413.599 413.687 413.757 413.814 413.784 413.759 413.879 413.927 413.959 414.057 414.089 414.142 414.052 413.949 413.839 413.724 413.549
421.149 421.032 420.924 420.759 420.552 420.324 420.199 419.989 419.869 419.757 419.677 419.587 419.477 419.479 419.332 419.172 418.949 418.744 418.554 418.399 418.322 418.172 418.084 417.949 417.857 417.737 417.662 417.444 417.269 417.104 416.899 416.719 416.452 416.244 415.984 415.664 415.339 414.954 414.587 414.204 413.769 413.192 412.524 411.899 411.687 411.597 411.639 411.954 412.297 412.614 412.894 413.084 413.207 413.342 413.404 413.414 413.427 413.434 413.512 413.619 413.687 413.737 413.772 413.679 413.577 413.437 413.287 413.142
420.657 420.539 420.429 420.344 420.112 419.889 419.694 419.547 419.394 419.309 419.199 419.147 419.049 419.067 418.952 418.757 418.529 418.309 418.164 418.019 417.887 417.782 417.667 417.504 417.444 417.317 417.154 416.969 416.747 416.534 416.379 416.204 415.944 415.734 415.439 415.139 414.859 414.534 414.154 413.799 413.377 412.849 412.244 411.654 411.279 411.214 411.102 411.247 411.579 411.949 412.274 412.467 412.702 412.882 413.009 413.092 413.142 413.124 413.144 413.257 413.337 413.329 413.387 413.332 413.234 413.097 412.867 412.799
420.174 420.052 419.969 419.879 419.704 419.452 419.249 419.157 418.972 418.917 418.819 418.742 418.634 418.609 418.614 418.404 418.139 417.927 417.757 417.652 417.464 417.339 417.197 417.069 416.977 416.827 416.657 416.484 416.259 416.079 415.884 415.702 415.449 415.204 414.919 414.639 414.434 414.124 413.804 413.472 413.042 412.534 411.977 411.364 410.987 410.782 410.727 410.802 411.049 411.394 411.704 411.939 412.172 412.477 412.639 412.702 412.799 412.794 412.799 412.869 412.914 412.964 413.014 412.942 412.907 412.747 412.559 412.459
419.729 419.629 419.494 419.424 419.272 419.074 418.877 418.734 418.632 418.469 418.377 418.297 418.179 418.177 418.114 417.962 417.742 417.544 417.412 417.214 417.052 416.924 416.749 416.629 416.504 416.412 416.202 416.039 415.827 415.669 415.459 415.237 414.972 414.649 414.402 414.137 413.889 413.652 413.457 413.139 412.779 412.357 411.777 411.167 410.662 410.357 410.322 410.449 410.717 411.004 411.252 411.512 411.774 412.069 412.257 412.322 412.384 412.392 412.427 412.487 412.527 412.579 412.647 412.604 412.557 412.442 412.247 412.069
419.177 419.114 419.027 418.912 418.819 418.679 418.507 418.349 418.237 418.104 417.984 417.934 417.792 417.742 417.677 417.549 417.419 417.247 417.019 416.849 416.674 416.514 416.362 416.197 416.052 415.924 415.769 415.577 415.382 415.199 414.952 414.739 414.494 414.169 413.954 413.689 413.484 413.282 413.077 412.799 412.512 412.219 411.739 411.079 410.507 410.099 409.949 410.087 410.344 410.664 410.959 411.169 411.437 411.754 411.917 411.987 411.997 412.014 412.037 412.074 412.137 412.189 412.249 412.217 412.174 412.004 411.879 411.682
418.724 418.664 418.569 418.529 418.392 418.222 418.097 418.017 417.907 417.764 417.659 417.542 417.409 417.322 417.252 417.124 416.999 416.892 416.707 416.492 416.264 416.114 415.994 415.814 415.629 415.504 415.309 415.067 414.909 414.729 414.484 414.244 413.987 413.744 413.519 413.289 413.074 412.942 412.764 412.597 412.404 412.107 411.624 411.029 410.374 409.924 409.639 409.689 409.904 410.329 410.634 410.899 411.194 411.477 411.564 411.599 411.619 411.614 411.632 411.652 411.722 411.764 411.792 411.809 411.749 411.579 411.374 411.029
418.314 418.294 418.202 418.134 418.057 417.914 417.769 417.712 417.612 417.464 417.297 417.159 417.027 416.922 416.874 416.769 416.604 416.492 416.379 416.152 415.942 415.777 415.662 415.487 415.294 415.072 414.844 414.587 414.447 414.257 414.019 413.779 413.539 413.357 413.162 412.934 412.762 412.639 412.429 412.302 412.082 411.732 411.374 410.839 410.247 409.667 409.224 409.212 409.449 409.847 410.229 410.497 410.792 411.069 411.197 411.227 411.249 411.219 411.204 411.264 411.299 411.329 411.384 411.372 411.257 411.077 410.757 410.324
417.964 417.892 417.802 417.707 417.667 417.537 417.452 417.314 417.249 417.092 416.939 416.792 416.669 416.584 416.487 416.362 416.202 416.154 416.042 415.774 415.622 415.457 415.274 415.064 414.889 414.594 414.374 414.137 413.994 413.782 413.679 413.482 413.177 412.994 412.837 412.659 412.509 412.307 412.132 412.002 411.754 411.457 411.127 410.724 410.144 409.432 408.834 408.537 408.897 409.229 409.524 409.807 410.239 410.567 410.737 410.792 410.794 410.814 410.799 410.882 410.899 410.877 410.872 410.824 410.677 410.447 410.012 409.567
417.619 417.524 417.462 417.379 417.302 417.214 417.102 416.937 416.867 416.699 416.544 416.412 416.334 416.184 416.024 415.952 415.824 415.702 415.617 415.447 415.239 415.047 414.857 414.687 414.452 414.224 413.984 413.742 413.592 413.487 413.449 413.287 412.919 412.657 412.534 412.324 412.219 411.989 411.877 411.697 411.487 411.262 411.032 410.694 410.122 409.419 408.579 407.929 408.239 408.494 408.747 409.064 409.534 409.982 410.232 410.344 410.377 410.332 410.364 410.414 410.422 410.394 410.337 410.207 410.034 409.744 409.307 408.747
417.272 417.162 417.074 417.004 416.914 416.817 416.724 416.607 416.509 416.349 416.172 416.027 415.939 415.767 415.624 415.484 415.374 415.287 415.167 415.037 414.812 414.672 414.497 414.304 414.124 413.859 413.597 413.374 413.244 413.164 413.009 412.882 412.827 412.512 412.254 412.052 411.899 411.722 411.592 411.459 411.269 411.112 410.902 410.554 410.127 409.402 408.442 407.287 407.297 407.577 407.882 408.357 408.839 409.302 409.597 409.739 409.774 409.797 409.839 409.942 409.932 409.839 409.744 409.577 409.374 409.077 408.547 407.909
416.867 416.799 416.712 416.642 416.567 416.519 416.382 416.247 416.112 415.922 415.799 415.627 415.519 415.397 415.252 415.129 414.999 414.907 414.777 414.679 414.552 414.299 414.149 413.929 413.679 413.444 413.187 412.984 412.884 412.827 412.652 412.552 412.457 412.279 412.034 411.804 411.584 411.424 411.289 411.154 411.007 410.849 410.692 410.314 409.797 409.082 408.332 407.224 406.432 406.607 406.977 407.487 408.094 408.642 408.902 409.077 409.144 409.149 409.182 409.204 409.222 409.182 409.064 408.857 408.734 408.419 407.887 407.439
