20220701_namedtuples/mapdata/sd8676_DSM_2M.asc
ncols 500
nrows 500
xllcorner    386000
yllcorner    476000
cellsize     2
NODATA_value -9999
[rows 60 to 89 of 500, columns 408 to 475 of 500]
351.567 351.435 351.355 351.335 351.347 351.317 351.2 351.067 350.852 350.605 350.367 350.142 349.877 349.615 349.39 349.152 348.857 348.622 348.332 348.085 347.83 347.537 347.265 347.005 346.695 346.392 346.037 345.607 345.27 344.98 345.232 344.842 344.025 343.57 343.265 342.945 342.672 342.397 342.102 341.822 341.405 341.05 340.67 340.62 340.495 339.63 339.507 339.432 339.677 338.765 338.392 338 337.632 337.222 336.807 336.472 336.165 335.885 335.557 335.262 334.96 334.71 334.422 334.14 333.907 333.69 333.467 333.277
351.487 351.425 351.372 351.335 351.367 351.205 351.002 350.785 350.605 350.42 350.21 349.967 349.732 349.482 349.25 348.985 348.705 348.497 348.255 347.967 347.68 347.417 347.132 346.845 346.57 346.185 345.865 345.492 345.107 344.792 344.482 344.957 344.172 343.422 343.017 342.752 342.502 342.18 341.9 341.53 341.145 340.737 340.547 340.915 340.012 339.5 339.487 339.875 339.1 338.612 338.242 337.885 337.52 337.125 336.752 336.44 336.115 335.782 335.497 335.192 334.885 334.575 334.295 334.045 333.78 333.545 333.322 333.15
351.417 351.412 351.425 351.382 351.237 351.02 350.812 350.575 350.357 350.195 349.987 349.77 349.562 349.35 349.137 348.867 348.62 348.372 348.09 347.807 347.522 347.267 346.977 346.66 346.297 346 345.63 345.292 344.925 344.617 344.28 343.977 344.31 343.492 342.797 342.48 342.26 341.987 341.64 341.265 340.895 340.592 340.887 340.17 339.79 339.397 339.157 339.032 338.832 338.507 338.195 337.807 337.475 337.052 336.69 336.33 336.025 335.702 335.385 335.082 334.767 334.475 334.18 333.91 333.627 333.4 333.22 332.992
351.52 351.527 351.522 351.297 351.087 350.842 350.62 350.4 350.19 349.982 349.807 349.655 349.44 349.18 348.95 348.75 348.46 348.195 347.937 347.64 347.337 347.085 346.747 346.45 346.112 345.765 345.447 345.062 344.772 344.472 344.077 343.737 343.407 343.402 342.985 342.227 341.99 341.737 341.35 341.04 340.715 340.715 340.205 339.862 339.587 339.322 339.14 338.915 338.665 338.405 338.087 337.782 337.362 337.002 336.6 336.255 335.94 335.622 335.31 334.975 334.67 334.347 334.08 333.747 333.497 333.27 333.047 332.88
351.71 351.652 351.492 351.195 350.957 350.68 350.432 350.222 350.007 349.8 349.627 349.43 349.202 349.005 348.812 348.585 348.317 348.01 347.745 347.48 347.197 346.905 346.602 346.272 345.895 345.6 345.235 344.915 344.58 344.207 343.81 343.505 343.17 342.845 342.93 342.102 341.73 341.43 341.122 340.767 340.845 340.35 339.895 339.7 339.437 339.24 339.01 338.767 338.532 338.27 337.987 337.65 337.34 336.92 336.56 336.205 335.882 335.58 335.255 334.907 334.552 334.265 333.917 333.685 333.405 333.145 332.95 332.712
351.812 351.61 351.34 351.045 350.782 350.527 350.255 349.987 349.792 349.595 349.365 349.2 349.022 348.83 348.647 348.42 348.15 347.86 347.622 347.297 347.037 346.747 346.387 346.057 345.7 345.337 345.035 344.665 344.297 343.917 343.655 343.29 342.937 342.597 342.315 342.35 341.485 341.207 340.887 340.795 340.587 339.952 339.715 339.515 339.305 339.057 338.855 338.555 338.36 338.152 337.91 337.612 337.267 336.902 336.552 336.17 335.84 335.532 335.172 334.8 334.492 334.13 333.805 333.52 333.26 333.007 332.777 332.562
351.68 351.442 351.207 350.892 350.617 350.345 350.067 349.802 349.57 349.372 349.197 349.03 348.827 348.655 348.472 348.227 347.967 347.705 347.435 347.167 346.872 346.545 346.225 345.822 345.48 345.152 344.817 344.41 344.027 343.692 343.387 343.082 342.702 342.372 341.935 341.94 341.56 341.012 341.157 340.717 340.045 339.795 339.572 339.35 339.105 338.897 338.68 338.437 338.215 338.027 337.805 337.537 337.222 336.88 336.565 336.135 335.852 335.485 335.157 334.782 334.445 334.08 333.722 333.425 333.125 332.905 332.602 332.412
351.507 351.297 350.99 350.697 350.412 350.127 349.85 349.615 349.377 349.167 348.952 348.762 348.625 348.435 348.24 348.052 347.79 347.552 347.33 347.022 346.69 346.387 346.047 345.69 345.33 344.992 344.602 344.185 343.787 343.435 343.075 342.742 342.43 342.06 341.655 341.382 341.472 341.422 340.997 340.217 339.93 339.682 339.37 339.115 338.902 338.675 338.505 338.265 338.087 337.922 337.727 337.48 337.157 336.86 336.497 336.152 335.775 335.482 335.142 334.757 334.37 333.985 333.685 333.305 333.022 332.732 332.497 332.272
351.31 351.025 350.752 350.475 350.192 349.942 349.672 349.405 349.17 348.955 348.77 348.552 348.385 348.215 348.022 347.84 347.637 347.46 347.185 346.902 346.55 346.22 345.875 345.502 345.152 344.745 344.342 343.927 343.545 343.15 342.867 342.515 342.177 341.855 341.445 341.175 340.912 341.262 340.497 340.062 339.797 339.52 339.252 338.94 338.647 338.502 338.295 338.107 337.895 337.787 337.605 337.407 337.105 336.81 336.487 336.13 335.78 335.417 335.102 334.717 334.315 333.947 333.6 333.26 332.905 332.615 332.332 332.122
351.112 350.78 350.515 350.25 349.972 349.737 349.48 349.21 348.982 348.76 348.565 348.347 348.17 347.985 347.825 347.63 347.427 347.245 347.025 346.722 346.427 346.057 345.712 345.332 344.942 344.525 344.075 343.697 343.262 342.922 342.602 342.287 341.987 341.535 341.24 340.932 340.785 340.81 340.127 339.862 339.577 339.36 339.057 338.797 338.43 338.245 338.1 337.897 337.79 337.667 337.517 337.317 337.085 336.82 336.5 336.137 335.755 335.425 335.03 334.66 334.292 333.91 333.555 333.132 332.812 332.5 332.217 331.94
350.875 350.585 350.315 350.067 349.81 349.552 349.267 349.017 348.78 348.545 348.357 348.152 347.96 347.8 347.58 347.412 347.235 347.067 346.845 346.567 346.205 345.912 345.56 345.107 344.717 344.312 343.927 343.4 343.04 342.66 342.32 342.02 341.66 341.272 340.97 340.852 340.662 340.167 339.872 339.602 339.355 339.107 338.85 338.535 338.23 338.065 337.937 337.75 337.605 337.522 337.387 337.257 337.042 336.775 336.465 336.147 335.767 335.382 335.052 334.665 334.302 333.872 333.495 333.117 332.712 332.407 332.09 331.8
350.647 350.367 350.092 349.857 349.602 349.347 349.072 348.842 348.58 348.38 348.157 347.942 347.765 347.557 347.352 347.225 347.065 346.89 346.692 346.397 346.095 345.72 345.35 344.895 344.482 344.1 343.647 343.205 342.725 342.367 341.997 341.71 341.342 341.002 340.835 340.927 340.21 339.87 339.632 339.385 339.145 338.89 338.57 338.355 338.065 337.912 337.727 337.532 337.412 337.345 337.257 337.102 336.917 336.67 336.355 336.042 335.715 335.385 335 334.647 334.262 333.85 333.445 333.037 332.63 332.272 332.01 331.68
350.42 350.127 349.852 349.62 349.392 349.135 348.86 348.655 348.42 348.17 347.977 347.75 347.572 347.37 347.212 347.015 346.875 346.71 346.487 346.217 345.942 345.545 345.087 344.66 344.26 343.867 343.355 342.875 342.467 342.035 341.72 341.347 341.065 340.795 341.045 340.3 339.93 339.725 339.47 339.267 339.015 338.717 338.432 338.137 337.957 337.715 337.5 337.355 337.242 337.177 337.09 336.965 336.715 336.517 336.222 335.972 335.617 335.27 334.972 334.63 334.26 333.825 333.42 333 332.595 332.18 331.857 331.552
350.18 349.875 349.645 349.402 349.12 348.902 348.647 348.437 348.19 347.975 347.755 347.505 347.34 347.157 347.005 346.84 346.662 346.472 346.292 346.025 345.725 345.32 344.87 344.422 344.027 343.617 343.152 342.605 342.12 341.705 341.282 341.032 340.78 341.03 340.342 339.95 339.762 339.552 339.372 339.17 338.942 338.64 338.3 338.035 337.802 337.56 337.31 337.15 337.03 336.967 336.862 336.715 336.53 336.32 336.05 335.775 335.482 335.167 334.835 334.527 334.125 333.777 333.362 332.965 332.53 332.075 331.672 331.355
349.925 349.665 349.36 349.14 348.922 348.695 348.455 348.257 348.047 347.787 347.597 347.367 347.105 346.937 346.742 346.567 346.435 346.222 346.027 345.78 345.472 345.12 344.662 344.22 343.78 343.355 342.9 342.362 341.81 341.325 340.967 340.685 340.855 340.572 339.917 339.757 339.585 339.412 339.225 339.03 338.822 338.575 338.227 337.905 337.635 337.372 337.142 336.932 336.845 336.737 336.585 336.442 336.275 336.097 335.845 335.587 335.257 334.97 334.685 334.34 334.007 333.617 333.277 332.872 332.42 331.975 331.567 331.192
349.672 349.392 349.145 348.92 348.717 348.482 348.305 348.075 347.857 347.67 347.447 347.19 346.94 346.695 346.47 346.302 346.08 345.907 345.752 345.522 345.25 344.94 344.47 343.987 343.552 343.1 342.665 342.12 341.552 341.032 340.652 340.572 340.82 339.912 339.672 339.545 339.405 339.257 339.112 338.92 338.71 338.477 338.172 337.835 337.48 337.197 336.95 336.752 336.567 336.467 336.25 336.13 335.977 335.797 335.57 335.302 335.022 334.727 334.422 334.142 333.775 333.49 333.095 332.727 332.295 331.837 331.392 330.98
349.417 349.18 348.947 348.725 348.52 348.315 348.12 347.937 347.747 347.53 347.255 346.97 346.71 346.462 346.227 346.02 345.81 345.595 345.482 345.237 345.002 344.655 344.217 343.725 343.287 342.875 342.367 341.902 341.31 340.785 340.417 340.477 339.882 339.587 339.485 339.33 339.23 339.07 338.937 338.807 338.575 338.372 338.047 337.72 337.385 337.05 336.74 336.477 336.275 336.072 335.952 335.75 335.575 335.417 335.185 334.98 334.652 334.435 334.162 333.845 333.54 333.2 332.87 332.485 332.07 331.592 331.167 330.812
349.19 348.935 348.722 348.515 348.292 348.105 347.94 347.74 347.587 347.335 347.057 346.79 346.555 346.247 345.97 345.757 345.582 345.355 345.175 344.99 344.705 344.392 343.875 343.485 343.03 342.572 342.127 341.625 341.145 340.6 340.467 339.85 339.58 339.365 339.202 339.172 339.055 338.89 338.74 338.587 338.417 338.22 337.907 337.592 337.28 336.91 336.522 336.192 335.905 335.692 335.542 335.395 335.205 335.012 334.787 334.522 334.292 334.065 333.812 333.55 333.247 332.93 332.587 332.217 331.76 331.31 330.897 330.565
348.987 348.737 348.495 348.25 348.077 347.892 347.735 347.537 347.382 347.135 346.915 346.642 346.35 346.035 345.732 345.527 345.307 345.09 344.897 344.7 344.39 344.062 343.697 343.217 342.782 342.385 341.907 341.425 340.96 340.692 340.507 339.582 339.362 339.112 338.925 338.865 338.807 338.68 338.492 338.362 338.222 338.047 337.72 337.472 337.072 336.742 336.3 335.897 335.595 335.345 335.175 335.007 334.815 334.612 334.38 334.152 333.88 333.647 333.447 333.175 332.89 332.575 332.215 331.862 331.477 331.117 330.675 330.3
348.785 348.552 348.277 348.047 347.85 347.672 347.512 347.327 347.155 346.927 346.69 346.475 346.22 345.862 345.572 345.237 345.03 344.787 344.565 344.4 344.095 343.802 343.385 342.89 342.462 342.07 341.625 341.175 340.835 340.525 340.002 339.38 339.155 338.88 338.672 338.58 338.517 338.425 338.227 338.085 337.915 337.737 337.482 337.165 336.82 336.427 336.03 335.652 335.345 335.15 334.887 334.685 334.472 334.247 334 333.765 333.547 333.277 333.035 332.73 332.49 332.177 331.852 331.502 331.187 330.827 330.437 330.105
348.585 348.315 348.027 347.76 347.592 347.395 347.227 347.06 346.915 346.715 346.51 346.29 345.995 345.677 345.325 345.002 344.7 344.447 344.227 344.017 343.775 343.46 343.07 342.63 342.175 341.717 341.32 341 341.127 340.407 339.517 339.2 338.907 338.637 338.407 338.232 338.177 338.037 337.947 337.765 337.605 337.4 337.12 336.772 336.465 336.147 335.732 335.395 335.112 334.857 334.65 334.377 334.145 333.897 333.652 333.457 333.142 332.907 332.587 332.322 332.057 331.805 331.527 331.175 330.907 330.58 330.24 329.942
348.302 348.012 347.737 347.492 347.292 347.15 347 346.827 346.702 346.507 346.32 346.087 345.757 345.462 345.067 344.727 344.42 344.142 343.91 343.65 343.415 343.115 342.735 342.317 341.897 341.507 341.11 341.435 340.357 339.655 339.3 338.962 338.665 338.397 338.145 337.955 337.81 337.71 337.527 337.357 337.177 336.967 336.662 336.36 336.11 335.772 335.4 335.115 334.86 334.645 334.405 334.192 333.92 333.675 333.365 333.105 332.84 332.54 332.307 331.967 331.725 331.472 331.187 330.97 330.685 330.415 330.197 329.87
347.987 347.712 347.39 347.135 346.972 346.857 346.73 346.62 346.482 346.277 346.097 345.852 345.552 345.187 344.835 344.447 344.105 343.85 343.517 343.275 343.007 342.667 342.387 341.995 341.65 341.34 341.407 340.637 339.942 339.495 339.082 338.775 338.417 338.145 337.942 337.71 337.532 337.362 337.205 337.012 336.83 336.56 336.265 335.987 335.735 335.45 335.135 334.862 334.607 334.412 334.242 333.962 333.655 333.345 333.08 332.787 332.522 332.307 331.992 331.735 331.49 331.242 330.99 330.73 330.512 330.245 330.017 329.747
347.497 347.262 346.992 346.775 346.667 346.58 346.465 346.332 346.237 346.052 345.83 345.562 345.277 344.89 344.515 344.137 343.812 343.517 343.242 342.897 342.6 342.235 341.94 341.632 341.32 341.27 341.202 340.165 339.782 339.352 338.967 338.565 338.255 337.952 337.722 337.472 337.255 337.08 336.862 336.682 336.47 336.232 335.992 335.685 335.452 335.165 334.91 334.615 334.4 334.187 333.995 333.712 333.41 333.105 332.76 332.485 332.22 331.93 331.657 331.452 331.23 330.972 330.747 330.547 330.277 330.05 329.895 329.495
347.01 346.805 346.567 346.462 346.345 346.242 346.157 346.082 345.965 345.802 345.617 345.305 345.007 344.6 344.215 343.842 343.542 343.207 342.917 342.622 342.245 341.927 341.542 341.28 341.115 341.4 340.387 339.992 339.675 339.255 338.852 338.462 338.09 337.815 337.487 337.212 337.025 336.807 336.585 336.352 336.155 335.865 335.672 335.397 335.127 334.902 334.62 334.417 334.155 333.975 333.802 333.485 333.15 332.82 332.502 332.2 331.937 331.64 331.392 331.232 330.977 330.742 330.555 330.325 330.075 329.86 329.57 329.25
346.63 346.425 346.27 346.155 346.06 345.935 345.832 345.737 345.677 345.51 345.305 345.03 344.68 344.31 343.905 343.547 343.277 342.982 342.64 342.34 342.015 341.67 341.327 341.037 341.217 340.405 340.005 339.77 339.43 339.095 338.705 338.342 338.027 337.647 337.33 337.022 336.807 336.56 336.377 336.112 335.83 335.602 335.377 335.145 334.897 334.655 334.425 334.16 333.965 333.76 333.535 333.215 332.887 332.547 332.197 331.947 331.697 331.45 331.212 331.015 330.797 330.582 330.337 330.112 329.817 329.595 329.292 328.98
346.275 346.082 345.972 345.875 345.79 345.632 345.53 345.435 345.347 345.197 344.975 344.705 344.362 343.967 343.607 343.297 343 342.692 342.407 342.097 341.757 341.395 341.082 340.93 340.682 340.025 339.742 339.45 339.177 338.857 338.517 338.21 337.852 337.517 337.19 336.892 336.61 336.392 336.18 335.91 335.645 335.415 335.157 334.912 334.66 334.457 334.212 333.992 333.757 333.56 333.297 332.985 332.667 332.292 332.02 331.72 331.502 331.247 330.987 330.815 330.592 330.365 330.115 329.892 329.617 329.35 329.097 328.872
345.997 345.822 345.71 345.587 345.475 345.385 345.222 345.085 345 344.887 344.69 344.382 344.02 343.65 343.265 342.975 342.675 342.362 342.052 341.747 341.437 341.132 341.027 340.712 340.072 339.695 339.43 339.212 338.925 338.65 338.362 338.047 337.73 337.37 337.092 336.755 336.49 336.215 336.015 335.752 335.435 335.207 334.955 334.732 334.512 334.277 334.017 333.81 333.585 333.315 333.087 332.812 332.47 332.11 331.822 331.592 331.335 331.095 330.847 330.63 330.375 330.182 329.915 329.697 329.407 329.172 328.93 328.72
345.732 345.57 345.405 345.315 345.222 345.092 344.942 344.782 344.607 344.53 344.342 344.102 343.645 343.237 342.935 342.595 342.317 341.992 341.65 341.322 341.032 341.115 340.595 339.835 339.58 339.36 339.137 338.9 338.672 338.355 338.152 337.862 337.552 337.262 336.93 336.602 336.345 336.07 335.827 335.592 335.28 335.032 334.807 334.545 334.342 334.117 333.87 333.645 333.4 333.202 332.985 332.715 332.395 332.037 331.75 331.477 331.192 330.96 330.69 330.455 330.192 329.99 329.76 329.492 329.255 329.022 328.817 328.65
345.432 345.275 345.137 345.052 344.942 344.792 344.632 344.435 344.222 344.11 343.99 343.687 343.257 342.802 342.487 342.152 341.842 341.542 341.177 340.88 340.807 340.64 339.775 339.492 339.297 339.055 338.832 338.657 338.38 338.167 337.915 337.685 337.39 337.107 336.83 336.502 336.197 335.89 335.692 335.435 335.182 334.94 334.675 334.457 334.227 333.972 333.717 333.497 333.322 333.085 332.892 332.63 332.285 331.985 331.647 331.38 331.08 330.81 330.565 330.29 330.037 329.792 329.575 329.345 329.092 328.892 328.717 328.56
