20220701_namedtuples/mapdata/sd8678_DSM_2M.asc
ncols 500
nrows 500
xllcorner    386000
yllcorner    478000
cellsize     2
NODATA_value -9999
[rows 448 to 479 of 500, columns 292 to 364 of 500]
407.537 407.482 407.49 407.605 407.755 407.842 407.882 407.9 407.945 407.78 407.5 407.192 406.705 406.18 405.717 405.412 405.187 405.055 404.935 404.872 404.797 404.615 404.4 404.142 404.022 403.897 403.597 403.4 403.207 402.847 402.535 402.172 401.835 401.595 401.51 401.38 401.212 401.052 400.92 400.902 400.822 400.337 400.607 401 401.322 401.427 401.457 401.505 401.555 401.582 401.905 402.335 402.57 402.737 402.95 403.17 403.37 403.472 403.572 403.622 403.695 403.862 403.995 404.157 404.292 404.392 404.67 404.967 405.317 405.605 405.807 406.022 406.195
407.03 406.972 407.072 407.192 407.205 407.24 407.27 407.242 407.28 407.065 406.737 406.392 405.902 405.447 405.095 404.86 404.617 404.595 404.54 404.53 404.395 404.19 403.98 403.752 403.607 403.38 403.11 402.855 402.62 402.31 402.025 401.64 401.305 401.082 400.897 400.752 400.657 400.55 400.412 400.297 400.29 399.85 399.927 400.35 400.742 400.827 400.847 400.917 400.962 401.035 401.365 401.732 402.027 402.172 402.39 402.557 402.7 402.867 402.995 403.097 403.19 403.317 403.415 403.485 403.65 403.875 404 404.325 404.672 404.937 405.185 405.41 405.577
406.417 406.395 406.485 406.645 406.672 406.61 406.55 406.48 406.51 406.232 405.885 405.48 405.015 404.625 404.422 404.252 404.09 404.13 404.12 404.077 403.907 403.697 403.487 403.237 402.995 402.79 402.537 402.192 401.975 401.727 401.465 401.15 400.805 400.502 400.25 400.167 400.087 400.007 399.85 399.787 399.725 399.245 399.307 399.737 400.132 400.2 400.3 400.29 400.225 400.312 400.75 401.06 401.332 401.485 401.622 401.637 401.787 401.9 402.067 402.295 402.442 402.465 402.547 402.745 403.047 403.22 403.397 403.737 404.025 404.28 404.505 404.757 404.892
405.897 405.867 405.92 405.957 405.98 405.902 405.767 405.69 405.64 405.355 404.937 404.56 404.232 403.957 403.822 403.707 403.682 403.765 403.765 403.695 403.405 403.167 402.927 402.65 402.317 402.08 401.842 401.507 401.23 401.075 400.852 400.57 400.155 399.922 399.612 399.557 399.502 399.405 399.315 399.177 399.125 398.562 398.435 399.035 399.312 399.49 399.642 399.575 399.432 399.692 400.02 400.245 400.5 400.61 400.68 400.76 400.887 400.997 401.172 401.385 401.507 401.61 401.785 402.015 402.282 402.462 402.685 403.005 403.352 403.632 403.842 404.067 404.242
405.42 405.407 405.387 405.332 405.252 405.172 404.937 404.895 404.875 404.562 404.195 403.8 403.547 403.36 403.235 403.2 403.197 403.297 403.29 403.19 402.952 402.655 402.347 401.977 401.655 401.3 401.092 400.827 400.497 400.3 400.087 399.837 399.51 399.267 399.07 399.02 398.89 398.727 398.555 398.385 398.347 397.932 397.5 398.135 398.557 398.702 398.807 398.59 398.475 398.685 399.18 399.49 399.727 399.875 399.9 399.935 400.027 400.177 400.342 400.6 400.737 400.885 401.1 401.325 401.53 401.64 401.935 402.227 402.54 402.872 403.162 403.42 403.567
404.952 404.92 404.905 404.707 404.607 404.482 404.192 404.127 404.135 403.902 403.582 403.257 402.98 402.797 402.597 402.6 402.645 402.755 402.75 402.59 402.405 402.087 401.745 401.335 401.02 400.66 400.357 400.067 399.722 399.455 399.305 399.14 398.942 398.705 398.577 398.467 398.172 398.03 397.787 397.585 397.585 397.175 396.787 397.217 397.725 397.87 398.025 397.74 397.57 397.787 398.377 398.807 399.07 399.232 399.272 399.285 399.352 399.432 399.64 399.892 400.09 400.252 400.425 400.657 400.835 400.972 401.215 401.485 401.685 401.985 402.317 402.622 402.762
404.545 404.505 404.425 404.21 404.045 403.785 403.532 403.42 403.445 403.265 402.932 402.637 402.432 402.282 402.182 402.242 402.225 402.127 402.202 402.04 401.732 401.397 401.055 400.697 400.317 400.022 399.677 399.34 398.997 398.695 398.502 398.415 398.272 398.087 397.952 397.802 397.442 397.24 396.967 396.72 396.735 396.62 396.072 396.312 396.78 397.01 397.182 396.972 396.747 397.025 397.705 398.075 398.2 398.385 398.43 398.45 398.507 398.512 398.895 399.155 399.41 399.535 399.677 399.877 400.105 400.24 400.48 400.762 400.95 401.115 401.402 401.675 401.81
404.065 404.012 403.89 403.782 403.622 403.3 403.06 402.792 402.752 402.547 402.297 401.99 401.817 401.75 401.64 401.722 401.765 401.627 401.487 401.287 400.965 400.652 400.385 400.015 399.647 399.367 398.985 398.662 398.29 398.01 397.77 397.642 397.505 397.417 397.327 397.015 396.657 396.45 396.127 395.842 395.8 395.907 395.422 395.345 395.73 395.822 396.177 396.002 395.87 396.23 396.815 397.112 397.12 397.1 397.065 397.072 397.275 397.382 397.625 398.047 398.45 398.58 398.672 398.852 399.102 399.305 399.602 399.945 400.157 400.322 400.535 400.715 400.71
403.487 403.492 403.332 403.302 403.127 402.757 402.505 402.132 402.035 401.885 401.662 401.417 401.275 401.212 401.195 401.215 401.207 401.06 400.72 400.462 400.187 400.017 399.7 399.35 399.06 398.677 398.252 397.917 397.625 397.282 396.96 396.882 396.83 396.792 396.7 396.217 395.687 395.53 395.35 395.052 394.932 394.985 394.355 394.345 394.435 394.497 394.857 394.81 394.775 395.22 395.712 395.932 395.945 395.885 395.68 395.76 396.242 396.262 396.457 397.05 397.3 397.332 397.4 397.6 397.95 398.292 398.595 399.015 399.332 399.47 399.557 399.642 399.752
402.887 402.845 402.705 402.642 402.41 402.055 401.84 401.437 401.277 401.17 401.035 400.882 400.752 400.645 400.592 400.59 400.557 400.367 400.06 399.84 399.597 399.285 398.875 398.537 398.222 397.87 397.545 397.225 396.92 396.527 396.327 396.192 396.157 396.225 396.072 395.587 395.037 394.665 394.517 394.252 393.905 393.78 393.392 393.175 393.215 393.145 393.315 393.5 393.77 394.107 394.612 395.017 395.102 394.855 394.472 394.647 395.095 395.052 395.295 395.875 396.062 396.01 396.087 396.32 396.695 397.112 397.577 398.042 398.36 398.417 398.46 398.482 398.662
402.3 402.145 401.992 401.8 401.512 401.265 401.097 400.83 400.597 400.537 400.49 400.405 400.167 399.937 399.867 399.872 399.885 399.767 399.475 399.2 398.915 398.542 398.177 397.877 397.582 397.255 396.96 396.58 396.172 395.892 395.747 395.545 395.587 395.61 395.377 394.922 394.29 393.742 393.542 393.285 392.835 392.847 392.645 392.33 392.155 392.237 392.437 392.675 393.037 393.212 393.535 393.885 394.127 393.86 393.452 393.497 393.755 393.89 394.192 394.692 394.937 394.812 394.917 394.97 395.317 395.755 396.4 397.067 397.417 397.495 397.512 397.497 397.582
401.71 401.507 401.24 401.07 400.762 400.575 400.51 400.302 400.167 400.102 400.005 399.827 399.532 399.32 399.225 399.31 399.36 399.215 398.942 398.59 398.227 397.865 397.57 397.315 397.092 396.81 396.417 395.92 395.537 395.292 395.155 394.982 394.96 394.905 394.605 394.175 393.412 392.832 392.607 392.415 392.16 392.155 391.962 391.662 391.305 391.697 391.99 392.312 392.535 392.565 392.672 392.807 392.745 392.665 392.355 392.36 392.562 392.8 393.085 393.58 393.767 393.687 393.692 393.792 394.155 394.587 395.177 395.877 396.432 396.612 396.722 396.71 396.777
401.047 400.795 400.522 400.345 400.077 399.96 399.85 399.755 399.755 399.707 399.55 399.26 398.852 398.657 398.49 398.722 398.835 398.682 398.4 398 397.545 397.29 396.985 396.752 396.555 396.247 395.79 395.305 395.012 394.7 394.547 394.387 394.205 394.06 393.737 393.177 392.44 392.075 391.895 391.752 391.595 391.55 391.407 390.815 390.58 391.192 391.572 391.885 392.04 392.025 391.855 391.822 391.632 391.522 391.172 391.122 391.292 391.672 392.1 392.615 392.715 392.58 392.62 392.852 393.26 393.657 394.127 394.617 395.192 395.552 395.795 395.897 395.997
400.392 400.097 399.845 399.59 399.377 399.357 399.19 399.132 398.995 399.015 398.882 398.415 398.045 397.852 397.72 397.96 398.097 398.077 397.822 397.427 396.897 396.607 396.28 395.977 395.797 395.435 395.012 394.62 394.36 394.087 393.905 393.757 393.342 393.002 392.502 391.997 391.502 391.25 391.187 391.01 390.865 390.795 390.645 390.077 389.937 390.567 390.975 391.202 391.307 391.27 391.127 390.992 390.777 390.58 390.192 390.102 390.345 390.767 391.102 391.465 391.727 391.77 391.895 392.115 392.357 392.727 393.12 393.43 393.972 394.485 394.81 394.927 395.002
399.825 399.64 399.252 398.96 398.725 398.645 398.492 398.31 398.02 397.925 397.732 397.465 397.235 396.977 396.932 397.055 397.232 397.282 397.062 396.66 396.25 395.802 395.547 395.2 394.817 394.415 394.117 393.88 393.632 393.405 393.162 392.94 392.442 392.015 391.6 391.05 390.585 390.387 390.237 390.005 389.815 389.632 389.55 389.16 389.25 389.537 390.032 390.207 390.272 390.435 390.237 390.092 389.945 389.692 389.457 389.477 389.642 389.902 390.167 390.51 390.91 391.095 391.21 391.322 391.515 391.84 392.142 392.485 393.027 393.62 393.92 394.06 394.135
399.182 399.057 398.662 398.35 398.01 397.785 397.515 397.237 396.982 396.87 396.762 396.572 396.38 396.245 396.157 396.15 396.2 396.272 396.102 395.802 395.477 395.022 394.635 394.31 393.865 393.382 393.097 392.915 392.762 392.667 392.467 392.082 391.56 390.97 390.507 390.087 389.787 389.637 389.31 388.935 388.71 388.6 388.552 388.435 388.282 388.367 388.815 389.125 389.287 389.397 389.257 389.032 388.937 388.872 388.85 389.007 389.12 389.285 389.465 389.902 390.345 390.56 390.665 390.612 390.82 391.08 391.415 391.79 392.345 392.892 393.155 393.292 393.332
398.392 398.22 397.94 397.652 397.192 396.76 396.51 396.252 396.015 395.87 395.742 395.66 395.542 395.475 395.41 395.285 395.177 395.215 395.172 394.952 394.557 393.957 393.457 393.19 392.737 392.412 392.19 391.93 391.78 391.915 391.78 391.08 390.432 389.942 389.595 389.317 389.042 388.802 388.335 387.815 387.627 387.577 387.54 387.595 387.61 387.48 387.727 388.042 388.325 388.392 388.292 388.202 388.192 388.227 388.387 388.607 388.637 388.812 389.055 389.485 389.85 390.065 390.085 390.072 390.175 390.297 390.692 391.095 391.572 392.102 392.45 392.512 392.56
397.492 397.3 397.06 396.765 396.285 395.867 395.607 395.41 395.112 394.91 394.787 394.812 394.73 394.625 394.575 394.48 394.435 394.512 394.37 393.94 393.307 392.72 392.35 392.072 391.825 391.587 391.417 391.055 390.995 391.13 390.687 389.945 389.355 389.102 388.847 388.665 388.39 387.992 387.477 387.182 387.02 386.917 386.86 387.055 387.115 386.852 386.905 387.135 387.39 387.537 387.597 387.64 387.697 387.782 387.992 388.115 388.242 388.347 388.692 389.01 389.22 389.445 389.507 389.485 389.59 389.68 390.007 390.282 390.665 391.21 391.625 391.735 391.842
396.35 396.135 395.942 395.685 395.26 394.857 394.655 394.317 394.045 393.872 393.835 393.825 393.85 393.812 393.852 393.73 393.677 393.595 393.04 392.462 391.865 391.53 391.357 391.187 391.112 391.042 390.797 390.322 390.245 390.09 389.497 388.877 388.627 388.422 388.255 388.077 387.8 387.342 387.032 386.805 386.717 386.625 386.475 386.495 386.41 386.395 386.315 386.44 386.725 386.95 387.035 387.052 387.15 387.392 387.605 387.617 387.737 387.852 388.187 388.47 388.66 388.825 388.91 388.897 389.022 389.032 389.212 389.455 389.745 390.16 390.495 390.742 391.055
394.692 394.68 394.545 394.432 394.185 393.94 393.595 393.18 393.157 393.015 392.915 392.84 392.887 392.96 392.935 392.84 392.58 392.162 391.582 391.075 390.702 390.522 390.455 390.425 390.465 390.392 390.092 389.595 389.34 388.957 388.435 388.072 387.832 387.77 387.622 387.43 387.185 386.927 386.735 386.472 386.362 386.267 386.125 385.992 385.835 385.842 385.82 385.9 386.122 386.397 386.46 386.582 386.772 386.965 387.095 387.21 387.297 387.352 387.652 387.987 388.242 388.3 388.305 388.417 388.355 388.5 388.56 388.642 388.75 389.18 389.597 389.782 390.105
393.06 393.055 393.12 393.185 393.142 392.945 392.407 392.38 392.395 392.212 391.975 391.877 391.93 391.922 391.757 391.535 391.335 390.817 390.365 390.005 389.807 389.682 389.627 389.715 389.747 389.567 389.357 388.98 388.675 388.197 387.78 387.435 387.252 387.15 387.005 386.77 386.65 386.45 386.312 386.142 385.942 385.755 385.577 385.46 385.135 385.137 385.362 385.46 385.725 385.842 386.002 386.232 386.34 386.445 386.57 386.682 386.86 387.045 387.397 387.74 387.872 387.907 387.857 387.842 387.777 387.82 387.987 387.827 388.025 388.352 388.8 389.07 389.247
392.03 392.087 392.162 392.205 392.025 391.762 391.612 391.687 391.667 391.485 391.375 391.265 391.072 390.927 390.737 390.347 390.055 389.765 389.425 389.177 389.085 389.02 388.892 388.905 388.877 388.707 388.54 388.317 387.955 387.542 387.05 386.837 386.627 386.51 386.435 386.192 386.03 385.93 385.867 385.73 385.622 385.32 384.935 384.847 384.597 384.802 384.945 385.012 385.327 385.457 385.537 385.86 385.985 386.065 386.195 386.297 386.532 386.79 387.122 387.407 387.517 387.535 387.422 387.38 387.207 387.155 387.317 387.18 387.267 387.54 387.942 388.427 388.645
391.462 391.4 391.347 391.307 391.002 390.795 391.012 391.035 391 390.905 390.82 390.7 390.497 390.272 390.01 389.642 389.257 388.982 388.652 388.495 388.355 388.262 388.23 388.167 388.11 387.982 387.765 387.482 387.11 386.797 386.48 386.2 386.085 385.952 385.825 385.71 385.545 385.467 385.385 385.345 385.245 384.967 384.622 384.377 384.167 384.235 384.407 384.422 384.762 385.005 385.297 385.542 385.65 385.84 385.877 386.05 386.225 386.465 386.82 387.015 387.132 387.192 387.127 386.995 386.785 386.682 386.717 386.505 386.54 386.735 386.942 387.447 387.897
390.755 390.7 390.547 390.39 390.44 390.295 390.102 390.01 390.057 390.087 390.152 390.09 389.947 389.812 389.625 389.182 388.637 388.32 387.925 387.705 387.597 387.56 387.49 387.397 387.315 387.132 386.867 386.722 386.47 386.232 385.982 385.765 385.662 385.597 385.44 385.23 385.062 384.905 384.932 384.917 384.845 384.635 384.377 383.997 383.755 383.847 384.025 384.135 384.32 384.677 385.012 385.26 385.395 385.462 385.6 385.745 385.957 386.177 386.582 386.665 386.777 386.805 386.755 386.585 386.392 386.26 386.122 385.982 385.91 386.007 386.147 386.312 386.775
390.137 390.165 390.102 390.027 390.055 389.907 389.407 389.182 389.222 389.37 389.54 389.51 389.417 389.322 389.077 388.562 388.03 387.645 387.3 387.075 387.007 386.877 386.817 386.617 386.497 386.317 386.215 386.165 385.99 385.845 385.595 385.39 385.255 385.195 385.122 384.94 384.86 384.665 384.497 384.452 384.44 384.272 384.105 383.772 383.405 383.555 383.687 383.69 384.055 384.42 384.762 384.992 385.077 385.267 385.385 385.497 385.652 385.85 386.167 386.362 386.46 386.48 386.405 386.282 386.007 385.905 385.762 385.525 385.32 385.325 385.427 385.552 385.79
389.735 389.777 389.727 389.68 389.542 389.092 388.657 388.587 388.73 388.827 388.857 388.935 388.885 388.657 388.337 387.847 387.39 387.09 386.782 386.485 386.32 386.212 386.085 385.9 385.805 385.822 385.787 385.742 385.612 385.422 385.217 385.042 384.897 384.792 384.64 384.525 384.407 384.275 384.155 384.07 384.09 383.912 383.657 383.345 383.117 383.05 383.165 383.422 383.855 384.207 384.462 384.642 384.785 384.977 385.107 385.215 385.382 385.52 385.755 386.04 386.107 386.167 386.112 386 385.755 385.63 385.495 385.275 384.832 384.767 384.78 384.822 384.952
389.405 389.385 389.305 389.165 388.837 388.342 388.06 387.865 388.025 388.125 388.155 388.22 388.142 387.83 387.522 387.185 386.865 386.61 386.362 386.062 385.7 385.555 385.48 385.29 385.237 385.337 385.412 385.37 385.235 385.067 384.835 384.68 384.532 384.465 384.315 384.175 384.065 383.922 383.78 383.642 383.597 383.49 383.37 383.145 382.86 382.652 382.877 383.165 383.582 383.952 384.125 384.312 384.53 384.735 384.865 384.977 385.075 385.247 385.412 385.607 385.767 385.87 385.78 385.675 385.507 385.342 385.13 384.955 384.572 384.3 384.195 384.167 384.175
388.677 388.625 388.527 388.277 387.912 387.765 387.522 387.145 387.257 387.322 387.375 387.437 387.31 387.092 386.867 386.712 386.52 386.297 386.032 385.757 385.422 385.11 384.952 384.757 384.772 384.93 385.032 384.942 384.837 384.66 384.437 384.272 384.16 384.1 384.005 383.847 383.712 383.605 383.45 383.222 383.1 383.107 382.99 382.802 382.557 382.345 382.722 382.97 383.255 383.56 383.775 384.045 384.3 384.507 384.557 384.732 384.862 384.975 385.062 385.18 385.377 385.522 385.435 385.315 385.24 385.127 384.855 384.53 384.172 383.86 383.687 383.615 383.502
387.612 387.557 387.515 387.275 386.992 386.955 386.762 386.415 386.422 386.5 386.55 386.615 386.567 386.495 386.437 386.33 386.177 385.91 385.645 385.372 385.137 384.865 384.712 384.577 384.362 384.442 384.555 384.517 384.375 384.235 384.035 383.922 383.805 383.73 383.66 383.557 383.415 383.26 383.137 382.952 382.702 382.795 382.69 382.452 382.152 382.095 382.372 382.665 382.922 383.205 383.52 383.84 384.042 384.235 384.332 384.49 384.665 384.72 384.797 384.837 384.887 384.917 384.9 384.8 384.785 384.612 384.357 384.082 383.79 383.545 383.16 382.99 382.955
386.482 386.572 386.537 386.335 386.187 386.085 385.97 385.795 385.555 385.647 385.887 386.01 386.017 386.067 386.055 385.977 385.78 385.552 385.282 385 384.775 384.585 384.355 384.135 384.002 384.072 384.092 384.065 383.975 383.81 383.63 383.487 383.425 383.33 383.295 383.257 383.137 382.955 382.78 382.632 382.357 382.432 382.367 382.04 381.775 381.7 382.055 382.282 382.58 382.93 383.25 383.535 383.795 383.975 384.09 384.232 384.322 384.387 384.505 384.55 384.54 384.51 384.46 384.332 384.232 383.985 383.81 383.615 383.475 383.255 382.94 382.642 382.522
385.815 385.837 385.805 385.665 385.575 385.44 385.305 385.15 384.962 385.137 385.365 385.517 385.58 385.627 385.662 385.607 385.435 385.187 384.91 384.635 384.372 384.227 384.027 383.795 383.537 383.63 383.685 383.565 383.47 383.407 383.25 383.065 383.007 382.93 382.902 382.902 382.78 382.652 382.427 382.26 382.002 382.037 382.052 381.64 381.42 381.417 381.722 381.955 382.247 382.625 382.995 383.272 383.407 383.627 383.765 383.97 384.122 384.26 384.32 384.392 384.415 384.35 384.182 383.95 383.795 383.69 383.477 383.282 383.135 382.927 382.61 382.407 382.135
385.19 385.207 385.165 385.08 384.932 384.827 384.68 384.57 384.465 384.637 384.842 385.015 385.08 385.147 385.22 385.155 384.997 384.785 384.51 384.192 384.002 383.817 383.677 383.505 383.2 383.147 383.25 383.157 383.062 382.895 382.805 382.67 382.6 382.492 382.532 382.535 382.427 382.267 382.142 381.865 381.682 381.697 381.772 381.38 381.03 381.112 381.467 381.702 382.022 382.345 382.67 382.99 383.162 383.415 383.565 383.717 383.847 383.98 384.085 384.17 384.18 384.125 383.997 383.862 383.512 383.302 383.162 383.005 382.84 382.55 382.297 382.132 381.825
