20220701_namedtuples/mapdata/sd8679_DSM_2M.asc
ncols 500
nrows 500
xllcorner    386000
yllcorner    479000
cellsize     2
NODATA_value -9999
[rows 232 to 260 of 500, columns 67 to 133 of 500]
421.924 424.942 422.127 426.997 425.969 422.082 418.904 426.972 425.504 426.264 424.289 426.594 427.959 428.579 426.667 420.579 425.194 424.767 423.677 420.899 419.729 427.074 428.642 429.477 427.864 429.724 430.004 424.127 424.027 416.499 425.897 426.439 422.899 426.924 429.054 428.542 425.629 429.321 426.586 426.814 424.089 424.327 420.704 416.354 411.529 410.846 410.696 410.936 411.156 411.389 411.639 411.771 411.916 412.021 412.111 412.179 412.264 412.364 412.411 412.496 412.596 412.639 412.721 412.766 412.792 412.846 412.886
425.789 424.802 424.582 422.912 425.849 426.097 419.752 422.667 427.739 426.942 427.562 429.647 427.849 428.909 428.694 427.527 429.789 427.127 423.147 414.994 414.874 420.014 428.514 431.669 427.394 431.362 431.972 425.734 427.347 426.829 420.134 426.224 421.937 419.061 428.754 421.896 420.167 425.419 425.716 429.954 428.229 429.024 426.836 425.246 420.269 418.716 412.794 411.499 411.364 415.197 420.644 418.316 414.862 411.506 411.659 411.854 411.991 412.189 412.314 412.406 412.556 412.579 412.704 412.789 412.824 412.869 412.926
424.979 426.497 425.599 423.809 417.934 421.729 417.542 418.587 421.879 426.647 428.474 428.459 422.362 427.969 422.887 424.957 428.492 428.184 427.764 425.119 420.674 422.224 421.107 423.604 424.902 428.437 426.794 422.964 429.107 428.989 430.557 429.847 430.039 424.841 426.564 429.379 426.521 430.466 430.119 426.369 426.289 428.616 430.521 425.864 427.419 424.049 418.149 416.202 421.774 423.661 426.526 424.361 420.531 415.896 414.581 420.227 420.659 416.474 412.632 412.506 416.254 422.056 416.499 416.227 413.824 416.336 418.371
425.429 418.122 426.132 428.402 422.177 423.414 417.924 417.127 421.569 427.642 427.352 427.684 424.979 426.864 425.442 429.437 427.907 429.527 426.932 430.234 429.452 423.609 418.614 423.384 429.222 426.732 420.499 417.712 422.949 429.164 431.674 425.952 428.254 426.596 430.999 431.116 429.404 428.701 426.161 428.961 429.571 429.774 428.599 425.494 426.909 426.029 426.574 423.879 427.542 428.194 431.219 428.491 424.221 424.876 423.211 428.529 427.239 423.404 422.961 422.792 425.176 429.326 426.864 426.889 423.384 420.424 426.216
422.342 424.737 428.122 427.242 424.584 418.587 417.487 417.372 420.974 428.094 421.482 429.762 425.744 428.327 427.767 430.012 425.267 428.909 424.744 425.872 429.192 428.469 428.037 426.962 430.827 429.262 427.819 428.132 417.847 423.044 426.277 422.367 426.514 431.014 428.779 427.974 429.311 432.584 429.229 428.354 428.559 429.639 428.607 429.266 429.594 425.954 430.959 427.786 428.859 429.719 425.989 424.659 427.836 428.206 427.069 430.331 430.219 424.884 429.199 428.321 429.401 431.456 430.241 431.701 427.624 426.516 429.132
419.654 422.009 425.284 427.402 425.567 422.052 422.447 421.957 425.354 427.897 428.459 426.709 429.364 426.179 425.039 427.109 428.474 428.177 423.364 428.604 430.077 426.887 430.292 430.639 429.267 422.747 430.462 430.527 419.744 417.139 419.879 421.969 427.397 429.889 423.129 418.049 422.609 425.736 422.571 427.091 430.856 430.026 429.194 426.969 431.049 429.144 424.357 428.961 424.804 430.014 424.072 427.639 430.371 431.444 430.349 424.396 423.576 425.376 431.259 431.149 432.232 430.789 423.699 429.151 432.029 429.556 428.974
424.552 419.614 421.087 426.552 424.084 425.704 429.719 427.857 429.752 430.652 430.159 430.922 430.854 431.124 430.402 426.039 428.989 422.997 424.769 429.174 429.504 426.757 427.687 422.522 427.589 430.777 422.934 418.707 418.797 419.404 419.069 426.527 429.284 431.816 429.826 427.806 424.639 422.349 418.879 425.321 428.816 429.066 430.531 430.414 428.494 427.699 428.784 432.561 427.739 421.232 429.364 430.094 424.721 429.861 430.311 424.311 424.531 431.289 430.669 432.144 429.184 425.051 428.346 422.036 430.964 428.814 430.319
425.894 421.799 428.739 429.564 423.919 429.154 428.269 421.992 427.274 424.737 428.497 429.304 425.614 430.649 429.812 431.422 428.264 420.714 423.349 423.812 428.357 427.249 422.879 421.307 431.219 425.932 418.417 418.869 418.744 424.304 421.077 420.932 419.902 428.504 431.304 432.694 428.589 426.089 419.394 417.866 423.689 423.261 426.606 431.246 432.106 432.431 433.669 428.854 429.249 428.602 431.026 428.026 420.604 429.354 429.986 431.369 430.704 422.482 427.376 433.419 431.759 429.361 429.414 432.239 432.922 428.461 428.016
424.862 426.784 430.049 427.992 426.889 428.924 428.784 424.072 426.552 430.574 432.027 431.127 431.944 432.084 428.584 431.444 421.714 419.849 424.409 421.027 420.614 420.924 418.704 418.444 419.584 420.934 419.239 418.597 423.464 424.889 420.809 418.679 419.077 425.049 427.232 425.769 428.289 431.954 423.566 420.799 421.542 421.011 420.769 425.551 428.599 430.456 429.009 423.214 428.954 430.546 429.531 430.086 430.482 429.784 429.539 424.679 429.619 431.427 431.321 432.249 426.879 429.136 425.441 424.589 424.951 431.456 432.196
420.187 426.064 426.847 423.334 422.019 427.677 429.129 422.359 420.694 424.652 427.814 429.424 431.789 429.102 431.477 429.594 423.877 425.564 424.709 422.269 421.834 427.442 420.274 421.827 425.559 419.464 419.819 422.464 432.457 425.037 419.024 419.222 420.079 421.866 422.214 422.121 425.406 425.274 422.801 426.894 431.531 427.829 420.296 418.794 421.477 421.174 420.546 419.884 424.409 425.516 426.167 431.016 431.104 428.549 430.081 430.732 434.111 433.704 430.514 428.241 432.349 425.171 426.281 432.264 428.146 433.714 430.471
427.364 428.239 425.957 423.352 427.632 428.437 428.439 424.157 428.467 428.314 428.827 426.517 430.187 424.352 421.837 421.744 426.187 426.484 428.484 428.964 426.662 424.489 421.684 428.172 430.122 430.132 425.924 425.174 428.049 424.147 419.657 419.969 419.822 419.741 420.344 421.019 423.422 422.876 419.564 426.841 432.501 430.491 423.969 418.919 419.229 420.259 421.529 422.031 418.904 419.429 423.269 425.056 430.379 431.211 430.936 432.064 433.344 433.229 431.241 420.999 423.671 434.081 432.341 431.769 429.874 433.334 432.454
421.452 421.639 421.964 424.042 428.524 425.414 427.189 427.837 424.614 422.712 429.372 431.017 428.727 420.059 419.639 421.092 429.749 424.327 420.849 420.274 422.309 421.377 427.394 430.019 427.284 430.904 429.947 429.187 430.612 431.037 422.944 420.329 419.659 419.921 423.891 424.304 427.514 433.391 427.301 428.211 425.751 424.591 424.102 420.729 421.461 421.641 429.227 431.829 427.839 421.169 419.371 421.776 427.336 430.484 431.519 431.801 431.136 430.429 430.536 423.909 422.982 430.966 429.509 431.779 433.011 435.466 435.186
422.864 425.399 427.424 427.927 430.949 423.662 428.977 430.984 427.804 430.254 428.892 428.499 427.957 424.012 427.209 430.902 425.819 431.842 430.829 421.607 427.164 424.547 431.527 427.062 424.599 425.482 422.457 427.752 429.077 424.954 420.704 421.297 422.259 421.874 427.664 431.316 432.451 433.176 427.589 422.112 422.029 420.542 420.629 421.167 421.669 421.431 426.596 430.669 432.691 430.447 426.889 419.852 421.161 422.016 422.844 422.709 431.436 430.551 431.361 428.039 430.404 434.214 431.489 433.339 433.071 431.749 430.921
427.552 423.364 426.754 427.884 432.037 426.112 430.949 426.954 424.402 424.817 423.562 424.867 430.437 430.017 433.949 430.812 427.632 432.219 431.164 426.147 422.312 424.967 422.709 422.617 423.879 427.042 424.354 423.949 427.184 421.917 422.482 423.597 424.234 424.189 426.556 424.989 428.799 429.211 423.599 423.266 423.269 421.436 420.674 422.096 422.794 420.464 427.501 431.031 431.341 432.699 430.852 421.809 421.404 423.281 425.749 423.389 429.676 428.999 428.744 429.376 430.581 433.089 432.871 434.484 431.481 437.244 433.456
428.087 423.262 424.884 422.347 426.584 424.984 427.894 425.872 422.332 430.122 424.587 426.707 428.817 428.549 428.889 428.549 431.939 430.942 431.052 430.167 429.304 430.939 421.832 425.312 424.452 430.299 427.542 421.872 422.449 422.674 422.892 423.302 423.729 424.336 423.144 422.711 422.324 421.934 421.641 421.799 425.651 427.104 421.199 426.839 430.734 425.639 430.561 431.619 431.206 433.042 430.849 423.257 421.084 427.886 431.654 429.484 427.719 426.156 424.732 424.414 430.121 433.756 434.721 434.129 434.384 435.424 432.109
426.289 425.487 423.099 421.847 427.027 421.702 427.692 431.579 430.852 426.779 427.767 430.474 428.514 426.417 424.387 428.059 425.769 426.619 431.662 429.912 430.427 428.694 422.317 429.207 428.674 422.089 421.992 421.789 422.167 422.427 422.109 421.997 422.967 422.579 422.639 422.669 422.519 423.171 425.134 421.939 425.271 429.509 423.042 427.344 431.154 432.064 426.611 432.614 427.294 423.069 431.124 430.704 428.476 427.769 428.966 432.329 431.324 432.081 432.039 432.224 431.746 433.949 435.667 436.929 435.899 434.971 435.727
426.432 427.364 428.192 426.864 422.462 428.007 431.682 430.709 428.239 425.944 429.377 434.724 432.724 429.112 429.959 431.584 423.934 423.252 428.264 430.024 430.577 426.794 427.214 428.792 422.527 421.844 422.354 422.649 422.922 422.669 422.882 422.952 424.304 423.984 422.796 424.859 426.361 426.204 427.447 423.866 423.539 422.431 424.441 430.874 431.776 431.251 428.771 436.292 430.426 428.906 426.224 431.511 432.309 432.181 430.036 431.757 433.686 435.279 433.716 437.521 434.199 431.354 431.132 434.319 434.466 434.859 433.466
428.919 431.102 430.477 429.672 424.224 423.642 427.637 425.137 424.764 425.797 427.754 432.372 433.104 431.857 424.934 424.914 422.442 422.294 424.607 426.319 426.282 424.399 431.024 424.517 422.512 422.969 423.637 424.004 423.534 423.819 423.547 426.542 426.289 424.746 424.556 431.309 431.336 426.196 430.854 423.831 426.602 422.654 426.319 428.741 426.866 432.331 429.352 432.236 434.954 433.771 425.974 429.769 426.416 425.681 425.121 429.774 434.069 429.164 435.477 436.084 435.066 431.546 426.602 426.521 431.861 436.026 432.521
428.654 431.927 430.689 424.244 427.767 428.974 424.497 429.027 432.384 428.334 422.732 426.617 427.579 426.932 422.572 431.572 423.894 426.292 426.612 427.154 432.792 427.244 426.864 423.839 423.509 424.754 423.492 423.369 423.844 424.022 423.994 424.297 424.659 424.794 426.377 430.787 430.419 424.259 426.959 425.507 424.229 429.272 423.309 425.252 430.387 431.402 431.322 432.972 429.962 429.442 430.864 425.577 423.892 424.384 424.134 426.397 428.839 430.042 432.052 430.262 436.284 436.942 434.822 432.992 429.137 430.352 427.104
422.887 429.752 429.397 427.052 431.412 430.707 432.569 432.242 432.192 429.024 423.334 422.962 427.859 427.672 427.524 432.297 430.914 431.934 434.017 427.417 425.257 428.324 426.057 424.139 425.119 424.484 424.779 423.752 424.382 424.104 423.517 423.617 424.459 425.632 429.104 432.382 428.862 431.492 429.504 425.814 423.939 429.969 426.069 423.779 427.737 428.817 431.292 428.779 423.812 429.797 428.414 432.219 426.449 423.884 424.174 426.469 431.862 430.142 429.914 434.964 433.969 436.812 436.354 435.334 430.137 423.649 428.947
423.032 426.814 423.459 427.507 425.792 424.234 430.657 428.779 426.527 429.392 425.222 433.117 429.697 427.594 427.362 430.577 429.832 431.717 431.639 432.489 425.557 423.262 423.907 424.797 425.357 425.432 425.617 424.202 424.224 423.749 423.264 428.007 431.772 429.952 428.249 424.894 432.812 432.109 427.752 433.814 432.162 427.149 433.294 433.387 424.914 423.989 428.564 431.714 426.729 428.879 432.849 435.257 433.419 426.554 426.002 427.854 428.222 433.584 431.992 429.622 435.319 435.202 435.739 433.662 428.227 426.764 434.884
425.517 422.567 422.234 423.982 423.732 424.552 425.717 426.619 425.657 430.592 430.879 428.372 425.462 425.934 429.002 430.437 427.212 424.374 430.532 431.084 424.657 423.507 424.067 424.372 424.159 424.069 424.969 424.404 424.597 424.372 425.877 431.332 432.589 433.984 426.404 424.622 427.222 428.704 432.022 431.362 428.114 430.992 434.082 433.327 431.072 424.162 424.282 430.424 429.744 426.954 430.689 431.537 430.427 426.412 428.857 426.794 431.629 429.119 426.497 427.649 431.782 432.982 436.809 436.644 435.844 434.607 435.729
426.684 425.674 422.927 424.309 422.679 422.632 423.137 425.302 424.292 428.239 428.289 426.614 431.532 432.872 433.732 434.699 431.004 426.607 425.452 426.774 424.597 424.084 424.167 423.982 424.609 425.927 424.582 429.462 431.364 429.589 425.397 431.559 427.829 429.294 426.342 425.429 430.434 429.199 430.319 429.074 433.864 434.049 430.987 426.722 431.497 430.174 432.999 429.459 427.284 426.659 428.882 428.507 427.539 427.159 435.567 431.427 433.504 436.134 434.014 428.049 428.017 431.214 433.987 434.404 437.219 439.072 436.162
425.282 425.592 425.302 424.974 430.119 426.652 429.359 432.257 426.384 426.214 430.302 427.174 430.322 432.624 433.117 430.302 424.932 424.437 424.812 429.104 430.512 429.514 427.097 431.574 426.994 429.814 433.389 433.952 431.354 432.462 433.112 429.877 427.909 432.547 431.724 432.217 426.892 425.689 428.287 428.979 432.444 434.569 433.937 430.637 431.167 430.307 434.577 435.517 428.109 427.559 425.592 425.617 427.557 432.367 433.357 429.969 434.389 433.437 432.129 435.634 435.882 433.144 432.739 432.942 437.044 438.022 436.997
423.604 426.839 431.849 431.412 432.547 428.552 429.979 433.152 429.234 427.589 424.999 424.234 423.932 425.804 427.982 426.797 424.964 428.457 427.384 432.852 430.027 429.002 428.829 432.244 429.664 425.744 433.919 434.187 429.779 430.179 435.627 432.277 425.839 427.734 429.427 429.209 426.704 432.309 434.829 428.334 425.474 430.189 432.727 429.489 435.557 430.712 433.212 435.549 432.214 432.674 431.802 428.124 425.937 429.379 429.457 429.054 430.122 432.777 432.604 429.707 432.499 436.559 435.269 436.814 437.372 437.312 434.977
433.407 431.272 432.744 427.524 427.679 426.374 428.277 432.669 431.357 430.589 428.454 424.562 424.909 425.599 426.719 427.584 430.457 433.432 431.062 432.547 432.914 428.224 429.012 432.584 434.292 432.922 435.849 430.584 431.234 431.434 433.084 434.924 427.879 432.929 432.699 430.494 432.144 433.699 432.702 429.119 427.009 432.134 435.419 430.072 427.632 427.289 431.867 435.069 436.359 432.374 433.939 432.044 429.252 426.419 426.497 426.142 426.082 427.884 430.507 435.247 432.792 437.757 435.307 434.707 433.974 432.829 436.189
430.194 426.954 428.144 426.542 426.092 426.352 425.892 430.662 433.407 433.134 426.877 424.962 426.772 430.777 431.897 425.037 428.057 429.977 433.652 434.554 434.407 433.517 434.207 434.587 433.379 434.297 433.689 434.097 430.559 425.342 429.259 433.892 431.872 431.584 428.327 428.597 429.584 428.277 428.782 427.139 427.469 434.279 432.732 428.899 426.644 427.249 430.339 435.124 433.002 431.339 426.659 426.774 429.437 429.319 429.817 434.279 427.187 426.672 426.819 429.829 430.099 432.752 431.847 427.917 428.479 426.759 436.319
425.612 425.607 425.902 426.329 426.989 426.262 432.322 431.647 427.502 428.774 426.877 428.414 430.952 433.569 428.839 426.492 425.349 427.679 435.854 432.407 427.972 431.214 434.469 433.819 430.739 430.544 436.392 438.279 431.584 425.999 426.237 430.749 428.479 427.329 427.039 426.662 427.137 427.062 428.029 427.842 429.824 433.354 428.782 426.574 426.564 428.219 435.009 437.847 429.097 429.254 428.334 428.912 431.354 435.584 433.032 436.859 432.302 427.497 427.304 435.367 433.869 429.399 434.389 427.909 427.809 430.902 437.884
425.324 426.769 426.194 426.649 426.199 426.794 428.447 429.294 427.794 429.994 432.789 433.679 431.082 434.757 431.872 433.344 426.869 427.127 429.069 427.129 426.372 429.267 435.147 437.022 434.687 430.827 437.227 435.272 432.962 426.564 426.664 427.817 426.764 426.397 428.022 428.884 426.519 426.399 427.632 428.902 429.387 428.767 427.054 427.187 428.017 428.487 430.042 431.852 426.982 427.087 428.449 430.274 433.127 436.612 432.847 437.707 434.704 428.517 429.047 435.179 434.272 432.104 434.407 433.084 436.014 439.204 439.477
