20220701_namedtuples/mapdata/sd8675_DSM_2M.asc
ncols 500
nrows 500
xllcorner    386000
yllcorner    475000
cellsize     2
NODATA_value -9999
[rows 33 to 65 of 500, columns 219 to 291 of 500]
479.79 479.61 479.462 479.355 479.2 479.043 478.9 478.837 478.375 477.688 477.215 477.182 477.242 477.26 477.108 476.635 476.587 476.557 476.423 476.423 476.575 476.595 476.367 476.215 476.06 475.985 475.885 475.74 475.612 475.435 475.175 475.023 474.833 474.748 474.508 474.3 474.275 474.215 474.133 474.178 474.063 473.79 473.61 473.498 473.595 473.525 473.525 473.278 473.073 472.825 472.51 472.44 472.383 472.295 472.26 472.313 472.353 472.328 472.278 472.145 472.008 471.82 471.693 471.438 471.12 470.853 470.445 469.703 468.955 468.413 468.035 467.658 467.583
480.575 480.332 480.103 479.723 479.562 479.418 479.325 479.122 478.71 478.298 478.003 478.03 477.945 477.863 477.645 477.27 477.015 476.892 476.742 476.785 476.738 476.848 476.777 476.438 476.297 476.26 476.195 476.095 475.96 475.775 475.522 475.383 475.195 475.175 474.93 474.855 474.888 475.07 474.765 474.483 474.258 474.143 473.965 473.81 473.838 473.903 473.743 473.59 473.443 473.205 472.85 472.695 472.683 472.628 472.585 472.76 472.868 472.785 472.685 472.625 472.535 472.373 472.198 471.993 471.765 471.53 471.11 470.175 469.41 468.82 468.45 468.263 468.503
480.825 480.77 480.702 480.392 480.337 479.88 479.67 479.515 479.178 478.875 478.658 478.6 478.565 478.312 478.19 477.827 477.767 477.58 477.485 477.415 477.245 477.175 477.03 476.747 476.598 476.582 476.46 476.332 476.255 476.085 475.875 475.83 475.783 475.593 475.435 475.563 475.498 475.128 474.923 474.795 474.698 474.568 474.39 474.24 474.058 474.183 474.213 473.978 473.82 473.615 473.393 473.068 472.945 472.96 473.025 473.158 473.243 473.245 473.155 473.093 472.988 472.855 472.725 472.558 472.318 472.053 471.723 471.115 470.368 469.463 469.04 468.928 469.045
481.112 480.883 480.7 480.635 480.63 480.733 480.42 480.022 479.668 479.452 479.24 479.158 478.945 478.63 478.435 478.247 478.175 478.112 477.962 477.853 477.793 477.6 477.522 477.44 477.212 477.163 477.003 476.703 476.552 476.392 476.188 476.09 476.028 476.02 476.07 475.953 475.753 475.585 475.393 475.155 475.053 474.903 474.825 474.73 474.545 474.475 474.503 474.343 474.17 473.978 473.875 473.608 473.288 473.22 473.47 473.58 473.595 473.578 473.53 473.47 473.418 473.293 473.125 472.935 472.71 472.458 472.25 471.708 471.055 470.208 469.598 469.423 469.49
481.552 481.475 481.062 480.87 480.927 480.658 480.517 480.603 480.457 480.095 479.658 479.538 479.367 479.027 478.723 478.592 478.51 478.363 478.42 478.315 478.212 478.05 477.945 477.878 477.715 477.69 477.608 477.33 477.197 476.982 476.647 476.545 476.453 476.863 476.21 476.165 476.17 475.978 475.788 475.645 475.53 475.453 475.298 475.205 475.068 474.97 474.993 474.84 474.628 474.38 474.15 473.925 473.813 473.7 473.725 473.885 473.925 473.87 473.82 473.758 473.725 473.615 473.47 473.265 473.038 472.825 472.508 472.038 471.413 470.71 470.253 470.238 470.295
481.985 481.825 481.54 481.527 481.262 481.08 480.805 480.58 480.477 480.345 480.255 480.092 479.677 479.443 479.247 479.008 478.827 478.615 478.637 478.682 478.57 478.48 478.383 478.265 478.205 478.125 478.145 477.902 477.767 477.603 477.513 477.568 477.32 476.833 476.633 476.535 476.363 476.335 476.228 475.99 475.933 475.855 475.728 475.59 475.49 475.358 475.44 475.328 475.058 474.785 474.465 474.288 474.32 474.393 474.313 474.155 473.963 473.858 473.938 474.023 473.99 473.938 473.785 473.605 473.373 473.153 472.748 472.235 471.658 471.223 471.078 471.095 471.27
482.303 481.81 481.603 481.62 481.75 481.54 481.128 480.927 480.995 480.798 480.427 480.15 480.353 480.085 479.73 479.32 479.188 479.087 478.975 478.938 478.925 478.795 478.658 478.63 478.587 478.505 478.392 478.238 478.237 478.61 478.21 477.8 477.645 477.498 477.288 477.055 477.033 476.803 476.703 476.485 476.4 476.238 476.125 475.963 475.878 475.805 475.68 475.633 475.355 475.043 474.763 474.675 474.69 474.715 474.705 474.683 474.588 474.233 474.083 474.208 474.255 474.17 474.075 473.888 473.663 473.403 472.975 472.465 471.853 471.458 471.528 471.713 471.915
482.733 482.405 482.098 481.985 482.23 482.018 481.647 481.495 481.33 481.272 481 480.508 480.33 480.215 480.322 480.108 479.83 479.497 479.402 479.315 479.253 479.092 479 478.99 478.88 478.818 478.772 478.79 478.89 478.443 478.318 478.245 478.23 478.18 478.088 477.915 477.748 477.538 477.395 477.115 476.84 476.635 476.5 476.34 476.275 476.128 475.958 475.863 475.7 475.455 475.318 475.21 475.028 474.99 474.98 475.02 474.923 474.783 474.62 474.493 474.468 474.48 474.318 474.165 473.918 473.615 473.248 472.69 472.04 471.748 472.085 472.313 472.485
483.142 482.99 482.87 482.742 482.677 482.372 482.103 481.89 481.688 481.582 481.445 481.182 480.785 480.283 480.31 480.193 480.005 480.047 480.033 479.885 479.668 479.492 479.483 479.383 479.27 479.378 479.425 479.03 478.728 478.665 478.53 478.538 478.62 478.62 478.635 478.42 478.283 478.183 477.985 477.7 477.43 477.225 477.008 476.798 476.68 476.508 476.455 476.283 476.138 475.915 475.76 475.723 475.478 475.348 475.368 475.29 475.173 475.06 474.94 474.853 474.743 474.595 474.523 474.41 474.148 473.76 473.348 472.97 472.55 472.458 472.603 472.835 472.995
483.418 483.363 483.342 483.285 483.103 482.835 482.452 482.277 482.087 481.892 481.737 481.635 481.372 480.962 480.702 480.527 480.527 480.285 480.27 480.207 480.277 480.16 480.045 479.92 480.04 479.68 479.33 479.14 478.988 479.045 478.828 478.838 478.95 479.008 478.983 478.838 478.735 478.593 478.39 478.173 478 477.803 477.645 477.383 477.203 476.94 476.758 476.628 476.563 476.403 476.335 476.378 476.31 476.14 475.93 475.678 475.523 475.38 475.22 475.113 475.045 474.918 474.78 474.583 474.253 473.928 473.663 473.353 473.075 473.025 473.158 473.318 473.435
483.682 483.675 483.655 483.612 483.485 483.188 482.918 482.68 482.495 482.322 482.115 481.897 481.695 481.402 480.818 480.938 480.965 480.815 480.767 480.665 480.58 480.525 480.655 480.622 480.158 479.853 479.842 479.562 479.457 479.495 479.275 479.225 479.33 479.428 479.375 479.29 479.183 479 478.845 478.6 478.485 478.33 478.198 478.03 477.85 477.493 477.153 477.055 477.008 476.88 476.863 476.823 476.765 476.575 476.393 476.065 475.908 475.795 475.57 475.383 475.263 475.178 474.958 474.645 474.38 474.15 473.978 473.788 473.583 473.583 473.78 473.85 473.86
483.967 484.01 483.992 483.885 483.753 483.595 483.42 483.16 482.922 482.728 482.535 482.255 482.095 481.957 481.668 481.658 481.49 481.358 481.205 481.177 481.027 480.99 480.887 480.855 480.66 480.42 480.19 479.997 479.918 479.93 479.832 479.68 479.705 479.65 479.77 479.608 479.483 479.263 479.093 479.078 478.988 478.81 478.758 478.588 478.455 478.263 477.925 477.748 477.525 477.36 477.275 477.27 477.18 476.84 476.54 476.345 476.308 476.24 476.098 475.825 475.603 475.405 475.085 474.8 474.725 474.408 474.31 474.248 474.125 474.208 474.293 474.333 474.32
484.517 484.43 484.29 484.25 484.133 484.02 483.793 483.633 483.457 483.19 482.98 482.753 482.573 482.455 482.332 482.25 482.11 481.875 481.715 481.56 481.423 481.388 481.19 480.925 480.815 480.707 480.5 480.392 480.247 480.215 480.18 480.173 480.013 479.938 479.9 479.845 479.733 479.568 479.46 479.338 479.228 479.203 479.15 479 478.865 478.745 478.595 478.29 478.105 478.025 477.843 477.735 477.7 477.488 477.053 476.705 476.598 476.58 476.445 476.175 475.948 475.653 475.365 475.11 474.998 474.8 474.735 474.658 474.63 474.683 474.763 474.755 474.703
485.04 485.035 484.905 484.765 484.617 484.423 484.258 484.18 483.947 483.742 483.495 483.262 483.188 482.992 482.858 482.798 482.615 482.372 482.207 482.017 481.875 481.803 481.54 481.233 481.108 481.457 481.065 480.815 480.723 480.577 480.555 480.458 480.41 480.343 480.23 480.27 480.023 479.903 479.803 479.713 479.57 479.503 479.44 479.375 479.258 479.153 478.948 478.738 478.588 478.468 478.305 478.115 477.953 477.775 477.57 477.165 477.148 477.025 476.83 476.503 476.18 475.903 475.708 475.568 475.453 475.233 475.143 475.105 475.078 475.17 475.235 475.135 475.063
485.517 485.505 485.473 485.277 485.18 485.082 484.772 484.633 484.445 484.27 484.045 483.805 483.76 483.622 483.545 483.427 483.217 483.017 482.69 482.438 482.3 482.315 482.02 481.772 481.635 481.522 481.71 481.35 481.195 481.12 481.083 480.948 480.805 480.77 480.59 480.505 480.36 480.223 480.188 480.083 479.923 479.86 479.883 479.865 479.683 479.613 479.418 479.18 478.93 478.743 478.573 478.433 478.31 478.103 477.798 477.608 477.51 477.4 477.113 476.863 476.63 476.348 476.17 475.998 476.013 475.778 475.533 475.455 475.505 475.598 475.663 475.49 475.415
486.125 485.997 485.842 485.753 485.74 485.62 485.337 485.155 484.952 484.837 484.783 484.527 484.345 484.108 484.108 483.987 483.807 483.557 483.305 483.175 482.925 482.743 482.517 482.365 482.098 481.973 481.8 481.975 481.985 481.885 481.712 481.508 481.25 481.065 480.978 480.883 480.82 480.658 480.588 480.51 480.483 480.44 480.328 480.15 480.04 479.98 479.735 479.535 479.328 479.043 478.86 478.713 478.63 478.455 478.175 477.908 477.69 477.555 477.318 477.075 476.9 476.628 476.535 476.55 476.503 476.333 476.14 475.79 475.748 475.875 475.928 475.785 475.593
486.675 486.745 486.49 486.383 486.325 486.228 485.98 485.762 485.658 485.423 485.332 485.133 484.94 484.755 484.577 484.505 484.307 484.08 483.93 483.802 483.525 483.24 483.065 482.987 482.618 482.527 482.322 482.117 482.103 481.965 481.928 482.08 482.238 481.858 481.69 481.443 481.298 481.295 481.025 480.848 480.833 480.735 480.528 480.465 480.393 480.253 480.118 479.955 479.678 479.44 479.24 479.025 478.923 478.72 478.47 478.218 478.018 477.868 477.735 477.48 477.34 477.068 477 477.083 476.983 476.79 476.42 476.088 476.02 476.138 476.138 476.04 475.86
487.365 487.283 487.11 486.99 486.883 486.67 486.535 486.365 486.193 486.115 485.848 485.648 485.485 485.34 485.185 485.078 484.888 484.638 484.388 484.178 484.023 483.803 483.61 483.513 483.193 483.128 483.04 482.97 482.923 482.648 482.453 482.248 482.11 482.01 481.92 482.063 482.065 481.925 481.978 482.028 481.493 480.915 481.245 481.218 481.268 481.013 480.798 480.575 480.07 479.895 479.733 479.498 479.315 479.113 478.853 478.558 478.398 478.25 478.098 477.948 477.905 477.59 477.47 477.49 477.393 477.198 476.755 476.255 476.225 476.335 476.383 476.333 476.213
487.908 487.838 487.72 487.598 487.518 487.398 487.178 486.963 486.76 486.618 486.498 486.273 486.005 485.84 485.665 485.538 485.315 485.1 484.888 484.72 484.64 484.368 484.205 484.063 483.775 483.73 483.69 483.573 483.55 483.445 483.19 482.718 482.435 482.408 482.313 482.28 482.135 481.998 481.875 481.743 481.553 481.243 481.273 481.513 481.08 481.063 481.058 481.083 481.148 480.983 480.513 480.175 479.898 479.678 479.308 479.04 478.88 478.748 478.615 478.473 478.328 478.033 477.928 477.868 477.745 477.578 477.128 476.608 476.613 476.625 476.56 476.635 476.595
488.378 488.403 488.41 488.29 488.17 487.98 487.785 487.54 487.305 487.038 486.838 486.648 486.485 486.33 486.18 485.975 485.73 485.565 485.418 485.303 485.245 484.928 484.75 484.613 484.61 484.458 484.355 484.225 484.138 483.993 483.745 483.27 483.06 482.955 482.84 482.75 482.593 482.373 482.295 482.188 482.103 481.975 481.98 481.723 481.563 481.465 481.378 481.24 481.258 481.17 481.005 480.86 480.64 480.333 480.355 479.958 479.493 479.22 479.21 478.955 478.67 478.468 478.408 478.313 478.155 477.945 477.5 477.033 476.978 477.018 476.975 476.955 476.95
489.105 489.005 489.028 488.91 488.703 488.473 488.245 488.073 487.873 487.505 487.288 487.05 486.898 486.725 486.608 486.505 486.3 486.148 486.025 485.938 485.815 485.548 485.383 485.333 485.305 485.118 485.023 484.968 484.775 484.558 484.25 483.798 483.638 483.503 483.318 483.265 482.9 482.688 482.66 482.605 482.588 482.395 482.315 482.243 482.373 482.058 481.94 481.86 481.725 481.67 481.5 481.248 480.945 480.593 480.43 480.45 480.418 480.43 479.973 479.493 479.073 478.88 478.83 478.758 478.618 478.395 477.968 477.458 477.258 477.375 477.373 477.303 477.345
489.65 489.598 489.505 489.408 489.18 488.94 488.703 488.54 488.345 487.963 487.668 487.455 487.285 487.13 487.068 487.095 486.918 486.693 486.513 486.443 486.328 486.088 486.015 486.013 485.97 485.805 485.658 485.593 485.385 485.14 484.85 484.455 484.238 483.965 483.83 483.75 483.82 483.89 483.308 483.085 483.01 482.935 482.823 482.748 482.548 482.453 482.448 482.403 482.328 482.19 482.03 481.753 481.458 480.925 480.805 480.673 480.638 480.468 480.308 480.23 480.24 479.94 479.368 479.193 478.965 478.78 478.458 477.988 477.753 477.743 477.723 477.815 477.82
490.105 490.12 490.02 489.878 489.68 489.39 489.165 489.033 488.865 488.523 488.153 487.858 487.69 487.55 487.578 487.548 487.398 487.223 487.028 486.973 486.798 486.6 486.55 486.628 486.57 486.43 486.295 486.13 485.965 485.69 485.418 485.033 484.81 484.63 484.383 484.163 484.145 484.023 483.733 483.323 483.368 483.348 483.445 483.338 483.015 483.103 483.063 482.868 482.875 482.83 482.685 482.355 481.993 481.503 481.123 481.225 481.208 481.02 480.893 480.6 480.305 479.918 479.855 479.715 479.53 479.163 478.863 478.488 478.3 478.118 478.135 478.273 478.248
490.133 490.063 490.198 490.183 490.063 489.86 489.678 489.453 489.27 488.958 488.63 488.438 488.255 488.13 488.123 488.03 487.86 487.663 487.578 487.488 487.233 487.133 487.1 487.19 487.125 486.973 486.778 486.693 486.568 486.345 486.093 485.73 485.463 485.19 484.915 484.618 484.548 484.443 484.235 484.058 483.888 484.048 484.11 483.983 483.84 483.768 483.603 483.325 483.213 483.255 483.165 482.938 482.615 482.31 482.115 482.03 481.81 481.61 481.363 481.123 480.715 480.353 479.943 479.705 479.935 479.915 479.425 479.13 478.833 478.593 478.545 478.645 478.68
489.835 489.57 490.098 490.315 490.31 490.2 489.925 489.708 489.503 489.305 489.04 488.868 488.67 488.553 488.533 488.448 488.345 488.213 488.1 487.953 487.713 487.68 487.67 487.715 487.7 487.523 487.273 487.12 487.06 486.888 486.62 486.3 485.985 485.573 485.328 485.103 484.97 485.015 484.998 484.785 484.718 484.758 484.65 484.53 484.418 484.308 484.145 483.888 483.663 483.745 483.558 483.37 483.2 482.993 482.845 482.613 482.373 482.215 481.865 481.608 481.493 481.045 480.568 480.183 479.943 480.165 480.5 480.373 479.818 479.55 479.343 479.38 479.248
490.76 490.51 490.618 490.343 490.458 490.498 490.24 490.028 489.863 489.673 489.438 489.233 489 488.798 488.815 488.803 488.73 488.68 488.56 488.405 488.208 488.14 488.135 488.19 488.15 487.96 487.798 487.75 487.64 487.448 487.148 486.915 486.633 486.255 485.965 485.765 485.52 485.568 485.683 485.57 485.495 485.47 485.245 484.97 484.673 484.665 484.685 484.505 484.345 484.225 484.05 483.925 483.74 483.538 483.4 483.183 483.013 482.825 482.55 482.385 482.21 481.995 481.678 481.338 481.14 481.118 481.02 480.988 481.033 480.775 480.555 480.26 479.985
491.528 491.345 491.318 491.033 490.865 490.655 490.18 490.123 490.315 490.165 489.928 489.668 489.323 488.943 488.9 489.02 489.038 489.03 488.99 488.893 488.725 488.695 488.82 488.803 488.653 488.465 488.305 488.318 488.243 488.065 487.775 487.563 487.275 486.955 486.66 486.555 486.34 486.293 486.373 486.32 486.193 485.95 485.675 485.438 485.248 485.24 485.3 485.05 484.773 484.615 484.478 484.438 484.338 484.138 483.968 483.738 483.568 483.465 483.23 483.068 482.88 482.715 482.528 482.273 482.113 482.028 481.765 481.345 481.2 481.375 481.445 481.185 480.903
492.153 492.095 492.095 491.883 491.63 491.223 490.415 490.088 490.513 490.373 489.948 489.628 489.455 489.11 489.215 489.393 489.333 489.278 489.395 489.335 489.31 489.305 489.405 489.323 489.065 489.018 488.875 488.823 488.783 488.605 488.37 488.118 487.863 487.613 487.405 487.248 487.115 486.933 486.893 486.9 486.823 486.595 486.19 485.985 485.923 485.94 485.878 485.625 485.305 485.165 485.063 484.955 484.915 484.715 484.545 484.398 484.24 484.1 483.94 483.775 483.528 483.41 483.213 482.995 482.84 482.7 482.4 481.998 481.823 481.715 481.573 481.698 481.678
492.64 492.593 492.603 492.63 492.448 491.863 491.228 490.993 490.775 490.108 489.505 488.975 489.038 489.133 489.688 489.775 489.275 489.058 489.69 489.858 489.87 490.055 490.08 489.773 489.475 489.33 489.333 489.338 489.26 489.128 488.945 488.67 488.448 488.288 488.14 487.975 487.793 487.51 487.303 487.38 487.435 487.275 486.975 486.685 486.635 486.608 486.435 486.14 485.865 485.793 485.748 485.603 485.503 485.295 485.213 485.123 484.965 484.81 484.57 484.368 484.138 483.985 483.835 483.653 483.493 483.29 482.978 482.65 482.463 482.363 482.123 482.005 481.965
493.053 493.068 493.213 493.085 492.733 492.37 492.065 491.868 491.315 490.598 489.805 489.7 489.68 489.593 490.023 490.303 490.145 489.998 490.338 490.313 490.385 490.625 490.683 490.188 489.128 488.575 489.638 489.808 489.715 489.553 489.423 489.22 489.018 488.873 488.7 488.54 488.295 488.035 487.87 487.883 487.993 487.873 487.63 487.435 487.31 487.155 487.015 486.795 486.625 486.528 486.433 486.253 486.143 486.013 485.915 485.838 485.705 485.468 485.198 484.99 484.74 484.56 484.365 484.285 484.128 483.89 483.608 483.333 483.125 482.97 482.78 482.638 482.425
493.645 493.655 493.69 493.535 493.145 492.855 492.735 492.313 491.718 491.108 490.635 490.468 490.635 490.548 490.845 491.215 491.043 490.873 491.163 491.1 490.868 490.925 491.03 490.523 489.183 488.528 489.775 490.348 490.398 489.995 489.845 489.67 489.533 489.355 489.213 489.09 488.92 488.703 488.548 488.56 488.608 488.488 488.258 488.063 487.973 487.808 487.653 487.44 487.285 487.228 487.085 486.96 486.765 486.67 486.653 486.608 486.44 486.188 485.888 485.635 485.255 485.028 484.928 484.855 484.688 484.45 484.128 483.865 483.72 483.71 483.645 483.49 483.273
494.335 494.36 494.173 493.94 493.71 493.425 493.145 492.648 492.055 491.705 491.37 491.213 491.338 491.308 491.69 492.048 491.813 491.675 491.943 491.888 491.453 491.333 491.26 490.923 490.045 489.878 490.388 490.708 490.865 490.685 490.418 490.243 490.015 489.465 489.525 489.65 489.563 489.438 489.275 489.16 489.193 489.085 488.895 488.663 488.543 488.445 488.28 488.11 487.983 487.873 487.71 487.445 487.343 487.275 487.275 487.243 487.083 486.803 486.54 486.198 485.805 485.503 485.388 485.338 485.165 484.968 484.673 484.535 484.373 484.233 484.148 484.043 483.908
494.993 494.985 494.675 494.49 494.24 493.903 493.57 493.07 492.67 492.343 492.28 492.188 492.125 492.16 492.495 492.688 492.58 492.508 492.6 492.525 492.073 491.87 491.71 491.448 490.968 490.903 490.985 491 491.153 491.258 491.028 490.748 490.283 488.88 489.768 490.185 490.13 489.995 489.913 489.823 489.72 489.685 489.58 489.358 489.213 489.065 488.885 488.753 488.675 488.485 488.29 488.073 487.89 487.93 487.935 487.898 487.693 487.405 487.105 486.74 486.395 486.103 485.968 485.895 485.72 485.5 485.273 485.153 485.038 484.825 484.73 484.578 484.443
