20220701_namedtuples/mapdata/sd8675_DSM_2M.asc
ncols 500
nrows 500
xllcorner    386000
yllcorner    475000
cellsize     2
NODATA_value -9999
[rows 0 to 32 of 500, columns 146 to 218 of 500]
477.835 477.665 477.542 477.4 477.24 477.137 477.017 476.885 476.725 476.592 476.445 476.265 476.105 475.885 475.675 475.425 474.892 473.862 473.175 472.662 472.315 472.535 472.997 473.437 473.822 474.032 474.025 473.865 473.745 473.56 473.382 473.237 473.012 472.817 472.75 472.61 472.407 472.29 472.132 471.717 471.092 470.482 469.962 469.427 468.652 468.537 468.92 468.665 468.672 468.777 468.762 468.725 468.6 468.482 468.402 468.207 468.048 467.842 467.655 467.595 467.49 467.198 466.753 466.397 466.085 466.038 465.803 465.585 465.442 465.31 465.275 465.163 465.048
478.197 477.94 477.742 477.745 477.545 477.435 477.31 477.19 477.04 476.902 476.72 476.522 476.35 476.152 475.932 475.642 474.952 473.907 473.412 472.957 472.632 472.98 473.532 474.002 474.44 474.492 474.39 474.24 474.05 473.887 473.705 473.582 473.36 473.24 473.115 472.965 472.857 472.735 472.495 471.957 471.23 470.642 470.092 469.565 468.97 469.27 469.365 468.957 469.117 469.267 469.295 469.255 469.127 469.032 469 468.707 468.465 468.202 468.078 468.02 467.9 467.742 467.425 467.065 466.747 466.568 466.327 466.015 465.762 465.77 465.83 465.668 465.522
478.667 478.437 478.142 477.98 477.862 477.79 477.592 477.44 477.302 477.232 477.065 476.852 476.58 476.35 476.102 475.845 475.057 474.047 473.76 473.29 472.922 473.385 474.295 474.765 475.07 474.917 474.705 474.582 474.42 474.31 474.13 473.93 473.792 473.687 473.547 473.415 473.277 473.105 472.765 472.152 471.487 470.837 470.322 469.572 469.355 469.95 470.015 469.64 469.525 469.68 469.745 469.785 469.602 469.56 469.445 469.275 469.055 468.76 468.503 468.438 468.385 468.32 468.14 467.823 467.488 467.323 467.255 466.978 466.652 466.35 466.202 466.168 466.035
478.99 478.822 478.652 478.397 478.23 477.992 477.89 477.692 477.57 477.452 477.347 477.165 476.87 476.61 476.32 476.02 475.12 474.26 473.91 473.362 473.257 473.752 474.69 475.335 475.44 475.252 475.037 474.952 474.822 474.67 474.585 474.382 474.222 474.125 473.99 473.885 473.74 473.497 473.062 472.39 471.647 471.005 470.352 469.912 470.49 470.732 470.697 470.247 469.805 470.052 470.132 470.15 470.055 470.005 469.983 469.905 469.71 469.615 469.367 469.055 468.987 468.89 468.798 468.582 468.35 468.223 468.173 467.995 467.7 467.372 467.128 466.918 466.67
479.745 479.282 479.107 478.785 478.447 478.292 478.105 477.965 477.81 477.68 477.535 477.367 477.152 476.842 476.572 476.23 475.375 474.592 474.052 473.555 473.81 474.327 475.04 475.692 475.695 475.57 475.437 475.352 475.262 475.09 474.947 474.775 474.635 474.49 474.38 474.327 474.167 473.86 473.425 472.687 471.945 471.29 470.507 470.46 471.182 471.382 471.317 470.945 470.415 470.505 470.55 470.632 470.582 470.44 470.522 470.64 470.58 470.483 470.375 470.25 470.177 470.06 469.932 469.637 469.445 469.21 469.08 468.835 468.473 468.185 467.978 467.742 467.44
480.005 480.145 479.845 479.497 479.12 478.772 478.525 478.237 478.112 477.917 477.72 477.577 477.395 477.155 476.825 476.472 475.762 475.082 474.547 473.952 474.705 475.467 475.767 476.065 476.06 475.917 475.785 475.727 475.64 475.442 475.275 475.15 475.057 474.927 474.812 474.712 474.54 474.277 473.842 473.137 472.33 471.525 471.08 471.3 471.72 471.95 471.835 471.68 471.307 471.035 471.077 471.107 471.09 471.012 470.895 471.01 471.115 471.103 470.99 470.943 470.938 470.927 470.92 470.712 470.42 470.14 469.875 469.51 469.163 468.91 468.695 468.522 468.302
480.187 479.975 479.87 479.95 480 479.822 479.247 478.76 478.487 478.305 478.175 477.88 477.73 477.572 477.28 476.787 476.122 475.66 475.28 474.435 475.447 476.252 476.367 476.407 476.36 476.247 476.167 476.117 476.012 475.83 475.645 475.492 475.377 475.355 475.247 475.057 474.905 474.667 474.312 473.7 472.712 471.855 471.532 472.15 472.425 472.507 472.312 472 471.805 471.66 471.637 471.62 471.607 471.63 471.598 471.617 471.59 471.675 471.693 471.72 471.698 471.707 471.645 471.51 471.28 471.025 470.675 470.275 469.925 469.63 469.423 469.31 468.91
480.632 480.36 480.125 480.03 479.982 479.832 479.625 479.832 479.262 478.915 478.612 478.282 478.102 477.947 477.73 477.252 476.412 475.902 475.467 475.385 476.182 476.697 476.695 476.695 476.697 476.612 476.532 476.455 476.317 476.215 476.07 475.897 475.837 475.705 475.567 475.487 475.292 475.02 474.545 473.777 472.792 471.947 471.955 472.622 472.89 472.927 472.89 472.687 472.332 472.125 472.11 472.15 472.052 472.292 472.587 472.622 472.758 472.79 472.72 472.72 472.64 472.462 472.275 472.13 471.945 471.74 471.425 471.09 470.78 470.592 470.358 470.14 469.805
481.042 480.895 480.565 480.367 480.285 480.17 479.912 479.632 479.555 479.502 479.462 478.92 478.49 478.21 477.842 477.275 476.57 476.075 475.545 475.817 476.705 477.08 477.015 477.002 476.985 476.925 476.855 476.71 476.627 476.56 476.402 476.237 476.095 475.992 475.94 475.822 475.735 475.325 474.667 473.907 472.877 472.172 472.332 473.025 473.297 473.34 473.33 473.215 472.917 472.667 472.622 472.792 472.842 472.975 473.44 473.628 473.755 473.76 473.758 473.603 473.408 473.235 472.955 472.842 472.693 472.455 472.11 471.82 471.565 471.275 471.107 470.872 470.61
481.41 481.317 481.072 480.847 480.635 480.452 480.33 480.092 479.832 479.455 479.427 479.59 479.262 478.412 477.835 477.252 476.745 476.242 476.165 476.707 477.33 477.465 477.292 477.257 477.265 477.225 477.157 477.147 476.972 476.81 476.677 476.555 476.357 476.26 476.145 476.115 475.922 475.715 475.207 474.37 473.232 472.522 472.88 473.445 473.72 473.88 473.902 473.695 473.47 473.365 473.345 473.292 473.412 473.505 474.188 474.522 474.56 474.533 474.603 474.53 474.255 474.055 473.855 473.7 473.52 473.215 472.895 472.595 472.335 472.008 471.825 471.612 471.345
481.867 481.685 481.45 481.377 481.027 480.787 480.675 480.452 480.56 480.147 479.807 479.647 479.565 479.41 478.587 477.735 477.075 477.037 477.24 477.632 477.972 477.955 477.652 477.485 477.492 477.472 477.425 477.427 477.332 477.127 476.93 476.872 476.66 476.535 476.437 476.362 476.262 476.087 475.66 474.842 473.785 473.215 473.547 473.992 474.505 474.82 474.772 474.335 473.93 473.935 473.96 473.787 473.85 474.03 474.73 475.177 475.215 475.137 475.142 475.035 474.845 474.775 474.607 474.465 474.235 473.947 473.647 473.395 473.117 472.83 472.635 472.348 471.952
482.245 482.052 481.885 481.635 481.357 481.13 480.94 480.757 480.547 480.51 480.2 480 479.74 479.095 478.362 478.312 478.437 478.455 478.28 478.387 478.497 478.46 478.162 477.772 477.757 477.72 477.667 477.572 477.462 477.425 477.197 477.135 477.105 476.975 476.797 476.737 476.605 476.39 475.98 475.137 474.125 473.522 474.077 474.525 475.07 475.492 475.415 475.042 474.62 474.517 474.635 474.472 474.3 474.51 475.165 475.682 475.702 475.613 475.525 475.46 475.32 475.305 475.172 475.068 474.83 474.58 474.312 474.092 473.855 473.598 473.353 472.965 472.617
482.567 482.412 482.2 481.952 481.755 481.467 481.22 481.012 480.885 480.792 480.557 480.372 479.887 479.265 478.75 478.855 478.892 478.927 479.197 479.137 479.14 478.677 478.3 478.067 477.99 477.97 477.89 477.825 477.887 477.65 477.605 477.505 477.422 477.322 477.147 477.09 476.97 476.752 476.382 475.475 474.405 473.837 474.577 475.002 475.577 475.93 475.835 475.612 475.307 475.247 475.32 475.217 474.942 475.045 475.307 475.69 475.945 476.012 475.923 475.765 475.622 475.62 475.6 475.515 475.335 475.122 474.9 474.695 474.467 474.128 473.845 473.55 473.3
482.877 482.73 482.537 482.307 482.057 481.775 481.485 481.257 481.18 481.102 480.992 480.607 480.12 479.542 479.707 479.51 479.462 479.382 479.375 479.202 479.037 479.017 478.895 478.587 478.407 478.27 478.24 478.205 478.115 477.99 477.902 477.885 477.73 477.572 477.552 477.412 477.292 477.107 476.61 475.727 474.522 474.47 475.297 475.62 476.025 476.375 476.192 476.007 475.845 475.795 475.787 475.485 475.375 475.535 475.712 475.857 476.082 476.258 476.303 476.207 476.057 475.81 475.745 475.717 475.702 475.527 475.33 475.105 474.837 474.587 474.32 474.11 473.935
483.142 482.992 482.792 482.562 482.365 482.085 481.787 481.62 481.45 481.385 481.092 480.85 480.522 480.17 480.255 480.157 479.942 479.702 479.63 479.647 479.535 479.12 478.79 478.757 478.845 478.987 478.595 478.522 478.437 478.325 478.212 478.082 478.007 477.922 477.787 477.695 477.592 477.455 476.945 476.26 475.24 475.022 475.91 475.99 476.41 476.78 476.642 476.497 476.262 476.097 476.037 475.925 476.065 476.067 476.105 476.125 476.277 476.367 476.415 476.428 476.315 476.065 475.867 475.812 475.775 475.693 475.585 475.348 475.147 474.902 474.712 474.55 474.413
483.397 483.22 483.07 482.827 482.657 482.425 482.172 481.957 481.742 481.562 481.357 481.05 480.895 480.782 480.625 480.622 480.415 480.092 479.86 480.04 479.842 479.572 479.027 478.82 478.832 478.915 479.085 479.275 479.147 478.787 478.582 478.442 478.32 478.157 478.065 478.022 477.917 477.697 477.34 476.62 476.025 475.52 476.332 476.307 476.745 477.182 477.13 476.937 476.752 476.535 476.252 476.307 476.445 476.605 476.635 476.495 476.448 476.467 476.495 476.478 476.392 476.35 476.147 476.072 475.97 475.758 475.617 475.547 475.358 475.155 474.995 474.825 474.645
483.732 483.56 483.36 483.115 482.91 482.757 482.7 482.402 482.025 481.79 481.58 481.315 481.34 481.215 481.01 480.985 480.752 480.452 480.362 480.27 480.137 479.785 479.322 479.135 479.067 479.055 479.127 479.152 479.182 479.19 479.137 478.877 478.707 478.56 478.37 478.325 478.122 478.005 477.667 476.932 476.437 476.2 476.557 476.655 477.175 477.61 477.562 477.417 477.275 477.122 476.857 476.595 476.615 476.75 476.8 476.758 476.647 476.71 476.672 476.565 476.478 476.457 476.408 476.485 476.37 476.072 475.747 475.628 475.49 475.303 475.165 475.04 474.95
483.992 483.792 483.627 483.432 483.135 482.847 482.785 482.59 482.312 482.02 481.907 481.84 481.867 481.565 481.37 481.277 481.057 480.827 480.7 480.5 480.5 480.042 479.597 479.432 479.452 479.4 479.35 479.335 479.287 479.212 479.435 479.34 479.117 479.142 479.035 478.837 478.535 478.387 477.942 477.235 476.97 476.572 476.845 477.19 477.732 477.9 477.865 477.695 477.582 477.527 477.427 477.01 477.002 476.9 476.973 477 476.955 476.895 476.865 476.698 476.617 476.503 476.503 476.552 476.562 476.367 476.203 476.025 475.725 475.495 475.39 475.293 475.195
484.335 484.087 483.87 483.652 483.432 483.157 482.952 482.725 482.567 482.382 482.402 482.347 482.272 481.95 481.747 481.6 481.252 481.297 481.032 481.03 480.847 480.425 480.142 479.962 479.937 479.802 479.63 479.6 479.522 479.37 479.21 479.19 479.32 479.567 479.557 479.297 478.95 478.792 478.182 477.5 477.322 477.085 477.31 477.7 478.017 478.225 478.21 478.132 477.907 477.687 477.68 477.57 477.427 477.12 477.12 477.14 477.128 477.14 477.07 476.887 476.805 476.707 476.74 476.587 476.612 476.538 476.565 476.457 476.13 475.913 475.742 475.565 475.423
484.655 484.365 484.227 483.992 483.712 483.382 483.212 483.022 482.895 482.935 482.875 482.732 482.74 482.505 482.39 481.995 481.727 481.85 481.88 481.885 481.565 481.07 480.732 480.312 479.887 479.645 479.695 479.702 479.672 479.49 479.427 479.3 479.392 479.455 479.672 479.525 479.475 479.152 478.397 477.797 477.707 477.397 477.725 478.2 478.395 478.422 478.357 478.48 478.325 478.097 477.877 477.795 477.867 477.615 477.355 477.272 477.355 477.41 477.383 477.26 477.09 476.943 476.875 476.82 476.69 476.608 476.738 476.75 476.585 476.305 476.065 475.855 475.728
485.05 484.785 484.562 484.267 483.98 483.652 483.477 483.405 483.327 483.202 483.122 483.395 483.31 483 482.997 482.8 482.577 482.367 482.262 482.162 481.922 481.67 481.042 480.342 479.727 479.355 479.587 479.872 479.842 479.66 479.61 479.502 479.492 479.992 479.687 479.43 479.425 479.18 478.69 478.345 478.005 477.835 478.207 478.46 478.51 478.512 478.417 478.487 478.54 478.45 478.24 478.052 478.045 478.05 477.995 477.823 477.582 477.613 477.637 477.617 477.495 477.272 477.043 476.94 476.908 476.67 476.737 476.81 476.753 476.51 476.293 476.135 475.913
485.452 485.152 484.87 484.557 484.292 484.067 483.892 483.715 483.662 483.617 483.77 483.865 483.707 483.562 483.527 483.247 483.022 482.767 482.6 482.437 482.29 482.035 481.56 480.71 479.922 480.052 480.172 479.862 479.997 479.9 479.8 479.73 479.84 480.252 479.832 479.647 479.647 479.28 478.685 478.677 478.675 478.59 478.97 478.995 478.897 478.875 478.827 478.857 478.722 478.63 478.562 478.357 478.322 478.157 478.205 478.115 477.855 477.76 477.835 477.783 477.763 477.622 477.277 476.96 476.88 476.772 476.818 476.783 476.785 476.668 476.513 476.425 476.188
485.897 485.545 485.175 484.92 484.615 484.417 484.257 484.137 484.04 484.082 484.102 484.157 484.11 484 483.895 483.652 483.41 483.162 482.947 482.89 482.73 482.427 481.93 481.32 480.747 480.75 480.792 480.222 480.162 480.257 480.13 480.087 480.512 480.28 480.087 479.935 479.827 479.525 479.19 479.115 478.707 478.777 479.38 479.53 479.545 479.352 479.14 479.107 479.135 478.922 478.895 478.83 478.612 478.365 478.32 478.26 478.17 478.108 478.043 478.003 477.955 477.905 477.698 477.353 477.117 476.967 476.913 476.86 476.895 476.837 476.735 476.63 476.452
486.452 486.035 485.68 485.317 484.952 484.805 484.785 484.607 484.44 484.367 484.422 484.495 484.522 484.52 484.375 484.152 483.872 483.635 483.48 483.317 483.157 482.85 482.307 481.855 481.712 481.295 481.207 480.985 480.822 480.73 480.592 480.455 480.772 480.535 480.332 480.145 480.01 479.85 479.522 479.362 479.147 479.237 479.59 479.622 479.63 479.715 479.892 479.732 479.422 479.355 479.192 479.027 478.807 478.667 478.55 478.432 478.467 478.413 478.408 478.262 478.182 478.038 477.88 477.755 477.517 477.32 477.28 477.052 476.985 477.04 476.945 476.83 476.753
486.972 486.407 486 485.765 485.54 485.502 485.502 485.255 485.025 484.92 484.792 484.91 485.027 484.897 484.815 484.685 484.427 484.192 483.962 483.725 483.542 483.227 482.717 482.305 482.047 481.772 481.62 481.435 481.357 481.197 481.087 480.96 481.317 480.76 480.51 480.355 480.207 480.127 479.845 479.512 479.457 479.667 479.797 479.742 479.897 479.79 479.767 479.672 479.905 479.867 479.645 479.402 479.205 479.022 478.88 478.742 478.812 478.678 478.61 478.495 478.405 478.223 478.027 477.918 477.805 477.707 477.747 477.445 477.21 477.193 477.15 477.015 477.068
487.032 486.105 486.027 486.345 486.44 486.392 486.26 485.852 485.612 485.482 485.282 485.462 485.492 485.452 485.322 485.132 484.915 484.69 484.412 484.125 483.972 483.552 483.11 482.76 482.392 482.192 482.11 481.957 481.747 481.555 481.43 481.347 481.205 480.86 480.722 480.55 480.49 480.447 480.21 479.875 479.722 479.75 479.99 480.165 480.227 480.117 480.035 479.76 479.915 480.012 480.165 480.157 480.072 479.837 479.452 479.272 479.173 478.94 478.902 478.822 478.617 478.58 478.408 478.202 478.062 477.975 478.125 477.965 477.613 477.435 477.33 477.262 477.28
487.287 486.942 486.907 487.16 487.365 487.31 486.922 486.602 486.522 486.325 486 486.012 485.995 485.982 485.875 485.57 485.342 485.197 485 484.765 484.567 484.065 483.597 483.187 482.84 482.715 482.662 482.49 482.282 482.092 481.86 481.952 481.517 481.155 480.952 480.852 480.807 480.725 480.557 480.117 479.835 479.855 480.097 480.472 480.477 480.437 480.357 480.37 480.39 480.475 480.287 480.222 480.247 480.332 480.172 479.73 479.527 479.35 479.285 479.092 478.902 478.802 478.723 478.517 478.38 478.383 478.43 478.31 478.105 477.905 477.723 477.565 477.42
488.2 488.082 487.895 487.86 487.945 487.875 487.577 487.32 487.252 487.08 486.877 486.627 486.607 486.487 486.282 486.095 485.872 485.72 485.597 485.357 485.262 484.74 484.242 483.792 483.472 483.335 483.222 483.042 482.775 482.57 482.5 482.485 481.937 481.582 481.41 481.34 481.252 481.105 480.85 480.43 480.09 480.037 480.242 480.585 480.757 480.762 480.765 480.762 480.672 480.707 480.637 480.545 480.552 480.432 480.262 480.327 480.205 479.983 479.647 479.48 479.293 479.185 479.027 478.802 478.693 478.832 478.712 478.56 478.45 478.36 478.262 477.983 477.783
488.977 488.817 488.79 488.62 488.497 488.377 488.05 487.887 487.827 487.88 487.667 487.415 487.215 487.072 486.94 486.715 486.412 486.195 486.062 485.972 485.857 485.237 484.647 484.29 484.072 483.92 483.727 483.562 483.362 483.16 482.895 482.737 482.415 481.972 481.85 481.755 481.752 481.567 481.147 480.64 480.415 480.375 480.47 480.855 481.025 481.057 481.055 481.007 480.825 480.9 480.842 480.815 480.852 480.857 480.73 480.38 480.212 480.103 480.21 480.105 479.65 479.52 479.342 479.035 478.9 478.96 478.86 478.78 478.765 478.717 478.543 478.385 478.142
490.007 489.747 489.62 489.442 489.087 488.84 488.545 488.395 488.377 488.54 488.34 488.167 487.922 487.72 487.56 487.332 486.95 486.68 486.597 486.437 486.432 485.977 485.272 484.915 484.76 484.585 484.37 484.125 483.91 483.735 483.777 483.242 482.51 482.147 482.157 482.282 482.197 482.017 481.555 480.942 480.785 480.802 480.845 480.995 481.232 481.345 481.297 481.31 481.022 481.005 481.277 481.305 481.257 481.207 481.1 480.918 480.72 480.565 480.32 480.15 480.388 480.277 480.142 479.767 479.47 479.362 479.135 479.06 479.022 478.962 478.85 478.695 478.527
491.117 490.815 490.652 490.412 489.822 489.392 489.017 488.91 488.982 488.99 488.972 488.802 488.632 488.355 488.085 487.845 487.525 487.242 487.07 487.045 487.087 486.82 486.01 485.612 485.44 485.225 485.07 484.812 484.512 484.415 484.595 483.14 482.427 482.362 482.732 482.74 482.59 482.39 482.01 481.737 481.5 481.435 481.357 481.327 481.495 481.545 481.572 481.582 481.54 481.517 481.585 481.607 481.582 481.492 481.388 481.233 481.103 480.952 480.802 480.395 480.342 480.517 480.513 480.372 480.345 480.09 479.658 479.39 479.217 479.175 479.147 479.045 478.867
491.932 491.917 491.767 491.335 490.592 490.15 489.745 489.487 489.647 489.49 489.35 489.352 489.127 488.975 488.582 488.335 488.135 487.817 487.66 487.637 487.522 487.28 486.807 486.515 486.255 485.955 485.79 485.5 485.127 484.852 484.442 483.29 482.875 483.312 483.365 483.21 483.062 482.997 482.747 482.517 482.372 482.132 481.872 481.755 481.765 481.812 481.822 481.795 481.81 481.852 481.885 481.882 481.822 481.712 481.58 481.448 481.305 481.238 481.08 480.582 480.78 480.88 480.842 480.658 480.478 480.385 480.392 480.11 479.738 479.418 479.395 479.28 479.128
492.78 492.86 492.692 492.107 491.172 490.67 490.327 490.025 489.975 489.94 489.857 489.72 489.58 489.312 489.047 488.815 488.597 488.332 488.072 487.947 487.875 487.732 487.46 487.375 487.122 486.755 486.417 486.072 485.615 485.35 484.632 484.192 483.837 483.612 483.695 483.767 483.665 483.667 483.512 483.182 482.905 482.762 482.55 482.28 482.137 482.105 482.142 482.075 482.075 482.14 482.137 482.13 482.042 481.945 481.738 481.603 481.457 481.42 481.363 481.015 481.098 481.207 481.132 481.092 480.98 480.753 480.525 480.233 480.335 480.22 479.635 479.595 479.445
