20220701_namedtuples/mapdata/sd8675_DSM_2M.asc
ncols 500
nrows 500
xllcorner    386000
yllcorner    475000
cellsize     2
NODATA_value -9999
[rows 132 to 164 of 500, columns 219 to 291 of 500]
544.9 544.813 544.73 544.76 544.75 544.513 544.393 544.14 543.905 543.593 543.495 543.29 543.155 542.928 542.768 542.618 542.325 542.013 541.78 541.608 541.498 541.323 541.168 540.965 540.833 540.808 540.68 540.515 540.39 540.315 540.178 540.008 540.095 540.02 539.723 539.743 539.795 539.898 539.605 539.54 539.658 539.778 539.72 539.643 539.593 539.623 539.63 539.44 539.273 538.888 538.908 538.453 538.2 538.058 537.755 537.6 537.493 537.423 537.095 536.735 536.378 536.153 535.953 535.633 535.358 535.14 534.87 534.583 534.493 534.355 534.108 533.85 533.473
545.348 545.253 545.25 545.173 545.155 545.023 544.765 544.498 544.375 544.225 543.998 543.843 543.64 543.353 543.225 543.15 542.858 542.545 542.29 542.065 541.868 541.703 541.685 541.598 541.368 541.255 541.093 540.963 540.79 540.775 540.665 540.405 540.258 540.175 540.155 540.223 540.265 540.213 540.09 540.163 540.223 540.215 540.218 540.12 540.113 540.078 540.035 539.79 539.585 539.273 539.288 538.968 538.805 538.628 538.283 538.108 537.953 537.835 537.535 537.205 536.96 536.685 536.5 536.233 535.885 535.578 535.335 535.083 534.89 534.743 534.568 534.333 534.063
545.765 545.668 545.675 545.64 545.558 545.413 545.22 544.963 544.813 544.718 544.475 544.265 544.16 543.935 543.738 543.605 543.313 543.068 542.808 542.575 542.32 542.15 542.09 541.978 541.77 541.605 541.475 541.318 541.233 541.113 541.005 540.838 540.693 540.575 540.628 540.758 540.775 540.785 540.645 540.638 540.635 540.658 540.588 540.488 540.47 540.368 540.335 540.12 539.923 539.75 539.633 539.368 539.323 539.273 538.945 538.688 538.433 538.205 537.903 537.628 537.408 537.12 536.92 536.578 536.273 536.065 535.728 535.638 535.328 535.163 534.953 534.718 534.485
546.358 546.208 546.09 546.06 545.983 545.853 545.645 545.49 545.305 545.085 544.89 544.725 544.633 544.438 544.203 543.988 543.733 543.558 543.31 543.028 542.86 542.648 542.353 542.21 542.113 541.968 541.965 541.893 541.663 541.605 541.473 541.358 541.233 541.113 541.173 541.243 541.33 541.195 541.085 540.99 540.988 540.965 540.97 540.948 540.83 540.72 540.54 540.425 540.28 540.203 540.02 539.86 539.79 539.69 539.45 539.228 539.06 538.645 538.358 538.08 537.885 537.64 537.353 536.968 536.69 536.478 536.273 536.078 535.89 535.613 535.488 535.213 534.97
546.878 546.788 546.738 546.55 546.363 546.275 546.115 545.885 545.763 545.658 545.438 545.18 545.03 544.79 544.528 544.383 544.158 543.95 543.763 543.418 543.303 543.233 542.855 542.69 542.61 542.428 542.368 542.293 542.145 542.06 541.963 541.813 541.67 541.57 541.65 541.648 541.7 541.65 541.653 541.548 541.383 541.31 541.328 541.26 541.173 541.098 540.933 540.865 540.66 540.638 540.538 540.46 540.29 540.085 539.795 539.675 539.563 539.233 538.895 538.565 538.348 538.058 537.76 537.46 537.25 536.883 536.643 536.513 536.245 536.028 535.858 535.613 535.33
547.345 547.24 547.22 547.038 546.823 546.69 546.565 546.37 546.21 546.1 545.795 545.705 545.528 545.185 544.978 544.8 544.54 544.398 544.153 543.89 543.78 543.603 543.318 543.135 542.983 542.798 542.708 542.655 542.618 542.543 542.335 542.1 542.02 541.933 542.08 542.108 542.06 542.003 542.045 541.938 541.868 541.76 541.708 541.645 541.545 541.523 541.36 541.165 541.155 541.013 540.885 540.853 540.698 540.443 540.21 539.913 539.768 539.718 539.563 539.213 538.808 538.485 538.265 537.863 537.673 537.43 537.243 536.943 536.603 536.415 536.285 536.055 535.725
547.783 547.675 547.673 547.53 547.255 547.078 546.96 546.815 546.643 546.505 546.315 546.19 545.92 545.59 545.355 545.07 544.96 544.81 544.55 544.36 544.18 543.953 543.67 543.543 543.318 543.258 543.1 543.005 542.935 542.873 542.588 542.413 542.303 542.328 542.373 542.408 542.435 542.33 542.16 542.293 542.295 542.25 542.16 542.035 541.94 541.885 541.758 541.62 541.545 541.375 541.41 541.213 541.018 540.74 540.503 540.315 540.063 540.025 539.985 539.635 539.21 538.948 538.833 538.368 538.093 537.858 537.665 537.408 537.148 536.938 536.713 536.51 536.238
548.245 548.243 548.258 548.055 547.753 547.548 547.35 547.213 547.025 546.865 546.698 546.65 546.39 546.05 545.76 545.47 545.41 545.185 544.99 544.743 544.528 544.408 544.163 543.973 543.795 543.588 543.393 543.243 543.163 543.128 542.878 542.813 542.678 542.633 542.64 542.66 542.793 542.7 542.588 542.603 542.655 542.688 542.618 542.45 542.295 542.293 542.195 542.125 542.01 541.745 541.663 541.57 541.28 541.023 540.82 540.668 540.485 540.443 540.43 540.033 539.555 539.323 539.258 538.868 538.733 538.418 538.218 538.015 537.718 537.515 537.208 537.09 536.82
548.81 548.748 548.733 548.593 548.283 548.045 547.815 547.538 547.41 547.198 547.118 546.96 546.733 546.433 546.125 545.985 545.773 545.645 545.525 545.205 544.973 544.843 544.588 544.415 544.288 544.035 543.768 543.66 543.495 543.4 543.218 543.165 543.053 542.92 542.86 542.938 542.97 542.96 542.938 542.97 542.978 543.068 542.978 542.768 542.588 542.613 542.613 542.55 542.413 542.095 541.92 541.84 541.66 541.458 541.223 541.093 540.915 540.855 540.798 540.433 539.985 539.725 539.533 539.34 539.273 538.988 538.898 538.815 538.403 538.125 537.705 537.513 537.283
549.288 549.23 549.213 549.01 548.708 548.458 548.198 547.978 547.783 547.558 547.455 547.3 547.075 546.863 546.61 546.37 546.138 546.08 545.905 545.608 545.4 545.23 544.968 544.768 544.57 544.42 544.245 544.065 543.955 543.758 543.665 543.635 543.488 543.348 543.265 543.298 543.205 543.265 543.265 543.218 543.248 543.243 543.268 543.14 542.965 542.988 542.95 542.908 542.73 542.46 542.263 542.168 542.063 541.893 541.725 541.583 541.358 541.25 541.225 541.01 540.53 540.19 539.923 539.72 539.628 539.375 539.365 539.128 538.848 538.645 538.298 537.995 537.578
549.788 549.625 549.565 549.428 549.178 548.93 548.69 548.323 548.165 547.975 547.85 547.74 547.455 547.263 547.138 546.888 546.645 546.555 546.305 545.99 545.778 545.62 545.358 545.153 544.983 544.78 544.665 544.573 544.395 544.263 544.115 544.03 543.96 543.865 543.72 543.71 543.585 543.608 543.665 543.548 543.49 543.475 543.52 543.413 543.423 543.353 543.288 543.248 543.09 542.818 542.668 542.61 542.5 542.363 542.208 542.038 541.858 541.615 541.543 541.38 541.023 540.76 540.603 540.255 539.98 539.79 539.77 539.543 539.263 539.13 538.715 538.518 537.963
550.258 550.043 549.86 549.795 549.65 549.485 549.118 548.755 548.478 548.395 548.248 548.1 547.835 547.665 547.555 547.403 547.1 546.933 546.65 546.303 546.18 546.04 545.81 545.558 545.378 545.22 545.158 545.018 544.845 544.623 544.48 544.405 544.395 544.283 544.263 544.173 544 544.078 544.08 543.895 543.868 543.858 543.853 543.843 543.895 543.755 543.655 543.545 543.38 543.138 543.035 543 542.913 542.8 542.62 542.405 542.215 542.04 541.98 541.73 541.488 541.238 540.975 540.668 540.34 540.14 540.038 539.87 539.623 539.583 539.138 538.923 538.465
550.608 550.423 550.238 550.028 549.923 549.72 549.42 549.163 548.978 548.788 548.53 548.378 548.253 548.005 547.91 547.673 547.47 547.255 547.005 546.723 546.568 546.373 546.108 545.863 545.73 545.565 545.463 545.423 545.248 544.978 544.843 544.773 544.758 544.64 544.535 544.455 544.413 544.443 544.393 544.248 544.185 544.178 544.178 544.293 544.27 544.078 544.015 543.863 543.603 543.448 543.423 543.37 543.325 543.103 542.925 542.728 542.64 542.628 542.553 542.17 541.91 541.668 541.305 540.905 540.605 540.485 540.298 540.113 539.955 539.755 539.463 539.285 539.108
550.865 550.74 550.595 550.39 550.178 549.898 549.73 549.573 549.4 549.158 548.948 548.66 548.52 548.34 548.213 548.04 547.825 547.683 547.448 547.09 546.875 546.645 546.478 546.185 546 545.938 545.833 545.765 545.635 545.315 545.235 545.163 545.033 544.963 544.77 544.733 544.798 544.918 544.843 544.608 544.573 544.545 544.623 544.67 544.58 544.463 544.355 544.163 543.828 543.745 543.735 543.693 543.603 543.425 543.268 543.113 543.048 543.095 542.945 542.56 542.325 542.145 541.713 541.405 541.223 540.878 540.593 540.413 540.205 540.05 539.828 539.593 539.47
551.248 551.09 550.97 550.8 550.543 550.24 550.163 550.043 549.813 549.548 549.29 549.04 548.825 548.685 548.558 548.418 548.28 548.118 547.818 547.455 547.24 547.028 546.868 546.578 546.373 546.268 546.215 546.018 545.9 545.778 545.593 545.433 545.295 545.158 545.053 545.078 545.165 545.273 545.22 545.14 544.903 544.878 544.94 545.005 544.915 544.863 544.715 544.483 544.305 544.1 544.113 544.095 543.933 543.795 543.605 543.458 543.448 543.488 543.263 542.938 542.678 542.543 542.408 542.01 541.635 541.383 541.008 540.788 540.575 540.46 540.19 539.943 539.748
551.525 551.463 551.355 551.148 550.863 550.55 550.433 550.418 550.368 550.038 549.735 549.483 549.21 549.04 548.863 548.84 548.778 548.578 548.308 547.928 547.565 547.403 547.203 546.938 546.688 546.598 546.428 546.26 546.163 546.073 545.843 545.655 545.52 545.45 545.368 545.393 545.438 545.518 545.585 545.678 545.578 545.353 545.233 545.185 545.108 545.138 544.97 544.88 544.71 544.46 544.425 544.453 544.368 544.195 543.948 543.93 543.913 543.838 543.645 543.42 543.145 543.028 542.825 542.52 542.093 541.795 541.428 541.203 540.96 540.728 540.428 540.255 540.063
551.855 551.683 551.58 551.408 551.163 550.895 550.86 550.798 550.665 550.49 550.198 549.823 549.573 549.44 549.165 549.355 549.2 549 548.748 548.24 547.883 547.733 547.573 547.335 547.05 546.935 546.703 546.555 546.508 546.328 546.08 545.965 545.83 545.788 545.758 545.768 545.748 545.743 545.798 545.908 545.968 545.873 545.63 545.483 545.493 545.44 545.305 545.215 544.955 544.733 544.813 544.838 544.823 544.775 544.46 544.39 544.418 544.275 544.053 543.793 543.558 543.37 543.13 542.853 542.515 542.118 541.85 541.565 541.258 540.9 540.62 540.493 540.353
552.063 551.838 551.73 551.568 551.438 551.263 551.225 551.258 551.01 550.815 550.568 550.218 550.018 549.805 549.653 549.588 549.49 549.148 548.948 548.635 548.203 548.068 547.935 547.755 547.4 547.203 547.023 546.905 546.813 546.618 546.505 546.325 546.158 546.058 546.135 546.225 546.148 546.075 546.075 546.163 546.213 546.148 545.983 545.91 545.875 545.828 545.758 545.53 545.223 545.248 545.18 545.288 545.37 545.218 544.875 544.76 544.748 544.605 544.375 544.173 543.86 543.605 543.345 543.11 542.86 542.363 542.088 541.83 541.54 541.18 540.915 540.71 540.56
552.17 552.018 551.913 551.813 551.745 551.64 551.615 551.473 551.348 551.198 550.895 550.628 550.36 550.225 550.055 549.78 549.755 549.405 549.183 548.82 548.55 548.408 548.228 548.028 547.793 547.635 547.39 547.233 547.11 546.858 546.798 546.46 546.345 546.4 546.545 546.565 546.51 546.47 546.44 546.44 546.38 546.273 546.305 546.295 546.198 546.218 546.115 545.863 545.743 545.72 545.658 545.723 545.798 545.505 545.23 545.088 545.073 544.933 544.73 544.463 544.178 543.83 543.5 543.338 543.085 542.653 542.31 542.015 541.788 541.463 541.223 541.075 540.915
552.358 552.27 552.2 552.105 552.043 552.038 551.965 551.728 551.573 551.538 551.29 550.953 550.825 550.625 550.378 550.193 549.888 549.513 549.308 549.125 548.83 548.653 548.463 548.288 548.028 547.86 547.68 547.455 547.383 547.155 546.923 546.8 546.74 546.815 546.948 546.865 546.843 546.833 546.765 546.748 546.663 546.665 546.76 546.763 546.548 546.518 546.458 546.353 546.175 546.023 545.993 546.008 545.88 545.655 545.513 545.483 545.325 545.165 544.933 544.698 544.493 544.11 543.613 543.328 543.108 542.77 542.49 542.218 541.995 541.805 541.625 541.448 541.343
552.635 552.535 552.485 552.385 552.32 552.255 552.228 552.143 551.918 551.77 551.478 551.258 551.078 550.893 550.725 550.555 550.153 549.705 549.443 549.245 549.015 548.86 548.67 548.528 548.335 548.1 547.958 547.615 547.53 547.518 547.423 547.218 547.128 547.28 547.255 547.153 547.2 547.188 547.165 547.123 546.925 546.985 547.07 546.988 546.855 546.78 546.678 546.69 546.6 546.398 546.313 546.185 546.008 545.963 545.828 545.63 545.388 545.243 545.078 544.895 544.69 544.415 543.863 543.555 543.395 543.033 542.743 542.54 542.313 542.188 541.968 541.888 541.818
552.92 552.795 552.725 552.658 552.638 552.48 552.413 552.295 552.138 551.91 551.633 551.505 551.378 551.205 550.978 550.863 550.408 549.988 549.723 549.515 549.243 549.058 548.9 548.788 548.713 548.478 548.143 547.845 547.823 547.868 547.768 547.575 547.558 547.66 547.558 547.485 547.503 547.448 547.343 547.26 547.175 547.123 547.145 547.17 547.203 547.128 547.013 547.06 546.97 546.838 546.588 546.435 546.393 546.253 545.983 545.788 545.553 545.363 545.245 545.078 544.923 544.66 544.365 544.145 544.01 543.433 543.078 542.83 542.715 542.72 542.475 542.348 542.163
553.13 553.12 553.088 552.99 552.828 552.698 552.55 552.415 552.238 551.995 551.823 551.748 551.625 551.535 551.338 551.06 550.643 550.3 550.065 549.845 549.588 549.36 549.195 549.135 549.05 548.775 548.45 548.208 548.173 548.195 548.063 547.895 547.893 547.955 547.873 547.758 547.77 547.743 547.713 547.573 547.388 547.268 547.353 547.408 547.463 547.438 547.335 547.263 547.165 547.07 546.928 546.78 546.705 546.523 546.255 546.115 545.825 545.568 545.453 545.26 545.068 544.893 544.71 544.61 544.275 543.7 543.428 543.213 543.093 543.028 542.685 542.58 542.468
-9999 -9999 553.354 553.393 553.103 552.868 552.79 552.66 552.443 552.15 551.968 551.908 551.815 551.725 551.48 551.218 550.848 550.558 550.248 550.01 550.033 549.828 549.593 549.52 549.37 549.183 548.825 548.718 548.508 548.298 548.303 548.233 548.183 548.138 548.075 547.95 547.995 548.003 548.028 547.878 547.543 547.398 547.555 547.675 547.68 547.67 547.53 547.408 547.343 547.243 547.193 547.128 546.958 546.773 546.603 546.348 545.998 545.845 545.665 545.475 545.273 545.08 544.918 544.785 544.503 543.873 543.698 543.505 543.305 543.16 542.875 542.683 542.633
-9999 -9999 -9999 -9999 -9999 -9999 -9999 552.8 552.6 552.328 552.148 552.105 551.958 551.838 551.65 551.445 551.133 550.708 550.578 550.405 550.333 550.058 549.885 549.718 549.573 549.508 549.315 549.145 548.965 548.703 548.513 548.433 548.403 548.363 548.215 548.19 548.293 548.218 548.203 548.045 547.803 547.708 547.77 547.783 547.845 547.875 547.738 547.608 547.608 547.515 547.44 547.328 547.183 547.075 546.77 546.518 546.243 546.075 545.903 545.74 545.495 545.24 545.04 544.868 544.695 544.27 543.975 543.573 543.428 543.308 543.108 542.89 542.713
-9999 -9999 -9999 -9999 -9999 -9999 -9999 -9999 -9999 -9999 -9999 -9999 -9999 -9999 -9999 551.544 551.17 551.038 551.025 550.963 550.775 550.4 550.058 549.883 549.748 549.643 549.623 549.458 549.273 549.19 548.893 548.665 548.605 548.498 548.52 548.535 548.548 548.418 548.315 548.148 548.005 548.008 548.005 547.99 547.948 547.99 547.903 547.865 547.85 547.753 547.64 547.53 547.343 547.175 546.935 546.735 546.52 546.355 546.173 545.995 545.75 545.485 545.233 545.05 544.89 544.558 544.16 543.82 543.623 543.47 543.248 543.04 542.858
-9999 -9999 -9999 -9999 -9999 -9999 -9999 -9999 -9999 -9999 -9999 -9999 -9999 -9999 -9999 -9999 -9999 -9999 -9999 -9999 -9999 550.514 550.295 550.068 549.86 549.758 549.753 549.575 549.348 549.318 549.068 548.865 548.743 548.675 548.753 548.798 548.75 548.603 548.368 548.275 548.238 548.185 548.17 548.15 547.998 547.948 547.985 548.055 548.105 548.063 547.873 547.745 547.6 547.428 547.185 546.928 546.678 546.55 546.358 546.173 545.983 545.76 545.375 545.273 545.083 544.675 544.315 544.068 543.828 543.593 543.405 543.235 543.138
-9999 -9999 -9999 -9999 -9999 -9999 -9999 -9999 -9999 -9999 -9999 -9999 -9999 -9999 -9999 -9999 -9999 -9999 -9999 -9999 -9999 -9999 -9999 550.223 550.073 549.908 549.81 549.75 549.53 549.23 549.12 549.188 549.005 548.875 548.893 548.95 548.953 548.765 548.503 548.45 548.43 548.425 548.303 548.275 548.203 548.083 548.018 548.213 548.29 548.233 548.15 548.04 547.91 547.748 547.403 547.175 546.995 546.74 546.553 546.365 546.158 545.835 545.468 545.258 545.103 544.743 544.553 544.295 544.065 543.838 543.635 543.485 543.34
-9999 -9999 -9999 -9999 -9999 -9999 -9999 -9999 -9999 -9999 -9999 -9999 -9999 -9999 -9999 -9999 -9999 -9999 -9999 -9999 -9999 -9999 -9999 -9999 550.253 550.16 550.05 549.865 549.728 549.59 549.31 549.493 549.26 548.973 549.075 549.093 549.063 548.93 548.723 548.545 548.538 548.578 548.493 548.413 548.465 548.45 548.238 548.358 548.448 548.44 548.413 548.373 548.108 547.8 547.503 547.245 547.155 546.915 546.763 546.513 546.2 545.843 545.53 545.35 545.058 544.835 544.658 544.455 544.273 544.07 543.94 543.855 543.625
-9999 -9999 -9999 -9999 -9999 -9999 -9999 -9999 -9999 -9999 -9999 -9999 -9999 -9999 -9999 -9999 -9999 -9999 -9999 -9999 -9999 -9999 -9999 -9999 550.267 550.335 550.268 550.108 550.133 549.97 549.813 549.788 549.538 549.333 549.358 549.275 549.258 549.125 548.92 548.77 548.67 548.635 548.563 548.58 548.613 548.593 548.485 548.49 548.56 548.575 548.495 548.363 548.085 547.538 547.438 547.518 547.255 547.093 546.913 546.588 546.17 545.895 545.655 545.43 545.168 544.968 544.76 544.573 544.438 544.275 544.265 544.078 543.873
-9999 -9999 -9999 -9999 -9999 -9999 -9999 -9999 -9999 -9999 -9999 -9999 -9999 -9999 -9999 -9999 -9999 -9999 -9999 -9999 -9999 -9999 -9999 -9999 550.39 550.415 550.505 550.44 550.403 550.195 550.103 550.063 549.94 549.818 549.648 549.54 549.448 549.303 549.228 549.068 548.85 548.848 548.805 548.775 548.728 548.723 548.68 548.67 548.713 548.723 548.643 548.54 548.26 547.743 547.555 547.575 547.433 547.21 546.985 546.605 546.298 546.11 545.938 545.73 545.37 545.268 545.145 544.943 544.88 544.678 544.52 544.265 544.078
-9999 -9999 -9999 -9999 -9999 -9999 -9999 -9999 -9999 -9999 -9999 -9999 -9999 -9999 -9999 -9999 -9999 -9999 -9999 -9999 -9999 -9999 -9999 -9999 -9999 550.49 550.693 550.793 550.645 550.363 550.29 550.33 550.293 550.175 549.978 549.763 549.595 549.46 549.458 549.345 548.91 549.003 549.08 548.995 548.878 548.873 548.828 548.763 548.78 548.805 548.618 548.548 548.39 548.118 547.845 547.643 547.388 547.2 547.005 546.693 546.488 546.348 546.12 545.873 545.648 545.585 545.445 545.37 545.123 544.898 544.728 544.388 544.108
-9999 -9999 -9999 -9999 -9999 -9999 -9999 -9999 -9999 -9999 -9999 -9999 -9999 -9999 -9999 -9999 -9999 -9999 -9999 -9999 -9999 -9999 -9999 -9999 -9999 550.63 550.775 550.903 550.7 550.555 550.508 550.53 550.508 550.488 550.233 549.995 549.723 549.555 549.575 549.618 549.245 549.253 549.315 549.165 549.113 549.09 549.008 548.888 548.865 548.873 548.708 548.493 548.368 548.14 547.863 547.648 547.428 547.29 547.09 546.88 546.7 546.455 546.255 546.078 546.155 545.943 545.648 545.505 545.313 545.038 544.823 544.53 544.243
