20220701_namedtuples/mapdata/sd8677_DSM_2M.asc
ncols 500
nrows 500
xllcorner    386000
yllcorner    477000
cellsize     2
NODATA_value -9999
[rows 377 to 405 of 500, columns 67 to 133 of 500]
473.529 472.646 471.986 471.296 470.944 470.511 470.189 469.976 469.861 469.766 469.581 469.396 469.241 469.119 468.854 468.691 468.444 468.199 467.966 467.696 467.436 467.164 466.921 466.686 466.441 466.186 466.054 465.896 465.691 465.509 465.364 465.116 464.846 464.611 464.359 464.014 463.729 463.434 463.179 462.839 462.621 462.436 462.264 462.084 461.789 461.619 461.371 461.199 460.886 460.746 460.601 460.436 460.299 460.239 460.201 460.039 459.899 459.786 459.704 459.541 459.436 459.286 459.114 458.971 458.844 458.669 458.546
473.521 472.711 471.976 471.269 470.874 470.516 470.169 469.866 469.686 469.579 469.411 469.324 469.189 469.004 468.819 468.654 468.364 468.141 467.881 467.619 467.394 467.144 466.911 466.681 466.464 466.229 466.064 465.894 465.696 465.449 465.266 465.014 464.799 464.516 464.299 463.929 463.684 463.356 463.064 462.724 462.579 462.491 462.196 462.001 461.761 461.469 461.381 461.081 460.911 460.716 460.569 460.451 460.366 460.319 460.174 460.051 459.951 459.769 459.684 459.529 459.416 459.319 459.186 459.039 458.879 458.744 458.536
473.374 472.824 472.179 471.429 470.831 470.524 470.136 469.831 469.641 469.489 469.346 469.274 469.121 468.964 468.769 468.581 468.459 468.136 467.834 467.656 467.384 467.121 466.931 466.721 466.494 466.261 466.094 465.874 465.659 465.456 465.239 464.961 464.721 464.461 464.179 463.889 463.571 463.284 462.974 462.676 462.581 462.369 462.121 461.931 461.731 461.494 461.241 461.101 460.889 460.741 460.636 460.484 460.429 460.309 460.199 460.009 459.871 459.779 459.664 459.551 459.411 459.314 459.209 459.134 459.039 458.796 458.511
473.419 472.896 472.116 471.321 470.749 470.471 470.121 469.819 469.591 469.354 469.216 469.176 469.066 469.019 468.694 468.559 468.324 468.064 467.866 467.614 467.341 467.129 466.891 466.749 466.491 466.301 466.094 465.856 465.661 465.409 465.169 464.934 464.649 464.356 464.086 463.804 463.509 463.199 462.939 462.671 462.491 462.331 462.106 461.921 461.809 461.581 461.341 461.194 460.859 460.716 460.681 460.489 460.394 460.294 460.164 460.011 459.871 459.776 459.671 459.554 459.404 459.314 459.224 459.179 459.039 458.724 458.459
473.446 472.659 471.844 471.196 470.761 470.476 470.106 469.841 469.576 469.319 469.126 469.169 469.111 468.956 468.664 468.496 468.286 468.021 467.799 467.589 467.344 467.104 467.014 466.829 466.539 466.271 466.074 465.849 465.609 465.371 465.101 464.844 464.556 464.271 463.994 463.744 463.459 463.121 462.889 462.629 462.431 462.264 462.204 461.876 461.701 461.394 461.264 461.066 460.879 460.751 460.689 460.484 460.396 460.279 460.121 460.021 459.901 459.796 459.659 459.534 459.414 459.284 459.266 459.154 459.001 458.809 458.339
473.416 472.539 472.076 471.219 470.829 470.511 470.099 469.836 469.546 469.279 469.079 468.986 468.899 468.694 468.514 468.396 468.221 468.059 467.914 467.619 467.419 467.084 466.934 466.686 466.459 466.229 466.086 465.806 465.566 465.316 465.031 464.746 464.426 464.134 463.929 463.681 463.334 463.096 462.901 462.784 462.396 462.306 462.174 461.706 461.481 461.434 461.171 461.106 461.056 460.791 460.626 460.459 460.361 460.239 460.104 459.989 459.861 459.774 459.641 459.521 459.416 459.264 459.194 459.161 458.994 458.689 458.244
473.346 472.649 472.196 471.334 470.854 470.451 470.049 469.789 469.571 469.269 469.029 468.941 468.811 468.621 468.441 468.366 468.221 468.089 467.734 467.451 467.256 467.041 466.891 466.654 466.424 466.216 465.999 465.746 465.504 465.239 464.926 464.649 464.314 464.051 463.814 463.559 463.296 463.106 462.876 462.664 462.434 462.319 461.946 461.654 461.481 461.274 461.171 461.119 460.879 460.689 460.589 460.481 460.331 460.191 460.061 459.994 459.851 459.749 459.609 459.496 459.406 459.274 459.181 459.141 458.964 458.579 458.319
473.201 472.644 472.154 471.369 470.889 470.459 470.014 469.709 469.476 469.284 469.131 468.949 468.746 468.566 468.396 468.204 468.039 468.039 467.864 467.454 467.209 467.066 466.831 466.606 466.356 466.164 465.906 465.661 465.411 465.119 464.811 464.521 464.211 463.986 463.689 463.419 463.174 463.081 462.844 462.599 462.386 462.101 461.811 461.641 461.529 461.196 461.089 461.001 460.806 460.694 460.559 460.486 460.314 460.119 460.049 459.964 459.849 459.701 459.594 459.511 459.396 459.306 459.166 459.014 458.866 458.624 458.261
472.934 472.359 472.271 471.324 470.814 470.444 469.976 469.664 469.469 469.316 469.126 468.966 468.766 468.579 468.459 468.216 468.164 468.004 467.756 467.434 467.134 466.996 466.719 466.614 466.259 465.981 465.749 465.519 465.301 464.976 464.654 464.394 464.099 463.881 463.656 463.356 463.181 462.984 462.791 462.584 462.341 461.984 461.794 461.564 461.379 461.224 461.174 461.026 460.869 460.759 460.574 460.436 460.256 460.081 459.999 459.899 459.789 459.684 459.584 459.456 459.381 459.394 459.134 458.954 458.661 458.406 457.636
472.811 472.149 471.981 471.309 470.786 470.361 469.994 469.674 469.471 469.339 469.134 468.926 468.766 468.594 468.401 468.191 468.079 467.911 467.616 467.271 467.066 466.899 466.649 466.474 466.174 465.879 465.649 465.411 465.131 464.834 464.514 464.246 464.019 463.774 463.529 463.319 463.121 462.906 462.744 462.621 462.244 461.924 461.664 461.511 461.376 461.161 461.071 461.094 460.909 460.676 460.546 460.344 460.161 460.096 459.974 459.864 459.736 459.704 459.609 459.496 459.436 459.279 458.989 458.781 458.521 458.159 457.366
472.841 471.916 471.631 471.271 470.714 470.321 469.911 469.641 469.436 469.274 469.114 468.956 468.754 468.544 468.341 468.159 467.921 467.734 467.471 467.231 467.021 466.799 466.581 466.309 466.034 465.789 465.534 465.296 464.961 464.664 464.414 464.159 463.894 463.666 463.451 463.229 463.084 462.911 462.766 462.489 462.189 461.804 461.601 461.476 461.264 461.061 461.099 460.984 460.896 460.596 460.419 460.304 460.126 460.099 459.969 459.891 459.724 459.634 459.581 459.576 459.394 459.116 458.891 458.696 458.216 457.666 457.164
472.709 471.731 471.314 471.041 470.654 470.254 469.899 469.644 469.449 469.251 469.066 468.906 468.686 468.511 468.326 468.114 467.899 467.654 467.464 467.249 467.049 466.844 466.631 466.384 465.981 465.681 465.439 465.124 464.826 464.624 464.306 464.094 463.836 463.584 463.331 463.211 463.041 462.791 462.506 462.289 462.004 461.801 461.651 461.356 461.161 461.011 460.964 460.856 460.729 460.541 460.344 460.239 460.154 460.064 459.944 459.806 459.666 459.619 459.506 459.434 459.319 459.016 458.789 458.449 457.726 457.184 456.814
472.609 471.741 471.189 470.964 470.656 470.209 469.866 469.636 469.419 469.219 469.016 468.839 468.651 468.481 468.319 468.091 467.851 467.664 467.436 467.199 466.989 466.829 466.554 466.304 465.981 465.669 465.329 464.996 464.696 464.471 464.251 463.984 463.709 463.494 463.274 463.049 462.881 462.639 462.394 462.261 461.971 461.679 461.479 461.284 461.116 461.066 460.926 460.819 460.599 460.461 460.314 460.194 460.119 459.999 459.864 459.729 459.621 459.516 459.459 459.411 459.186 458.886 458.639 458.259 457.681 457.309 456.694
472.199 471.649 471.104 470.799 470.644 470.191 469.784 469.521 469.369 469.186 469.024 468.821 468.584 468.399 468.239 468.016 467.821 467.621 467.419 467.196 466.946 466.761 466.489 466.196 465.934 465.599 465.264 464.954 464.651 464.399 464.086 463.841 463.671 463.396 463.111 463.031 462.799 462.654 462.389 462.091 461.834 461.586 461.421 461.241 461.176 461.039 460.834 460.724 460.484 460.336 460.284 460.174 460.091 459.941 459.774 459.656 459.569 459.509 459.461 459.239 458.964 458.724 458.359 457.926 457.539 457.159 456.696
471.944 471.411 471.041 470.691 470.524 470.051 469.691 469.479 469.281 469.119 468.941 468.779 468.556 468.361 468.186 467.984 467.776 467.616 467.419 467.171 466.889 466.636 466.354 466.079 465.804 465.439 465.144 464.856 464.564 464.246 463.964 463.754 463.549 463.324 463.061 462.866 462.629 462.486 462.201 462.046 461.756 461.564 461.386 461.304 461.126 460.964 460.844 460.609 460.404 460.316 460.181 460.084 459.981 459.886 459.724 459.596 459.521 459.421 459.251 459.046 458.799 458.594 458.224 457.654 457.251 456.986 456.574
471.821 471.296 470.906 470.559 470.311 469.904 469.581 469.361 469.201 469.054 468.886 468.699 468.494 468.346 468.121 467.939 467.736 467.589 467.314 467.081 466.836 466.536 466.229 465.991 465.636 465.281 464.994 464.699 464.389 464.121 463.901 463.669 463.456 463.231 462.999 462.694 462.506 462.311 462.066 461.891 461.634 461.439 461.311 461.164 461.014 460.801 460.601 460.491 460.371 460.226 460.111 460.026 459.876 459.769 459.666 459.526 459.429 459.319 459.136 458.916 458.669 458.454 458.006 457.359 457.084 456.654 456.221
471.929 471.231 470.751 470.409 470.106 469.749 469.456 469.299 469.169 468.981 468.846 468.671 468.461 468.264 468.044 467.866 467.646 467.474 467.254 467.016 466.701 466.414 466.099 465.791 465.454 465.126 464.831 464.564 464.294 463.991 463.724 463.556 463.341 463.096 462.901 462.691 462.374 462.154 461.976 461.726 461.569 461.464 461.249 461.064 460.876 460.689 460.519 460.389 460.259 460.164 460.071 459.966 459.854 459.796 459.594 459.454 459.381 459.269 459.026 458.809 458.544 458.304 457.616 457.124 456.874 456.496 455.979
471.816 471.121 470.561 470.246 469.916 469.606 469.344 469.166 469.029 468.916 468.736 468.531 468.349 468.221 467.964 467.769 467.576 467.391 467.139 466.904 466.609 466.301 465.934 465.654 465.306 464.969 464.651 464.401 464.081 463.824 463.599 463.406 463.204 462.919 462.719 462.504 462.231 462.024 461.856 461.689 461.484 461.314 461.209 460.964 460.836 460.619 460.446 460.346 460.166 460.051 459.956 459.929 459.744 459.689 459.534 459.416 459.359 459.204 458.994 458.686 458.364 458.054 457.556 457.164 456.939 456.474 455.946
471.549 471.104 470.476 470.074 469.799 469.511 469.306 469.044 468.864 468.766 468.624 468.444 468.276 468.084 467.899 467.664 467.431 467.216 467.016 466.734 466.459 466.181 465.859 465.489 465.199 464.869 464.551 464.241 463.919 463.706 463.466 463.321 463.096 462.816 462.559 462.344 462.096 461.964 461.771 461.531 461.456 461.261 461.104 460.974 460.734 460.554 460.474 460.251 460.061 459.939 459.844 459.769 459.686 459.616 459.496 459.359 459.256 459.069 458.754 458.479 458.141 457.709 457.466 457.101 456.716 456.261 455.786
471.354 470.884 470.434 469.981 469.736 469.471 469.271 469.116 468.954 468.754 468.546 468.321 468.114 467.921 467.731 467.479 467.294 467.041 466.814 466.581 466.289 466.041 465.729 465.366 465.079 464.749 464.419 464.064 463.751 463.561 463.341 463.134 462.909 462.681 462.429 462.201 462.024 461.869 461.629 461.466 461.341 461.234 461.044 460.826 460.629 460.496 460.369 460.189 460.046 459.911 459.816 459.694 459.574 459.514 459.424 459.256 459.161 458.866 458.454 458.074 457.674 457.396 457.074 456.751 456.311 455.909 455.646
471.256 470.659 470.256 469.966 469.701 469.456 469.259 469.129 468.926 468.724 468.501 468.326 468.071 467.754 467.514 467.241 467.046 466.819 466.604 466.379 466.144 465.869 465.559 465.231 464.884 464.544 464.219 463.899 463.589 463.406 463.176 462.976 462.701 462.539 462.331 462.104 461.894 461.749 461.541 461.316 461.239 461.119 460.911 460.759 460.599 460.431 460.331 460.124 459.926 459.811 459.726 459.644 459.466 459.364 459.301 459.256 458.919 458.579 458.239 457.869 457.384 456.969 456.704 456.379 455.921 455.634 455.319
471.231 470.556 470.146 469.919 469.671 469.424 469.289 469.101 468.924 468.691 468.509 468.284 468.006 467.731 467.491 467.229 466.946 466.639 466.364 466.116 465.906 465.644 465.331 465.026 464.586 464.326 463.996 463.729 463.461 463.204 463.014 462.734 462.549 462.436 462.226 462.041 461.786 461.644 461.486 461.286 461.159 461.016 460.779 460.639 460.551 460.349 460.194 459.996 459.886 459.709 459.631 459.546 459.426 459.239 459.104 459.036 458.726 458.299 457.944 457.556 457.174 456.711 456.319 455.981 455.651 455.351 455.034
471.249 470.639 470.089 469.839 469.599 469.396 469.231 469.066 468.871 468.696 468.466 468.211 467.924 467.669 467.369 467.139 466.841 466.536 466.204 465.876 465.546 465.296 465.044 464.726 464.346 464.064 463.719 463.484 463.214 463.009 462.804 462.571 462.411 462.261 462.094 461.886 461.701 461.594 461.381 461.216 461.081 460.926 460.726 460.561 460.381 460.214 460.041 459.866 459.716 459.551 459.536 459.354 459.311 459.189 458.949 458.746 458.421 457.994 457.706 457.291 456.876 456.419 456.001 455.686 455.334 455.109 454.806
471.282 470.587 470.024 469.737 469.534 469.354 469.187 469.034 468.827 468.632 468.384 468.154 467.849 467.602 467.304 466.992 466.709 466.364 466.054 465.709 465.382 465.094 464.719 464.372 464.037 463.702 463.417 463.272 463.044 462.854 462.589 462.409 462.234 462.117 461.932 461.732 461.604 461.507 461.357 461.139 461.019 460.872 460.722 460.559 460.354 460.144 459.962 459.799 459.622 459.467 459.324 459.262 459.072 458.894 458.702 458.347 457.944 457.662 457.257 456.914 456.522 456.097 455.717 455.389 455.047 454.777 454.474
470.944 470.457 470.012 469.692 469.479 469.287 469.137 468.974 468.747 468.524 468.262 468.034 467.737 467.439 467.104 466.812 466.494 466.117 465.809 465.472 465.179 464.847 464.547 464.152 463.799 463.432 463.142 462.979 462.794 462.594 462.392 462.279 462.122 462.024 461.869 461.659 461.524 461.367 461.242 461.132 461.004 460.872 460.659 460.502 460.247 460.009 459.832 459.684 459.517 459.342 459.229 459.037 458.899 458.582 458.294 458.009 457.627 457.302 456.857 456.479 456.157 455.827 455.437 455.087 454.824 454.534 454.274
470.937 470.419 469.987 469.617 469.399 469.227 469.039 468.847 468.619 468.374 468.109 467.849 467.544 467.239 466.929 466.637 466.314 465.902 465.542 465.269 464.962 464.657 464.277 463.894 463.569 463.287 463.049 462.839 462.667 462.452 462.272 462.102 461.997 461.949 461.774 461.589 461.509 461.364 461.194 461.109 460.969 460.799 460.619 460.439 460.182 459.947 459.737 459.584 459.437 459.314 459.134 458.922 458.727 458.377 457.949 457.557 457.224 456.877 456.539 456.134 455.844 455.334 455.192 454.874 454.617 454.319 454.097
470.989 470.407 469.897 469.562 469.319 469.149 468.937 468.747 468.489 468.247 467.969 467.672 467.362 467.037 466.754 466.444 466.079 465.704 465.332 465.034 464.742 464.424 464.072 463.622 463.327 463.149 462.889 462.699 462.554 462.352 462.212 462.052 461.967 461.764 461.637 461.489 461.409 461.314 461.162 461.044 460.912 460.699 460.472 460.269 460.069 459.844 459.634 459.522 459.334 459.124 458.937 458.749 458.552 458.177 457.739 457.227 456.842 456.607 456.187 455.824 455.499 455.207 454.874 454.722 454.434 454.134 453.882
470.839 470.309 469.854 469.554 469.307 469.082 468.864 468.624 468.357 468.052 467.777 467.494 467.177 466.842 466.564 466.197 465.804 465.449 465.132 464.814 464.512 464.217 463.792 463.372 463.167 462.942 462.729 462.554 462.417 462.232 462.102 461.969 461.849 461.747 461.632 461.484 461.344 461.182 461.062 460.937 460.734 460.557 460.404 460.172 459.962 459.747 459.497 459.304 459.192 459.007 458.792 458.612 458.232 457.807 457.292 456.899 456.559 456.182 455.887 455.604 455.292 454.949 454.757 454.597 454.322 454.044 453.719
470.589 470.129 469.777 469.504 469.252 469.007 468.767 468.539 468.212 467.884 467.599 467.294 467.002 466.617 466.304 465.954 465.562 465.249 464.927 464.589 464.279 463.887 463.534 463.192 462.902 462.754 462.584 462.392 462.277 462.092 461.979 461.879 461.759 461.687 461.547 461.407 461.282 461.137 461.024 460.889 460.687 460.469 460.189 460.012 459.782 459.554 459.309 459.104 458.974 458.822 458.612 458.329 457.899 457.462 456.979 456.609 456.259 455.922 455.699 455.339 455.089 454.807 454.669 454.489 454.174 453.834 453.534
