20220701_namedtuples/mapdata/sd8679_DSM_2M.asc
ncols 500
nrows 500
xllcorner    386000
yllcorner    479000
cellsize     2
NODATA_value -9999
[rows 377 to 405 of 500, columns 268 to 334 of 500]
483.446 483.884 484.574 484.924 484.404 479.484 482.994 483.219 481.679 482.069 478.149 481.879 481.214 482.266 483.304 483.394 479.769 479.969 481.941 480.964 479.026 481.079 478.899 479.996 478.441 477.209 476.394 474.286 472.469 474.216 469.966 472.316 478.409 475.344 474.926 477.604 474.124 474.269 477.821 479.449 471.929 479.341 480.059 477.569 474.739 479.476 476.329 480.254 475.556 480.091 474.959 472.861 475.131 475.869 478.631 476.869 474.454 473.634 471.781 470.049 476.184 475.496 478.441 477.719 468.954 474.186 473.679
484.419 481.354 480.279 476.691 486.531 481.004 484.124 484.496 482.474 483.181 478.571 480.179 481.206 478.846 481.826 483.169 480.474 480.529 479.624 480.841 481.379 477.066 475.486 479.056 480.234 479.369 478.129 470.314 469.987 469.609 469.009 470.971 478.196 477.289 471.671 479.494 475.921 476.574 476.724 477.471 480.351 477.626 472.139 481.051 477.986 479.676 476.094 476.176 474.666 475.084 476.536 476.516 474.964 474.741 472.251 476.091 480.239 474.979 474.521 470.796 477.439 473.289 470.406 476.409 476.561 475.759 475.299
481.909 482.959 481.536 481.311 481.946 485.146 481.444 484.607 485.906 483.696 481.131 483.534 480.941 479.524 479.171 483.014 484.359 481.624 481.534 481.464 483.401 481.096 476.014 475.936 477.374 476.956 476.099 470.029 471.109 470.294 470.066 470.331 474.774 476.121 469.599 480.166 481.684 479.884 481.289 481.716 480.019 474.296 480.751 479.786 482.101 480.161 478.041 480.696 479.274 475.249 478.059 476.614 474.469 478.959 476.386 479.644 473.574 472.174 474.004 473.906 477.009 473.339 476.709 476.431 474.356 474.974 473.246
486.257 484.286 480.984 477.936 480.339 486.336 483.224 481.999 485.179 477.561 484.576 485.511 481.266 479.669 480.236 481.834 482.161 483.024 483.172 481.581 484.104 480.891 476.254 472.144 478.389 479.241 477.644 471.596 472.406 471.499 471.112 474.321 477.169 479.406 474.634 470.344 478.951 481.641 480.936 480.271 475.851 475.826 482.411 478.446 471.566 478.604 478.559 473.846 474.651 480.024 476.636 481.934 477.526 479.216 473.666 476.859 478.869 475.739 473.544 473.804 479.679 474.059 472.876 477.276 475.729 476.336 474.696
485.444 484.634 485.604 482.001 481.034 483.236 483.042 483.169 483.734 482.124 480.894 483.066 484.796 480.751 484.309 480.792 480.839 485.389 483.544 482.004 482.269 483.684 474.596 471.936 472.112 473.386 472.326 472.449 473.031 471.354 471.439 472.611 479.474 480.779 469.514 469.921 482.254 479.754 479.424 479.989 481.231 480.716 482.734 479.751 478.071 478.331 481.474 478.391 481.349 478.849 476.506 481.719 475.354 476.914 474.579 476.399 475.071 476.671 473.046 474.541 478.194 476.786 475.144 475.651 476.426 476.489 472.179
487.124 485.689 482.631 484.491 482.524 486.279 484.571 482.821 483.034 477.417 478.214 477.601 482.076 482.196 482.521 479.404 479.884 479.211 484.821 486.319 484.521 478.636 478.951 472.164 471.561 472.514 472.594 473.214 472.011 472.524 471.901 472.844 477.246 482.051 474.151 473.974 474.316 480.361 485.054 480.389 482.906 481.461 482.666 479.876 475.779 476.799 478.349 474.769 478.286 477.846 473.924 474.654 474.821 478.364 477.361 472.266 480.111 479.351 478.106 477.939 475.764 477.509 474.756 476.634 470.946 477.096 471.534
487.479 484.734 487.161 485.112 487.211 483.829 484.866 485.561 482.026 480.274 474.586 476.781 481.061 480.229 482.946 481.901 482.339 478.679 482.641 484.751 486.284 480.422 476.039 473.121 472.171 473.286 474.759 472.819 472.176 471.509 471.076 470.769 474.036 481.061 481.234 479.959 475.456 478.641 477.509 477.879 477.749 478.951 478.321 479.044 481.179 476.754 482.304 479.059 480.144 481.839 483.076 483.851 477.484 481.536 476.841 472.631 482.604 480.669 475.444 478.926 480.126 475.346 479.596 480.064 479.336 477.654 476.081
486.197 487.612 488.961 483.646 487.599 486.454 486.411 484.289 483.556 483.306 476.211 476.649 482.449 483.306 483.854 483.459 480.139 481.536 483.851 484.769 480.851 479.826 476.031 474.746 473.341 474.061 473.534 472.376 471.429 471.534 471.859 471.309 472.989 477.154 479.586 482.524 480.516 481.206 480.401 484.659 481.314 484.794 478.176 483.431 482.261 479.296 483.811 480.044 475.786 482.761 481.821 477.476 477.184 480.061 475.249 475.789 475.656 483.481 477.319 472.836 479.889 477.751 477.441 479.759 478.279 478.174 474.494
487.579 488.234 486.039 486.816 482.861 482.939 482.449 484.456 485.899 487.344 483.727 481.594 480.554 482.951 484.964 483.889 480.611 481.134 477.611 478.484 479.919 474.714 475.279 474.306 473.426 474.204 472.699 472.306 472.571 472.674 474.064 472.849 472.111 475.519 474.481 480.296 480.271 480.934 476.311 482.056 478.694 481.811 480.541 478.186 484.304 481.894 483.584 480.654 483.351 477.726 480.431 482.594 477.896 480.729 484.206 476.729 477.069 479.419 481.481 476.076 476.484 479.481 475.519 479.649 480.896 477.484 475.416
485.286 486.689 486.706 487.419 483.164 478.286 477.947 481.869 487.124 487.354 484.931 483.439 484.204 482.969 480.794 482.151 484.394 479.984 476.386 476.776 476.151 475.559 476.089 474.049 473.946 472.934 473.484 472.989 473.116 475.116 479.856 482.624 475.491 476.176 479.771 479.951 479.781 481.839 480.104 481.106 478.356 478.039 483.291 480.961 487.194 483.899 482.796 484.941 481.049 482.136 485.149 481.181 484.189 475.206 481.221 480.119 480.239 479.634 481.604 480.764 475.111 481.674 480.304 478.579 480.509 476.524 480.351
488.474 487.917 488.591 485.384 482.144 477.769 476.051 477.879 484.316 485.119 483.569 482.804 485.024 488.479 485.309 484.276 482.919 476.236 476.479 476.084 476.297 477.956 476.184 475.461 473.891 473.716 473.664 478.681 476.526 480.042 482.806 483.469 482.979 480.106 479.651 483.926 483.454 484.094 480.644 483.404 482.911 480.676 481.819 477.141 483.876 484.189 481.279 483.269 481.006 485.059 484.056 483.776 483.624 484.269 478.386 485.279 482.889 481.574 476.649 479.561 479.624 482.186 479.111 476.426 479.986 480.654 475.731
486.574 488.116 483.586 482.941 483.681 476.954 478.789 480.399 482.936 484.579 485.591 482.834 483.614 485.801 483.951 484.721 478.904 475.931 476.106 475.814 476.039 483.324 479.169 478.477 481.509 478.421 478.564 484.381 482.379 482.599 486.119 484.482 485.591 482.311 485.901 485.459 482.274 485.429 485.459 484.196 483.199 486.459 483.974 482.289 482.109 485.706 486.009 485.571 486.809 481.806 484.834 484.229 484.734 484.234 480.684 482.864 484.591 476.904 474.759 480.891 478.716 481.406 478.096 477.304 478.411 477.384 480.969
488.989 487.814 479.434 479.102 477.681 477.211 477.784 485.179 481.896 480.721 484.281 487.299 483.039 482.024 481.172 478.471 476.696 477.189 477.446 477.521 477.204 478.314 478.359 480.919 486.376 482.581 484.936 486.194 486.314 486.856 487.054 487.084 485.621 486.171 483.801 485.394 485.376 486.231 486.301 486.759 486.991 485.496 485.316 486.919 484.621 485.124 485.821 486.179 485.271 485.904 485.621 486.176 484.131 484.996 484.591 483.374 483.029 479.481 474.179 478.931 476.019 480.954 482.096 476.061 481.281 477.994 480.481
490.169 484.607 478.551 477.429 478.189 479.896 483.614 482.719 478.954 480.189 486.574 488.109 480.294 477.761 477.296 477.321 477.382 477.554 477.339 477.831 477.831 478.604 477.167 485.719 481.919 483.889 481.896 486.691 486.076 483.917 483.346 486.792 485.491 486.346 485.551 485.431 486.134 486.141 485.181 483.549 483.054 486.649 486.809 487.364 483.461 487.519 486.316 487.486 487.076 487.144 480.244 485.661 485.259 483.471 479.724 478.449 484.014 480.201 471.211 483.546 480.534 478.871 482.111 480.574 481.064 474.649 481.776
490.176 484.781 480.156 477.636 477.679 478.199 483.599 483.081 477.924 480.396 485.599 487.739 478.991 477.741 477.781 477.679 477.917 477.664 477.646 477.814 482.561 479.336 477.526 481.542 483.167 487.219 479.609 483.359 487.439 484.346 484.631 488.729 485.966 484.826 486.184 487.694 485.734 486.004 487.609 484.961 486.024 485.086 484.194 485.184 485.984 486.834 487.379 486.471 483.666 484.431 487.439 482.984 486.039 486.046 484.429 481.736 486.026 484.219 474.456 476.946 478.551 474.614 480.234 482.691 480.584 480.581 475.739
487.299 481.744 478.556 478.401 478.276 478.959 480.021 479.966 478.111 477.951 480.801 482.339 478.359 478.294 478.029 478.224 478.926 480.781 479.746 483.471 484.661 478.016 478.104 481.301 481.706 488.089 480.999 483.632 488.081 487.116 486.159 488.424 486.594 488.751 487.824 486.289 487.311 485.881 484.979 487.961 487.976 486.676 488.479 487.251 487.679 488.124 488.511 486.681 488.521 487.419 487.899 486.516 483.036 487.346 488.429 487.919 487.336 485.209 475.646 478.471 483.111 480.839 482.861 482.724 485.019 484.476 479.396
489.811 479.839 479.314 478.574 478.477 479.026 479.764 484.971 485.001 480.547 479.156 478.621 478.054 479.021 479.824 480.699 483.164 486.789 486.759 482.596 479.994 478.694 478.611 478.311 482.102 486.857 485.116 483.501 487.336 485.999 487.154 488.146 487.021 485.159 485.304 486.921 487.081 487.559 483.291 488.896 485.424 488.119 488.344 487.739 487.841 487.811 487.399 488.471 483.136 485.166 489.344 485.496 484.291 488.106 486.566 486.179 486.764 487.599 485.361 481.681 481.041 482.569 477.111 482.811 479.004 484.816 486.024
488.934 478.921 479.314 479.054 479.316 479.889 480.811 483.366 489.359 484.031 479.956 479.049 479.034 480.591 481.266 483.219 485.004 486.704 483.776 480.559 478.639 479.174 479.364 480.414 482.969 487.066 486.721 485.834 488.794 484.229 487.616 485.611 486.034 486.406 484.914 486.851 488.781 488.516 484.899 487.976 487.931 488.954 489.606 489.376 488.531 488.189 488.254 488.754 489.789 486.626 488.061 486.141 487.979 487.886 488.239 487.324 487.666 487.981 486.524 485.141 483.771 484.389 485.519 484.724 484.761 482.304 487.119
485.766 479.421 479.339 480.384 481.029 480.641 480.236 479.874 486.626 483.774 479.404 479.244 480.531 481.216 482.556 483.896 481.776 482.674 482.396 479.714 479.921 480.914 480.546 480.836 482.126 484.281 488.096 488.371 488.361 489.126 489.499 487.934 486.569 488.341 483.714 485.811 489.239 490.294 490.154 490.211 489.684 489.759 489.099 487.121 488.821 489.084 489.176 487.016 485.694 488.346 487.111 488.314 486.511 487.674 485.714 487.291 486.511 488.329 485.926 485.581 485.244 485.564 483.604 487.429 486.199 482.991 485.999
480.974 479.737 480.221 480.866 481.102 480.146 480.401 480.131 483.886 483.556 480.156 480.564 480.296 481.684 481.941 482.244 480.124 480.201 481.116 482.001 482.857 484.421 484.216 483.709 481.629 484.197 484.607 489.966 485.604 488.816 489.289 483.641 486.771 489.741 487.569 488.014 491.794 490.994 489.811 487.946 489.441 487.864 487.256 485.799 487.406 490.389 489.789 489.139 489.051 489.664 490.196 490.326 489.129 486.861 490.131 487.071 487.736 487.519 489.876 488.559 489.296 483.706 489.064 486.301 483.811 487.481 485.574
481.039 480.676 481.161 481.409 481.391 481.524 481.051 481.029 481.031 482.776 483.364 482.789 482.349 480.979 480.107 479.936 480.504 481.521 482.136 483.351 484.806 487.649 485.189 485.249 486.474 488.014 485.129 485.669 487.949 490.086 489.366 486.371 486.346 489.519 487.709 490.801 488.099 490.431 489.134 490.364 489.931 490.071 490.201 490.526 487.874 489.269 489.211 488.511 486.771 489.456 491.019 485.476 490.534 490.319 490.181 486.349 489.809 487.299 488.926 488.721 489.766 487.356 484.906 490.271 485.981 488.506 487.966
481.119 480.944 480.944 481.576 481.699 481.611 480.869 481.234 482.529 483.484 484.494 484.871 484.667 481.276 482.711 483.096 485.404 487.494 487.209 484.861 489.586 488.121 485.934 484.874 486.672 488.574 482.776 488.919 490.609 490.947 489.364 486.229 489.471 491.364 488.569 489.539 492.331 490.331 489.016 490.286 488.521 491.571 490.224 492.236 490.621 489.114 491.439 490.661 490.284 491.404 490.619 491.299 490.259 490.511 490.281 489.599 490.649 490.056 489.656 490.766 490.274 490.464 488.484 487.341 489.846 489.406 489.409
481.944 483.076 482.089 481.576 481.376 481.431 482.886 482.991 483.241 483.674 482.401 483.799 484.132 485.829 488.559 487.144 488.949 490.909 488.424 488.846 490.941 489.376 482.861 487.471 488.919 486.904 481.786 489.676 491.994 491.701 491.234 487.364 488.619 490.234 490.756 490.694 491.171 490.286 491.636 491.231 492.666 492.224 489.429 491.264 492.049 486.474 491.816 490.969 488.706 492.394 490.599 491.974 489.686 490.034 491.644 490.236 490.494 490.499 490.531 491.371 490.619 491.056 489.776 486.709 490.671 488.076 487.604
483.964 485.619 483.207 483.089 483.474 483.672 484.659 483.937 483.102 483.802 483.889 486.852 489.297 486.169 491.192 489.429 491.014 489.672 491.452 491.209 489.982 487.947 482.459 486.062 490.609 486.484 483.139 487.582 489.937 488.837 488.804 490.342 491.696 489.344 488.409 491.031 492.116 492.869 491.626 492.096 491.961 490.471 492.031 491.991 491.796 482.371 490.306 493.514 489.729 492.114 491.436 491.989 492.224 492.239 489.479 490.539 493.054 491.667 488.244 493.129 491.654 491.486 492.059 490.459 492.246 486.306 490.159
484.477 484.604 484.929 484.464 483.952 484.174 484.424 483.769 484.822 484.837 487.614 488.609 492.762 490.844 491.764 491.462 491.352 491.687 488.972 487.044 487.764 486.132 484.112 488.662 490.492 489.042 487.822 491.072 490.407 490.769 490.409 492.164 491.364 490.209 492.871 493.139 492.404 491.276 493.009 493.139 491.499 492.776 491.929 493.319 492.216 480.229 486.541 492.401 489.066 491.749 493.001 492.171 490.561 491.204 489.681 491.734 491.149 492.156 489.029 492.029 493.266 493.352 492.139 490.542 491.366 490.341 488.076
484.717 484.709 484.037 484.007 484.017 484.187 486.169 486.697 486.377 487.524 489.594 492.399 490.919 490.037 491.567 490.179 491.952 490.744 486.369 483.514 486.554 486.197 487.577 491.347 491.664 490.319 489.052 490.497 491.212 492.394 490.402 491.152 492.806 491.979 492.766 493.727 492.989 491.634 493.581 493.616 492.034 493.234 494.911 490.636 486.459 482.764 484.874 491.911 491.494 490.741 493.341 493.509 491.204 493.139 490.679 492.684 491.676 490.804 491.949 493.406 492.626 490.486 491.181 492.829 492.349 491.441 487.542
484.077 484.957 484.284 484.879 485.682 485.139 488.702 490.332 488.952 488.592 491.492 491.072 492.979 488.947 492.154 491.879 491.257 490.362 486.664 487.809 487.682 490.394 491.569 492.722 492.852 490.897 488.412 492.037 492.014 491.059 490.342 491.434 492.486 491.836 492.544 492.196 492.626 492.924 492.849 492.061 492.289 492.206 486.309 487.914 486.632 486.111 487.542 490.626 492.684 490.981 494.054 494.236 491.431 493.761 493.764 491.076 493.281 492.771 491.879 492.826 492.414 494.114 493.029 491.914 493.266 493.396 493.256
484.609 485.887 486.234 486.687 487.154 487.429 488.657 490.382 487.692 484.389 487.889 489.874 491.602 489.954 487.054 488.849 486.247 486.044 486.289 489.397 491.597 489.919 490.892 488.854 490.254 491.282 490.207 492.972 494.134 492.702 491.664 494.942 493.406 490.989 493.982 492.599 492.686 493.521 493.849 493.689 493.716 489.199 484.684 487.569 484.979 483.761 490.016 490.686 490.922 492.314 492.849 488.626 489.454 492.984 494.984 493.811 493.292 491.509 494.441 494.424 492.979 492.901 493.826 493.331 491.491 493.036 491.419
485.629 487.289 486.934 486.727 486.944 487.639 487.309 491.537 489.314 485.714 485.907 488.104 490.432 491.752 486.492 485.444 485.789 486.827 487.497 491.817 492.082 492.012 488.547 488.162 489.952 492.922 492.002 493.929 492.314 493.454 491.537 493.549 492.864 492.391 493.229 489.329 487.589 490.514 492.629 493.721 491.746 484.561 483.661 486.009 491.171 490.751 488.934 490.289 494.141 494.977 495.011 492.482 492.261 492.734 494.732 492.461 493.882 493.559 492.829 493.749 491.641 492.954 491.641 493.107 493.006 492.366 493.376
