20220701_namedtuples/mapdata/sd8678_DSM_2M.asc
ncols 500
nrows 500
xllcorner    386000
yllcorner    478000
cellsize     2
NODATA_value -9999
[rows 96 to 127 of 500, columns 365 to 437 of 500]
549.757 549.857 549.974 550.047 550.104 550.139 550.204 550.239 550.267 550.337 550.367 550.434 550.489 550.537 550.662 550.679 550.707 550.817 550.977 551.034 551.089 551.172 551.129 551.152 551.222 551.204 551.239 551.349 551.447 551.414 551.474 551.609 551.644 551.749 551.907 551.972 552.027 552.034 551.964 551.952 551.797 551.727 551.739 551.629 551.639 551.727 551.537 551.544 551.617 551.624 551.637 551.464 551.314 551.317 551.419 551.387 551.517 551.404 551.097 550.979 551.374 551.362 551.277 551.024 551.182 551.239 551.079 550.797 550.577 550.874 550.832 550.637 550.439
549.829 549.937 550.019 550.087 550.104 550.142 550.219 550.259 550.304 550.357 550.397 550.424 550.474 550.609 550.699 550.737 550.907 550.859 551.007 551.084 551.144 551.197 551.332 551.279 551.354 551.382 551.419 551.569 551.449 551.514 551.517 551.607 551.804 551.839 551.999 552.137 552.107 552.127 552.129 552.117 552.109 552.007 552.024 551.822 551.769 551.747 551.754 551.622 551.777 551.814 551.792 551.732 551.594 551.584 551.614 551.659 551.712 551.737 551.409 551.447 551.654 551.602 551.602 551.284 551.112 551.357 551.182 550.902 551.002 551.087 551.184 550.839 550.754
549.897 550.014 550.054 550.144 550.147 550.179 550.234 550.234 550.359 550.417 550.404 550.497 550.544 550.684 550.787 550.892 550.917 550.944 551.044 551.174 551.234 551.292 551.339 551.412 551.542 551.509 551.484 551.669 551.637 551.644 551.644 551.729 551.934 551.959 552.159 552.214 552.154 552.167 552.287 552.294 552.204 552.202 552.194 552.002 552.079 551.862 551.692 551.809 551.944 552.084 552.069 551.874 551.869 551.804 551.792 551.749 551.957 551.934 551.672 551.517 551.694 551.769 551.762 551.742 551.469 551.474 551.337 551.007 551.124 551.362 551.307 550.904 550.839
549.979 549.987 550.072 550.162 550.164 550.162 550.202 550.284 550.387 550.427 550.424 550.522 550.584 550.797 551.022 550.982 551.024 551.077 551.164 551.277 551.339 551.504 551.482 551.569 551.679 551.624 551.662 551.749 551.774 551.702 551.799 551.984 552.039 552.059 552.137 552.252 552.172 552.209 552.247 552.284 552.309 552.357 552.347 552.339 552.224 552.024 551.884 551.977 552.062 552.259 552.274 552.187 552.104 552.164 551.984 551.954 552.164 552.047 551.859 551.694 551.912 551.932 551.942 551.909 551.769 551.584 551.472 551.152 551.044 551.452 551.492 551.169 551.042
549.902 549.979 550.084 550.189 550.194 550.187 550.307 550.259 550.359 550.414 550.414 550.537 550.664 550.762 550.997 550.977 551.004 551.189 551.234 551.377 551.432 551.507 551.514 551.629 551.679 551.752 551.784 551.822 551.852 551.904 551.994 552.072 552.227 552.224 552.224 552.184 552.162 552.207 552.279 552.354 552.447 552.547 552.449 552.447 552.449 552.259 552.092 552.187 552.212 552.364 552.409 552.302 552.354 552.319 552.209 552.119 552.154 552.097 552.022 551.937 552.017 552.057 552.077 551.997 551.932 551.722 551.592 551.397 551.292 551.534 551.719 551.632 551.612
549.882 549.952 549.989 550.069 550.127 550.157 550.194 550.244 550.312 550.364 550.472 550.687 550.872 550.839 550.902 550.954 550.979 551.149 551.302 551.419 551.512 551.517 551.634 551.689 551.754 551.814 551.892 551.959 551.994 552.022 552.107 552.189 552.179 552.237 552.264 552.252 552.272 552.414 552.442 552.437 552.577 552.649 552.622 552.459 552.482 552.309 552.274 552.354 552.427 552.472 552.412 552.449 552.494 552.492 552.497 552.414 552.299 552.277 552.094 552.109 552.209 552.184 552.124 552.042 551.892 551.734 551.634 551.659 551.849 551.812 551.874 551.852 551.844
549.802 549.922 549.959 550.012 550.062 550.137 550.219 550.232 550.322 550.364 550.449 550.667 550.797 550.899 550.937 551.152 551.039 551.194 551.334 551.467 551.494 551.714 551.812 551.799 551.812 551.909 551.997 552.024 552.074 552.094 552.152 552.257 552.257 552.242 552.284 552.329 552.392 552.532 552.557 552.569 552.654 552.592 552.652 552.574 552.514 552.412 552.397 552.567 552.609 552.552 552.497 552.557 552.597 552.609 552.552 552.492 552.432 552.512 552.464 552.434 552.474 552.377 552.269 552.117 551.882 551.954 551.922 551.982 552.022 552.059 552.049 552.112 551.929
550.054 549.869 549.854 549.949 550.044 550.124 550.239 550.254 550.324 550.397 550.472 550.594 550.767 550.964 550.957 551.077 551.034 551.149 551.277 551.392 551.574 551.642 551.789 551.904 551.937 551.997 552.067 552.032 552.092 552.142 552.244 552.252 552.314 552.362 552.402 552.434 552.617 552.624 552.599 552.624 552.612 552.684 552.727 552.839 552.574 552.477 552.512 552.652 552.752 552.724 552.724 552.732 552.724 552.782 552.697 552.574 552.604 552.519 552.599 552.622 552.642 552.602 552.422 552.047 551.972 552.289 552.389 552.289 552.207 552.222 552.314 552.329 552.184
549.844 550.172 550.292 550.372 550.059 550.047 550.164 550.332 550.369 550.457 550.589 550.644 550.752 550.827 550.962 551.072 551.077 551.144 551.267 551.362 551.569 551.584 551.714 551.857 551.927 551.962 552.054 552.092 552.184 552.274 552.232 552.239 552.317 552.387 552.464 552.447 552.557 552.717 552.659 552.722 552.704 552.677 552.724 552.914 552.777 552.594 552.547 552.727 552.879 552.862 552.784 552.792 552.862 552.859 552.807 552.779 552.742 552.754 552.842 552.724 552.697 552.714 552.647 552.249 552.459 552.617 552.607 552.507 552.357 552.319 552.434 552.547 552.444
549.609 549.697 549.729 549.992 550.204 550.657 550.587 550.392 550.374 550.532 550.647 550.714 550.739 550.782 550.882 550.989 551.067 551.222 551.382 551.479 551.612 551.649 551.772 551.827 551.872 551.939 552.059 552.124 552.267 552.372 552.367 552.389 552.514 552.564 552.574 552.552 552.692 552.822 552.982 552.904 552.909 552.909 552.732 552.769 552.809 552.754 552.649 552.994 553.054 552.989 552.862 552.819 552.889 552.954 552.962 552.984 552.962 552.954 553.047 553.034 552.962 552.929 552.954 552.787 552.754 552.699 552.744 552.682 552.572 552.612 552.627 552.664 552.702
549.537 549.622 549.747 549.869 549.962 550.047 550.254 550.577 550.954 550.952 550.864 550.742 550.712 550.762 550.909 550.974 551.059 551.194 551.432 551.557 551.617 551.734 551.822 551.909 552.002 552.067 552.104 552.257 552.344 552.427 552.532 552.564 552.577 552.714 552.742 552.652 552.652 552.952 553.209 553.194 553.119 552.947 552.832 552.842 552.864 552.809 552.824 553.207 553.114 553.032 552.992 552.954 552.932 552.994 553.204 553.199 553.157 553.214 553.127 553.014 553.009 553.049 553.187 553.094 553.087 552.964 552.907 552.879 552.817 552.837 552.847 552.799 552.789
549.542 549.632 549.739 549.884 549.964 550.049 550.169 550.294 550.384 550.499 550.709 551.062 551.059 550.924 550.989 551.007 551.062 551.192 551.382 551.542 551.647 551.704 551.812 551.959 552.109 552.064 552.187 552.339 552.382 552.467 552.569 552.649 552.754 552.944 553.002 552.884 552.947 553.159 553.274 553.322 553.154 553.129 553.169 553.122 552.887 552.724 552.837 553.234 553.169 553.084 553.034 553.102 553.014 553.132 553.167 553.259 553.239 553.132 553.119 553.157 553.117 553.147 553.167 553.282 553.257 553.167 553.004 553.017 552.954 552.979 552.944 552.912 552.932
549.484 549.552 549.724 549.879 549.967 550.039 550.164 550.297 550.412 550.492 550.557 550.577 550.679 550.854 551.169 551.382 551.464 551.274 551.364 551.554 551.664 551.724 551.849 551.987 552.132 552.087 552.179 552.274 552.327 552.454 552.612 552.662 552.712 552.929 553.032 553.054 553.129 553.244 553.204 553.099 553.072 553.299 553.329 553.164 552.967 552.864 552.802 553.072 553.202 553.192 553.169 553.204 553.227 553.189 553.317 553.367 553.337 553.354 553.167 553.174 553.229 553.257 553.287 553.237 553.334 553.289 553.167 553.097 553.087 553.072 553.049 553.039 553.027
549.509 549.507 549.592 549.759 549.942 549.994 550.194 550.307 550.432 550.477 550.494 550.549 550.672 550.779 550.897 551.057 551.259 551.594 551.674 551.912 551.647 551.787 551.882 551.962 552.019 552.177 552.162 552.277 552.379 552.467 552.529 552.742 552.832 552.897 552.942 552.969 553.102 553.189 553.132 553.009 553.217 553.354 553.364 553.182 553.137 553.204 553.092 553.134 553.279 553.327 553.282 553.337 553.397 553.264 553.467 553.457 553.424 553.382 553.222 553.244 553.382 553.329 553.344 553.434 553.487 553.497 553.377 553.227 553.212 553.149 553.132 553.194 553.172
549.397 549.592 549.602 549.677 549.887 549.909 550.117 550.224 550.394 550.409 550.487 550.589 550.662 550.777 550.927 551.057 551.119 551.209 551.357 551.552 551.897 552.247 551.992 552.024 552.124 552.169 552.179 552.257 552.362 552.402 552.582 552.722 552.844 552.849 552.982 553.024 553.107 553.107 553.127 553.124 553.299 553.472 553.537 553.427 553.394 553.502 553.494 553.399 553.382 553.504 553.449 553.332 553.474 553.449 553.497 553.482 553.369 553.404 553.459 553.329 553.497 553.392 553.437 553.497 553.587 553.652 553.442 553.329 553.349 553.382 553.292 553.359 553.284
549.494 549.497 549.599 549.674 549.852 549.967 550.119 550.152 550.314 550.414 550.504 550.674 550.862 550.847 550.957 551.057 551.119 551.272 551.409 551.522 551.684 551.729 552.267 552.292 552.092 552.174 552.284 552.339 552.409 552.544 552.664 552.694 552.792 552.819 552.937 553.062 553.059 553.092 553.132 553.189 553.379 553.604 553.619 553.617 553.604 553.544 553.609 553.529 553.479 553.532 553.507 553.337 553.507 553.549 553.484 553.419 553.392 553.384 553.364 553.494 553.544 553.457 553.424 553.502 553.657 553.802 553.554 553.404 553.397 553.519 553.529 553.509 553.364
549.427 549.459 549.559 549.744 549.854 550.002 550.067 550.234 550.242 550.314 550.442 550.659 550.797 550.874 550.959 551.084 551.164 551.357 551.472 551.529 551.669 551.744 551.929 552.299 552.522 552.272 552.347 552.427 552.457 552.524 552.644 552.807 552.877 552.829 552.962 552.997 553.024 553.069 553.119 553.207 553.512 553.599 553.619 553.657 553.662 553.649 553.722 553.614 553.624 553.674 553.607 553.424 553.527 553.617 553.654 553.539 553.474 553.392 553.462 553.512 553.537 553.497 553.427 553.474 553.594 553.727 553.669 553.449 553.439 553.722 553.834 553.812 553.537
549.349 549.409 549.517 549.667 549.784 549.962 550.032 550.242 550.339 550.242 550.542 550.697 550.754 550.859 550.994 551.102 551.204 551.399 551.542 551.637 551.667 551.792 552.007 552.122 552.384 552.819 552.652 552.474 552.507 552.579 552.624 552.759 552.807 552.872 553.012 553.044 553.159 553.209 553.174 553.254 553.479 553.474 553.492 553.584 553.682 553.637 553.664 553.699 553.712 553.687 553.674 553.597 553.577 553.559 553.662 553.742 553.614 553.602 553.609 553.582 553.609 553.502 553.514 553.462 553.554 553.714 553.677 553.574 553.609 553.757 553.834 553.722 553.572
549.207 549.322 549.532 549.604 549.714 549.877 550.029 550.197 550.257 550.322 550.432 550.637 550.764 550.889 551.052 551.099 551.247 551.364 551.529 551.707 551.739 551.819 551.992 552.129 552.227 552.334 552.867 552.979 552.659 552.582 552.669 552.787 552.777 552.839 552.892 552.997 553.202 553.154 553.134 553.157 553.327 553.437 553.414 553.517 553.589 553.572 553.644 553.687 553.724 553.737 553.719 553.684 553.647 553.629 553.612 553.802 553.909 553.777 553.712 553.654 553.554 553.559 553.562 553.539 553.794 554.127 553.802 553.807 553.984 554.009 553.902 553.757 553.672
549.024 549.152 549.387 549.552 549.749 549.822 549.959 550.122 550.249 550.324 550.429 550.557 550.782 550.952 550.962 551.064 551.224 551.407 551.549 551.697 551.767 551.839 552.022 552.189 552.262 552.367 552.399 552.484 552.792 552.877 552.857 552.749 552.834 553.032 553.097 553.024 553.142 553.242 553.219 553.194 553.244 553.332 553.382 553.434 553.492 553.524 553.632 553.809 553.762 553.799 553.792 553.804 553.759 553.682 553.614 553.724 553.937 553.897 553.639 553.597 553.617 553.642 553.652 553.604 554.019 554.227 553.842 553.837 554.077 554.202 554.027 553.899 553.859
549.122 549.079 549.204 549.337 549.552 549.752 549.952 550.097 550.224 550.374 550.502 550.584 550.674 550.824 550.892 551.049 551.244 551.392 551.484 551.619 551.757 551.882 552.032 552.219 552.314 552.367 552.434 552.459 552.492 552.522 552.752 553.159 553.102 553.067 553.034 553.072 553.147 553.279 553.314 553.312 553.339 553.402 553.522 553.597 553.647 553.737 553.832 553.979 553.872 553.862 554.019 553.929 553.792 553.717 553.627 553.694 553.777 553.727 553.617 553.659 553.714 553.704 553.757 553.702 553.937 554.269 554.032 553.877 553.994 554.244 554.149 554.022 554.172
549.082 549.114 549.337 549.487 549.464 549.567 549.747 549.962 550.157 550.342 550.514 550.614 550.687 550.732 550.919 551.087 551.222 551.342 551.464 551.602 551.697 551.819 552.032 552.189 552.312 552.339 552.334 552.487 552.474 552.517 552.607 552.644 552.869 553.367 553.284 553.144 553.099 553.224 553.302 553.352 553.402 553.509 553.572 553.599 553.677 553.732 554.064 553.882 553.864 553.874 553.884 553.847 554.164 553.917 553.669 553.682 553.594 553.602 553.587 553.674 553.669 553.712 553.794 553.762 553.969 554.089 553.999 553.944 553.992 554.294 554.234 554.192 554.389
549.009 549.132 549.227 549.367 549.557 549.749 549.757 549.937 550.017 550.062 550.264 550.524 550.649 550.747 550.939 551.102 551.142 551.302 551.457 551.589 551.632 551.764 551.959 552.119 552.162 552.144 552.242 552.347 552.374 552.449 552.697 552.724 552.757 552.844 552.942 553.304 553.469 553.397 553.302 553.354 553.472 553.584 553.672 553.679 553.737 553.872 554.079 553.767 553.757 553.789 553.812 553.747 553.692 553.864 554.249 554.017 553.799 553.654 553.612 553.699 553.722 553.749 553.782 553.802 554.014 554.159 554.014 553.984 554.049 554.224 554.257 554.597 554.662
548.882 549.052 549.237 549.387 549.602 549.764 549.872 549.984 550.092 550.192 550.282 550.342 550.474 550.612 550.692 550.894 551.084 551.182 551.352 551.472 551.564 551.749 551.754 551.954 552.002 552.012 552.247 552.327 552.339 552.374 552.704 552.809 552.844 552.907 552.909 552.989 553.114 553.507 553.702 553.812 553.709 553.624 553.744 553.752 554.022 554.289 553.714 553.677 553.682 553.677 553.672 553.672 553.634 553.594 553.619 553.629 553.784 553.974 553.752 553.702 553.802 553.839 553.834 553.869 554.079 554.239 553.962 554.039 554.192 554.302 554.289 554.822 554.919
548.829 548.964 549.187 549.442 549.569 549.707 549.852 549.887 549.974 550.164 550.297 550.504 550.739 550.879 550.919 550.942 551.034 551.074 551.252 551.247 551.419 551.504 551.544 551.677 551.857 551.877 552.082 552.189 552.302 552.327 552.602 552.707 552.809 552.842 552.952 553.047 553.254 553.304 553.344 553.587 553.432 553.757 553.914 553.762 553.719 553.699 553.654 553.652 553.647 553.714 553.924 553.852 553.654 553.589 553.592 553.592 553.604 553.699 554.099 554.027 553.802 553.872 553.917 554.022 554.062 554.047 553.962 554.109 554.399 554.294 554.372 554.637 554.969
548.749 548.947 549.104 549.309 549.452 549.604 549.734 549.774 549.884 550.172 550.402 550.557 550.684 550.859 550.999 551.102 551.227 551.347 551.437 551.552 551.664 551.704 551.694 551.727 551.742 551.789 551.904 552.054 552.109 552.272 552.479 552.627 552.754 552.802 552.872 553.042 553.197 553.354 553.339 553.394 553.337 553.422 553.477 553.537 553.637 553.652 553.642 553.647 553.662 553.732 553.934 553.942 553.724 553.587 553.582 553.619 553.657 553.684 553.687 553.787 554.302 554.167 553.857 553.947 554.007 554.007 554.014 554.159 554.549 554.527 554.387 554.399 554.734
548.617 548.772 549.024 549.139 549.254 549.412 549.552 549.794 549.857 550.024 550.282 550.514 550.677 550.849 551.012 551.119 551.199 551.287 551.289 551.442 551.672 551.679 551.732 551.894 552.007 551.969 552.114 552.107 552.169 552.342 552.397 552.464 552.527 552.647 552.747 552.844 552.994 553.259 553.269 553.329 553.342 553.544 553.587 553.714 553.737 553.717 553.759 553.749 553.782 553.694 553.694 553.817 553.639 553.559 553.607 553.627 553.657 553.729 553.857 553.929 553.874 553.889 554.094 554.384 554.139 554.152 554.127 554.269 554.542 554.664 554.577 554.554 554.694
548.522 548.654 548.809 548.999 549.034 549.237 549.409 549.587 549.924 550.057 550.194 550.407 550.634 550.804 550.977 551.049 551.114 551.052 551.074 551.164 551.537 551.624 551.677 551.937 552.134 552.109 552.129 552.212 552.357 552.574 552.577 552.574 552.734 552.782 552.814 552.772 552.899 552.984 553.039 553.132 553.297 553.489 553.712 553.772 553.764 553.772 553.719 553.642 553.809 553.747 553.664 553.637 553.552 553.574 553.622 553.647 553.717 553.922 554.229 554.159 553.994 553.959 553.972 554.234 554.484 554.669 554.584 554.737 554.742 554.612 554.617 554.584 554.644
548.567 548.694 548.782 548.939 548.944 549.112 549.257 549.449 549.669 549.867 550.079 550.349 550.569 550.774 550.889 550.974 551.022 551.044 551.122 551.149 551.304 551.522 551.652 551.772 551.964 552.082 552.097 552.122 552.297 552.512 552.594 552.577 552.799 552.857 552.894 552.892 553.019 553.089 553.094 553.214 553.397 553.357 553.389 553.479 553.692 553.774 553.542 553.524 553.929 553.992 553.857 553.517 553.472 553.559 553.599 553.647 553.782 554.132 554.482 554.192 554.104 554.119 554.159 554.262 554.312 554.329 554.377 554.659 554.774 554.944 555.027 555.044 555.139
548.504 548.592 548.724 548.889 549.032 549.062 549.204 549.397 549.534 549.822 550.129 550.307 550.534 550.704 550.809 550.967 551.029 551.129 551.162 551.229 551.394 551.437 551.572 551.684 551.829 551.942 552.072 552.177 552.287 552.377 552.484 552.519 552.692 552.782 552.937 552.947 553.014 553.009 553.104 553.154 553.404 553.404 553.432 553.492 553.689 553.594 553.394 553.439 553.834 553.924 553.617 553.419 553.412 553.482 553.584 553.632 553.739 553.912 554.159 554.107 554.129 554.147 554.222 554.262 554.309 554.494 554.697 554.759 554.634 554.594 554.654 554.712 554.784
548.454 548.534 548.679 548.802 548.967 548.987 549.064 549.147 549.619 549.774 550.079 550.257 550.399 550.562 550.632 550.832 550.942 550.994 551.127 551.304 551.397 551.417 551.507 551.672 551.764 551.819 552.127 552.222 552.382 552.427 552.412 552.662 552.799 552.824 552.857 552.974 553.042 553.069 553.034 553.037 553.219 553.372 553.507 553.449 553.619 553.632 553.459 553.274 553.467 553.592 553.457 553.319 553.339 553.459 553.624 553.624 553.764 553.907 554.059 554.104 554.127 554.182 554.202 554.234 554.554 554.837 554.924 555.084 554.904 554.732 554.634 554.662 554.732
548.317 548.417 548.627 548.727 548.824 548.904 549.117 549.239 549.487 549.709 549.947 550.017 550.159 550.252 550.507 550.709 550.944 550.907 551.082 551.242 551.384 551.474 551.587 551.679 551.812 551.832 551.962 552.164 552.394 552.474 552.367 552.557 552.897 552.989 552.874 552.809 552.864 552.842 552.829 552.884 553.094 553.324 553.454 553.404 553.437 553.497 553.402 553.324 553.287 553.354 553.359 553.217 553.239 553.332 553.564 553.824 553.909 553.952 553.992 554.047 554.089 554.074 554.207 554.352 554.549 554.604 554.629 554.807 554.679 554.654 554.644 554.739 554.804
