20220701_namedtuples/mapdata/sd8676_DSM_2M.asc
ncols 500
nrows 500
xllcorner    386000
yllcorner    476000
cellsize     2
NODATA_value -9999
[rows 210 to 239 of 500, columns 204 to 271 of 500]
378.44 378.38 378.265 378.167 378.16 378.095 377.832 377.642 377.42 377.267 377.097 377.03 376.992 376.877 376.815 376.655 376.515 376.377 376.255 376.257 376.06 375.872 375.732 375.565 375.462 375.342 375.232 375.13 375.002 374.925 374.9 374.91 374.78 374.677 374.605 374.56 374.48 374.412 374.347 374.31 374.362 374.327 374.25 374.25 374.157 374.005 373.865 373.73 373.602 373.472 373.312 373.065 372.927 372.845 372.687 372.425 372.132 371.677 371.155 370.932 370.722 370.67 370.855 371.13 371.385 371.487 371.53 371.59
378.57 378.51 378.407 378.282 378.172 378.06 377.922 377.762 377.615 377.377 377.232 377.12 377.017 376.927 376.845 376.735 376.567 376.407 376.28 376.195 376.05 375.912 375.81 375.677 375.507 375.4 375.272 375.185 375.112 375.052 374.997 375.03 374.967 374.895 374.812 374.772 374.712 374.682 374.672 374.615 374.712 374.612 374.56 374.542 374.452 374.35 374.202 374.075 373.972 373.797 373.725 373.495 373.315 373.215 373.097 372.795 372.272 371.747 371.455 371.272 371.087 371.215 371.455 371.647 371.872 371.882 371.9 371.902
378.722 378.64 378.522 378.405 378.302 378.097 377.892 377.727 377.56 377.442 377.332 377.187 377.105 377 376.91 376.757 376.605 376.52 376.367 376.23 376.077 375.96 375.837 375.775 375.665 375.602 375.457 375.295 375.237 375.212 375.155 375.107 375.08 374.997 374.98 374.977 374.93 374.895 374.927 374.957 374.997 374.987 374.945 374.877 374.775 374.735 374.687 374.497 374.292 374.21 374.085 373.877 373.642 373.467 373.335 372.975 372.362 371.902 371.687 371.527 371.54 371.77 371.997 372.21 372.215 372.21 372.192 372.165
378.885 378.797 378.705 378.55 378.407 378.23 378.02 377.812 377.68 377.555 377.437 377.35 377.225 377.095 376.957 376.792 376.675 376.495 376.352 376.245 376.13 376.04 375.97 375.945 375.857 375.76 375.735 375.597 375.455 375.412 375.357 375.26 375.22 375.152 375.152 375.127 375.12 375.09 375.15 375.2 375.252 375.317 375.305 375.15 375.11 375.055 374.98 374.89 374.697 374.587 374.417 374.242 374.105 373.907 373.512 372.935 372.367 372.095 371.937 371.835 372.012 372.275 372.367 372.472 372.517 372.495 372.51 372.487
379.07 378.975 378.862 378.727 378.582 378.427 378.225 378.032 377.895 377.742 377.615 377.49 377.37 377.215 377.1 377.035 376.867 376.61 376.455 376.33 376.217 376.147 376.075 376.082 376.02 375.932 375.857 375.802 375.73 375.672 375.62 375.5 375.397 375.347 375.302 375.295 375.305 375.337 375.36 375.38 375.43 375.532 375.545 375.45 375.415 375.415 375.345 375.242 375.085 374.905 374.745 374.555 374.477 374.222 373.732 373.03 372.517 372.32 372.232 372.362 372.56 372.847 372.862 372.835 372.812 372.83 372.85 372.872
379.122 379.07 379.04 378.877 378.842 378.725 378.535 378.422 378.322 378.165 377.902 377.827 377.7 377.472 377.305 377.33 377.167 376.86 376.617 376.487 376.402 376.3 376.217 376.195 376.132 376.062 376.017 375.952 375.972 375.952 375.89 375.77 375.667 375.59 375.557 375.51 375.522 375.53 375.57 375.602 375.625 375.69 375.715 375.777 375.735 375.74 375.712 375.567 375.455 375.217 375.047 374.835 374.632 374.437 373.937 373.235 372.85 372.647 372.667 372.845 373.097 373.212 373.215 373.195 373.177 373.095 373.105 373.11
378.617 378.75 379.202 379.3 379.165 379.077 378.972 378.762 378.635 378.522 378.417 378.18 378.027 377.887 377.552 377.337 377.332 377.06 376.875 376.762 376.592 376.472 376.382 376.32 376.207 376.2 376.14 376.112 376.085 376.08 376.047 375.927 375.887 375.847 375.842 375.762 375.787 375.78 375.845 375.815 375.852 375.875 375.93 376.012 376.06 376.067 375.995 375.872 375.76 375.517 375.375 375.147 374.865 374.677 374.265 373.537 373.105 373.085 373.26 373.43 373.542 373.535 373.517 373.482 373.477 373.435 373.387 373.3
378.555 378.997 379.437 379.58 379.495 379.255 379.165 379.022 378.95 378.887 378.7 378.417 378.272 378.05 377.84 377.625 377.552 377.317 377.265 377.322 377.05 376.815 376.622 376.627 376.642 376.367 376.312 376.22 376.145 376.147 376.127 376.072 376.042 376.01 376.062 376.002 375.97 375.952 376.005 376.022 376.067 376.117 376.162 376.232 376.25 376.275 376.245 376.07 375.942 375.802 375.59 375.45 375.165 374.8 374.48 373.89 373.447 373.665 373.807 373.887 373.922 373.872 373.81 373.74 373.702 373.617 373.567 373.522
379.477 379.682 379.73 379.64 379.64 379.535 379.442 379.335 379.302 379.337 379.082 378.847 378.795 378.532 378.405 378.142 377.97 377.722 377.712 377.582 377.437 377.197 377.077 376.985 376.822 376.677 376.547 376.425 376.395 376.317 376.285 376.192 376.127 376.13 376.107 376.09 376.122 376.14 376.192 376.26 376.28 376.322 376.38 376.415 376.455 376.427 376.375 376.217 376.132 375.972 375.807 375.59 375.29 374.835 374.457 374.03 373.922 374.235 374.287 374.28 374.255 374.235 374.135 374.017 373.895 373.897 373.797 373.72
380.235 380.222 380.085 379.92 379.792 379.767 379.765 379.635 379.632 379.602 379.392 379.292 379.235 379.06 378.847 378.622 378.412 378.24 378.165 378.02 377.795 377.575 377.415 377.275 377.122 377.1 376.85 376.687 376.592 376.505 376.407 376.317 376.282 376.275 376.265 376.272 376.297 376.365 376.385 376.432 376.452 376.455 376.5 376.567 376.6 376.57 376.495 376.337 376.197 376.07 375.925 375.675 375.297 374.842 374.53 374.212 374.227 374.437 374.525 374.602 374.6 374.535 374.445 374.295 374.182 374.115 374.005 373.932
380.895 380.777 380.62 380.41 380.25 380.11 379.97 379.812 379.732 379.57 379.587 379.557 379.527 379.475 379.267 379.052 378.842 378.687 378.625 378.425 378.19 377.942 377.71 377.55 377.405 377.247 377.127 376.957 376.815 376.685 376.582 376.52 376.457 376.457 376.46 376.487 376.52 376.585 376.587 376.627 376.627 376.635 376.642 376.665 376.697 376.65 376.562 376.397 376.265 376.087 375.987 375.665 375.215 374.867 374.67 374.6 374.587 374.66 374.83 374.932 374.92 374.84 374.71 374.605 374.482 374.36 374.26 374.132
381.567 381.437 381.24 381.02 380.855 380.697 380.405 380.157 379.98 379.87 379.847 379.835 379.777 379.875 379.587 379.422 379.24 379.14 379.055 378.857 378.637 378.315 378.102 377.87 377.7 377.525 377.397 377.252 377.162 377.027 376.83 376.742 376.68 376.677 376.682 376.692 376.722 376.747 376.712 376.78 376.835 376.84 376.852 376.812 376.8 376.742 376.627 376.445 376.205 375.972 375.715 375.46 375.342 375.08 375.017 374.935 374.895 375 375.177 375.257 375.285 375.162 374.982 374.87 374.727 374.627 374.482 374.39
382.197 382.067 381.86 381.645 381.475 381.22 381.035 380.745 380.525 380.395 380.305 380.22 380.18 380.12 380.005 379.87 379.655 379.545 379.452 379.23 379.01 378.697 378.497 378.282 378.06 377.865 377.775 377.62 377.477 377.31 377.175 377.042 376.947 377.127 376.985 376.977 376.96 376.98 377.002 377.06 377.037 377.062 377.017 376.947 376.905 376.812 376.715 376.495 376.222 375.94 375.755 375.515 375.395 375.495 375.38 375.29 375.222 375.315 375.455 375.497 375.47 375.36 375.335 375.177 375.02 374.975 374.785 374.642
382.797 382.607 382.382 382.157 382.025 381.782 381.59 381.33 381.097 380.945 380.847 380.715 380.527 380.445 380.395 380.31 380.187 380.02 379.827 379.627 379.365 379.15 378.927 378.732 378.525 378.335 378.202 377.997 377.827 377.66 377.497 377.352 377.33 377.322 377.297 377.192 377.305 377.31 377.215 377.232 377.235 377.235 377.192 377.1 376.975 376.852 376.67 376.462 376.277 376.062 375.825 375.595 375.605 375.637 375.62 375.485 375.465 375.54 375.645 375.667 375.662 375.632 375.525 375.432 375.255 375.182 375.05 374.922
383.385 383.177 382.905 382.717 382.552 382.38 382.2 381.975 381.752 381.572 381.357 381.2 381.025 380.852 380.745 380.635 380.502 380.327 380.137 379.942 379.71 379.547 379.4 379.232 378.995 378.82 378.67 378.485 378.227 378.007 377.835 377.677 377.6 377.602 377.632 377.542 377.625 377.465 377.582 377.547 377.357 377.317 377.292 377.177 377.087 376.877 376.702 376.475 376.32 376.27 376.01 375.867 375.87 375.832 375.75 375.65 375.68 375.952 376.05 376.12 375.952 375.845 375.76 375.637 375.537 375.477 375.325 375.21
384.015 383.777 383.487 383.337 383.227 383.022 382.845 382.56 382.367 382.152 381.975 381.762 381.577 381.415 381.215 381.042 380.855 380.652 380.485 380.355 380.135 380.012 379.847 379.692 379.497 379.267 379.125 378.945 378.715 378.412 378.185 378.052 377.805 377.832 377.81 377.88 377.732 377.742 377.69 377.562 377.48 377.405 377.312 377.175 377.065 376.852 376.7 376.49 376.322 376.14 376.132 376.122 376.075 376.067 376.012 375.885 375.907 376.157 376.135 376.225 376.155 376.067 375.975 375.92 375.857 375.797 375.59 375.462
384.672 384.445 384.19 384.025 383.905 383.705 383.47 383.182 382.915 382.695 382.492 382.325 382.142 381.96 381.717 381.507 381.287 381.06 380.885 380.685 380.547 380.395 380.197 380.092 379.93 379.717 379.512 379.325 379.125 378.857 378.645 378.377 378.145 378.13 378.137 377.962 377.917 377.822 377.78 377.732 377.657 377.53 377.427 377.305 377.157 376.915 376.74 376.515 376.422 376.322 376.292 376.262 376.325 376.285 376.22 376.11 376.08 376.287 376.41 376.39 376.242 376.222 376.167 376.097 376.015 375.952 375.802 375.692
385.215 385.052 384.805 384.655 384.52 384.342 384.122 383.847 383.522 383.287 383.125 382.96 382.785 382.522 382.225 382.005 381.762 381.545 381.34 381.085 380.937 380.78 380.6 380.445 380.257 380.12 379.87 379.645 379.55 379.32 379.047 378.735 378.492 378.315 378.255 378.165 378.145 378.14 378.03 377.93 377.777 377.615 377.615 377.405 377.277 377.18 376.8 376.567 376.53 376.507 376.515 376.532 376.552 376.505 376.38 376.28 376.325 376.437 376.437 376.37 376.37 376.377 376.36 376.345 376.325 376.177 376.03 375.895
385.645 385.517 385.347 385.172 385.067 384.897 384.7 384.437 384.17 383.967 383.76 383.562 383.342 383.077 382.77 382.542 382.322 382.097 381.855 381.597 381.412 381.237 381.062 380.887 380.667 380.42 380.202 380 379.852 379.64 379.387 379.02 378.777 378.645 378.52 378.49 378.487 378.407 378.23 378.04 377.827 377.665 377.627 377.472 377.305 377.1 377.002 376.892 376.872 376.855 376.862 376.91 376.767 376.69 376.582 376.502 376.502 376.54 376.567 376.572 376.537 376.527 376.602 376.6 376.52 376.457 376.357 376.185
386.122 385.972 385.84 385.725 385.55 385.377 385.23 385.012 384.757 384.55 384.32 384.09 383.877 383.665 383.37 383.122 382.922 382.665 382.46 382.205 381.952 381.737 381.537 381.272 381.025 380.792 380.575 380.312 380.14 379.93 379.73 379.422 379.145 378.977 378.902 378.867 378.772 378.642 378.452 378.192 377.927 377.732 377.64 377.512 377.38 377.327 377.275 377.19 377.202 377.245 377.352 377.075 377.022 377.002 376.872 376.88 376.747 376.782 376.877 376.855 376.817 376.81 376.852 376.907 376.695 376.587 376.507 376.39
386.452 386.347 386.24 386.195 386.04 385.827 385.672 385.49 385.302 385.135 384.96 384.732 384.497 384.257 383.987 383.73 383.462 383.215 382.977 382.73 382.477 382.192 381.962 381.747 381.46 381.15 380.885 380.612 380.412 380.217 380.032 379.862 379.605 379.337 379.212 379.187 379.045 378.86 378.642 378.355 378.092 377.892 377.85 377.74 377.675 377.67 377.63 377.595 377.55 377.557 377.462 377.345 377.37 377.332 377.21 377.032 377.022 376.937 377.045 377.047 376.98 376.982 377 376.922 376.815 376.742 376.645 376.535
386.665 386.607 386.562 386.537 386.485 386.347 386.152 385.942 385.77 385.64 385.482 385.322 385.145 384.882 384.572 384.255 383.947 383.727 383.437 383.177 382.892 382.602 382.32 382.115 381.817 381.54 381.25 380.97 380.76 380.557 380.422 380.207 379.982 379.737 379.58 379.562 379.375 379.132 378.79 378.53 378.33 378.237 378.127 378.045 378.077 378.06 378.04 377.957 377.905 377.842 377.877 377.722 377.507 377.53 377.427 377.247 377.302 377.127 377.19 377.18 377.055 377.022 376.992 376.997 376.972 376.902 376.837 376.725
386.925 386.872 386.83 386.8 386.742 386.662 386.577 386.425 386.24 386.045 385.915 385.757 385.59 385.377 385.112 384.747 384.437 384.217 383.922 383.67 383.315 383.01 382.737 382.467 382.162 381.877 381.637 381.382 381.132 380.922 380.76 380.617 380.39 380.107 379.922 379.88 379.647 379.35 379.027 378.78 378.71 378.577 378.46 378.395 378.422 378.452 378.37 378.257 378.202 378.162 378.092 377.9 377.622 377.575 377.462 377.47 377.47 377.397 377.482 377.632 377.587 377.3 377.247 377.247 377.167 377.095 377.01 376.92
387.155 387.125 387.07 387.015 386.96 386.912 386.84 386.742 386.607 386.415 386.217 386.115 385.965 385.797 385.612 385.3 384.935 384.657 384.457 384.117 383.777 383.432 383.095 382.825 382.592 382.315 382.087 381.83 381.577 381.357 381.185 381.017 380.752 380.427 380.237 380.11 379.87 379.565 379.31 379.122 379.1 378.985 378.867 378.827 378.84 378.845 378.75 378.622 378.59 378.517 378.497 378.222 378.015 377.827 377.845 377.727 377.84 377.717 377.79 377.722 377.675 377.812 377.572 377.472 377.352 377.317 377.232 377.142
387.277 387.315 387.307 387.27 387.22 387.15 387.035 386.945 386.867 386.745 386.605 386.43 386.282 386.162 386.007 385.725 385.402 385.082 384.865 384.612 384.277 383.902 383.562 383.265 382.942 382.75 382.49 382.282 382.097 381.867 381.667 381.357 381.027 380.77 380.587 380.357 380.045 379.77 379.547 379.367 379.387 379.247 379.225 379.182 379.152 379.127 379.102 378.957 378.897 378.837 378.845 378.712 378.315 378.13 378.055 377.995 377.96 378.165 378.17 378.137 378.08 377.937 377.867 377.712 377.597 377.522 377.445 377.352
387.372 387.405 387.46 387.44 387.397 387.327 387.262 387.16 387.092 387.015 386.915 386.812 386.6 386.427 386.3 386.11 385.775 385.445 385.165 384.927 384.647 384.302 384.01 383.725 383.452 383.21 382.937 382.75 382.527 382.307 381.972 381.532 381.195 380.962 380.737 380.417 380.15 379.847 379.66 379.622 379.59 379.517 379.457 379.417 379.405 379.417 379.415 379.385 379.215 379.172 379.197 379.06 378.69 378.365 378.275 378.26 378.3 378.38 378.425 378.42 378.452 378.272 378.115 377.98 377.832 377.685 377.602 377.492
387.447 387.47 387.517 387.562 387.515 387.47 387.402 387.29 387.2 387.157 387.087 386.975 386.815 386.635 386.477 386.342 386.045 385.777 385.432 385.115 384.822 384.487 384.242 383.995 383.675 383.482 383.282 383.025 382.81 382.475 382 381.655 381.392 381.182 380.797 380.477 380.275 380.075 379.96 380.017 379.955 379.822 379.737 379.705 379.665 379.677 379.672 379.617 379.557 379.427 379.447 379.34 379.14 378.685 378.6 378.622 378.72 378.81 378.767 378.705 378.675 378.53 378.362 378.192 378.042 377.91 377.817 377.687
387.457 387.492 387.54 387.582 387.615 387.575 387.475 387.387 387.305 387.23 387.225 387.14 386.985 386.82 386.65 386.46 386.247 385.95 385.62 385.32 384.975 384.625 384.375 384.137 383.855 383.662 383.435 383.145 382.855 382.402 382.077 381.825 381.572 381.29 380.95 380.685 380.425 380.38 380.372 380.275 380.277 380.187 380.08 379.985 379.93 379.832 379.8 379.775 379.72 379.667 379.692 379.44 379.24 379.02 378.837 378.912 379.077 379.137 379.08 379.027 378.927 378.765 378.605 378.477 378.267 378.12 378.035 377.972
387.427 387.525 387.52 387.517 387.53 387.542 387.515 387.422 387.345 387.272 387.23 387.215 387.075 386.912 386.777 386.54 386.285 386.017 385.707 385.387 385.06 384.717 384.402 384.175 383.955 383.735 383.467 383.152 382.802 382.48 382.245 382.022 381.78 381.357 380.992 380.752 380.737 380.747 380.762 380.72 380.672 380.562 380.48 380.332 380.177 380.09 380.017 379.947 379.865 379.75 379.6 379.507 379.362 379.227 379.232 379.327 379.372 379.42 379.385 379.37 379.245 379.045 378.925 378.712 378.507 378.332 378.177 378.055
387.522 387.587 387.637 387.585 387.547 387.535 387.497 387.437 387.372 387.257 387.18 387.127 387.06 386.88 386.672 386.412 386.17 385.857 385.58 385.25 384.942 384.66 384.367 384.15 383.945 383.767 383.557 383.207 382.845 382.592 382.41 382.157 381.84 381.345 380.977 381.005 381.125 381.182 381.132 381.18 381.112 380.995 380.862 380.65 380.455 380.32 380.257 380.165 380.07 379.957 379.827 379.715 379.595 379.472 379.457 379.5 379.627 379.675 379.677 379.582 379.482 379.362 379.15 378.972 378.812 378.577 378.395 378.265
