20220701_namedtuples/mapdata/sd8679_DSM_2M.asc
ncols 500
nrows 500
xllcorner    386000
yllcorner    479000
cellsize     2
NODATA_value -9999
[rows 348 to 376 of 500, columns 402 to 468 of 500]
455.054 458.634 455.916 456.939 455.426 456.199 456.431 455.984 456.371 453.946 454.151 457.199 457.576 454.551 456.471 455.741 454.711 454.421 453.056 455.441 454.866 454.519 455.609 455.954 454.069 455.399 454.856 458.786 460.066 458.556 456.516 454.689 453.579 456.721 459.459 458.116 453.876 458.911 461.326 459.719 459.356 458.406 457.869 460.179 455.989 453.811 454.041 455.146 452.923 453.701 455.743 456.161 456.398 456.003 455.416 455.616 459.761 454.856 453.531 456.948 456.563 453.453 456.148 457.253 457.886 457.271 459.166
452.966 455.461 458.016 452.986 451.736 456.709 455.326 458.649 454.691 457.009 458.479 459.746 456.364 454.996 456.659 454.079 455.099 456.976 455.356 456.504 456.639 454.904 455.961 456.404 455.721 461.621 459.461 462.286 461.314 456.964 458.099 454.484 456.831 453.036 452.424 454.369 453.936 459.471 460.686 460.624 457.356 458.126 460.139 459.131 454.394 455.069 456.219 460.434 460.896 461.513 455.273 454.758 456.888 457.551 454.721 459.708 460.363 454.591 456.501 455.233 455.938 454.118 457.213 459.936 457.631 456.916 457.021
456.206 454.821 459.251 457.594 457.301 455.869 452.841 461.836 460.271 455.144 458.256 459.361 455.746 454.509 457.084 457.796 455.119 456.249 454.939 458.181 455.314 460.689 453.771 453.889 461.251 459.921 459.319 458.761 460.826 455.459 458.889 460.251 457.199 455.154 453.614 459.316 454.369 453.566 454.951 458.389 459.134 456.021 455.946 454.726 453.981 458.119 458.696 455.459 460.921 459.101 462.289 457.804 456.026 456.211 457.084 454.561 455.369 453.839 454.749 457.499 455.009 454.826 455.719 456.859 459.454 455.641 459.554
459.406 456.726 457.556 460.776 453.859 458.334 457.269 457.641 459.781 459.439 456.086 459.154 459.704 455.054 457.389 455.946 456.581 455.704 453.774 453.436 454.574 458.681 459.354 456.681 456.801 462.634 460.284 457.884 459.011 454.606 456.021 463.416 461.439 457.511 456.511 459.119 459.411 453.779 453.406 454.449 459.521 457.479 458.271 456.494 454.264 460.004 458.374 455.114 457.386 456.566 460.796 459.269 457.801 457.719 455.671 454.376 458.594 457.184 456.049 456.124 458.061 457.431 456.761 455.936 454.731 454.664 459.124
458.004 457.826 457.349 460.614 459.344 460.029 459.424 457.824 456.964 458.466 455.891 460.689 455.894 456.821 459.944 457.351 455.649 455.336 454.789 457.236 455.496 457.724 456.209 461.076 458.754 455.801 461.356 462.021 460.841 458.481 455.756 458.481 459.659 461.401 460.724 458.429 459.119 459.114 457.124 456.804 456.814 456.274 455.051 458.926 456.859 459.096 459.356 455.514 456.404 461.471 456.994 460.561 455.669 456.716 453.921 455.716 456.709 454.239 456.271 457.559 455.616 456.884 457.181 458.201 460.031 456.461 458.884
453.661 458.891 454.279 456.334 459.431 462.549 462.876 458.166 455.864 459.746 455.781 461.004 458.576 457.016 461.081 460.211 457.619 456.076 456.056 458.919 459.206 455.346 455.831 457.796 457.924 457.246 460.949 462.556 459.504 457.424 459.971 461.419 458.951 456.676 457.959 460.374 458.714 463.316 462.149 459.809 454.471 455.016 458.046 461.011 461.311 456.604 459.536 457.721 456.656 457.519 455.721 454.496 454.959 460.729 456.931 457.146 457.671 454.469 455.986 455.429 455.106 457.924 459.601 455.731 461.686 461.041 462.819
456.756 457.924 454.831 455.866 457.959 454.856 462.599 459.344 457.349 458.549 462.971 459.884 458.874 459.814 458.756 459.136 456.436 457.546 461.154 457.369 455.844 458.536 456.924 459.284 459.299 458.876 458.596 461.134 458.181 460.076 460.101 462.484 458.079 456.211 461.549 464.851 460.734 459.039 462.904 463.134 456.639 460.761 456.086 459.496 461.816 463.359 460.159 458.124 456.841 454.951 462.366 455.031 457.036 460.969 455.644 455.496 459.581 455.739 455.756 457.816 459.136 456.229 457.124 456.749 457.999 458.736 460.334
459.974 463.186 457.659 454.316 459.986 462.064 460.704 464.181 459.054 456.984 460.814 459.841 457.256 460.516 455.961 459.431 457.174 459.096 460.549 460.934 455.776 456.814 455.689 458.601 457.481 456.374 461.091 458.186 462.186 460.759 459.839 460.884 459.349 456.094 457.396 460.819 459.579 462.161 462.646 459.446 458.071 464.169 457.146 454.836 456.851 461.274 462.466 463.719 459.161 460.194 459.106 455.734 457.581 463.396 461.969 459.011 455.491 458.349 458.759 456.714 458.219 461.121 460.099 458.899 459.514 461.244 461.469
459.786 459.491 454.661 462.064 458.806 459.039 463.724 464.509 459.009 458.639 461.726 460.049 458.566 461.011 458.404 457.186 457.776 455.954 458.546 457.839 458.384 457.664 456.714 460.206 458.934 457.724 460.329 460.869 463.349 461.569 464.289 457.349 456.029 457.751 464.009 461.279 456.981 460.664 461.929 463.651 460.756 458.521 462.011 460.314 459.031 455.599 456.231 458.774 460.856 460.509 459.706 456.149 458.506 459.989 457.164 460.849 463.539 461.839 458.071 459.906 457.161 457.684 460.964 456.384 456.374 461.371 460.414
460.606 454.649 455.659 462.534 461.104 458.434 461.736 462.186 457.069 457.894 462.791 459.709 457.334 459.619 459.971 457.346 459.286 461.369 461.299 461.176 461.134 460.071 460.531 457.386 457.396 457.816 461.121 464.224 458.876 464.854 464.674 459.156 456.746 457.334 462.776 462.106 463.561 463.084 458.591 464.606 458.919 460.266 459.251 461.471 462.231 458.396 455.674 455.789 458.416 461.091 456.871 460.496 457.959 461.951 459.006 457.789 458.501 459.226 456.396 459.266 456.516 460.064 459.859 456.996 456.601 461.541 457.874
462.456 457.369 455.559 459.454 462.334 459.934 463.296 464.304 457.696 461.501 463.486 458.324 456.201 461.781 456.056 458.249 461.406 461.701 459.726 456.611 461.356 461.769 461.374 459.741 457.816 460.736 460.656 464.054 464.569 461.204 464.301 457.821 456.751 457.211 457.919 463.836 459.134 459.979 458.899 461.821 459.606 462.326 462.579 461.479 457.416 462.329 458.386 457.689 457.949 458.254 457.159 459.851 459.286 462.176 461.099 461.836 462.709 459.644 458.624 459.329 457.401 460.276 461.689 459.976 459.514 461.339 456.536
462.274 461.461 456.274 457.201 455.926 460.484 463.856 459.846 460.744 463.044 465.656 458.114 459.276 458.684 456.486 458.116 457.391 457.159 456.994 457.206 464.221 458.661 459.726 464.556 460.469 458.396 459.644 460.074 465.431 461.406 463.101 458.471 458.866 461.189 462.534 460.694 459.139 465.124 462.336 458.796 461.844 466.311 457.584 464.621 459.559 463.439 459.086 459.691 462.206 457.926 457.599 457.129 457.651 457.921 462.974 460.054 458.176 462.949 457.721 458.056 457.504 458.874 461.124 458.496 459.799 465.021 461.804
458.734 457.546 459.876 459.641 461.106 461.981 460.531 461.914 462.431 462.989 463.276 456.699 456.921 461.416 458.824 456.631 456.719 459.361 459.974 460.136 461.896 463.504 458.996 459.734 458.886 458.191 459.879 461.019 461.731 463.996 458.174 458.044 461.426 462.016 460.466 466.004 466.201 458.981 462.041 459.471 461.906 464.234 459.779 461.741 463.026 458.066 458.799 459.399 458.719 460.716 459.911 459.746 457.989 457.604 461.486 464.304 460.386 463.511 460.021 458.146 457.699 460.111 461.784 461.824 461.216 461.399 461.131
456.004 456.276 457.239 461.229 462.989 460.904 459.809 462.604 464.046 462.639 461.256 457.194 457.211 457.581 458.181 457.084 458.779 460.896 463.499 462.041 462.994 459.476 462.806 459.831 461.409 460.551 463.581 461.871 459.516 466.184 465.336 463.241 461.471 458.346 459.289 464.031 465.666 465.809 461.496 462.396 462.114 460.344 465.906 460.886 457.789 461.919 462.944 460.231 459.159 463.116 459.099 464.044 465.069 459.266 457.876 458.681 459.024 462.751 465.914 461.711 459.641 463.516 459.451 459.696 463.496 463.079 461.971
459.179 457.646 458.004 460.929 463.469 460.739 457.514 461.409 462.999 459.784 463.591 459.606 458.271 457.721 460.799 459.234 459.354 463.196 461.134 461.624 462.909 461.591 459.054 464.306 463.491 461.751 463.119 459.701 463.806 464.199 463.246 463.664 467.364 462.929 463.076 462.924 464.226 459.506 465.716 464.711 462.661 464.194 464.529 461.489 459.794 460.616 458.726 460.721 460.529 462.579 464.156 464.809 464.689 461.131 460.986 458.899 458.656 461.136 467.249 463.064 460.084 459.064 459.379 458.331 463.971 460.636 459.326
462.516 459.819 456.311 461.554 464.124 460.926 459.981 464.674 463.596 460.259 465.566 461.934 461.346 459.641 458.886 460.274 458.789 461.579 460.024 461.536 463.396 462.144 459.371 463.616 464.486 461.111 464.809 462.626 464.081 466.501 463.211 463.899 464.366 463.999 463.351 463.406 462.801 464.291 462.611 466.969 461.739 466.909 465.199 462.921 461.079 462.364 459.799 458.791 461.754 467.521 463.026 460.039 461.759 461.369 463.384 462.451 459.379 463.264 467.556 463.259 461.114 461.984 461.019 460.741 464.489 459.031 458.054
462.539 463.144 462.739 457.904 458.094 457.479 462.406 463.516 459.049 459.489 465.164 462.739 465.899 462.681 463.049 460.794 462.996 460.969 459.559 458.659 460.319 460.741 460.794 463.334 462.494 462.276 464.116 464.391 462.409 463.761 461.761 461.411 462.134 466.786 464.444 464.599 461.729 465.259 466.549 461.209 465.424 462.291 461.251 463.846 461.004 461.451 463.519 463.309 462.891 463.729 464.186 461.544 464.944 466.744 462.246 467.399 463.034 459.791 465.451 464.196 459.779 463.854 465.104 464.294 464.574 464.931 462.571
459.749 461.914 464.341 460.781 458.886 457.634 458.306 458.769 458.351 458.636 462.969 467.026 463.584 464.584 461.399 461.906 463.404 463.076 462.876 460.394 461.131 466.079 460.916 461.101 460.674 464.211 462.234 462.361 464.061 466.386 467.266 464.824 465.356 463.729 463.806 461.759 462.186 467.541 463.069 464.586 461.416 465.991 460.884 461.989 466.249 459.579 459.746 461.814 466.549 462.881 464.004 463.359 465.779 464.291 462.226 462.344 461.881 460.691 464.586 465.906 462.031 466.159 462.836 462.809 465.886 464.601 461.586
464.641 462.369 463.444 463.844 461.736 465.721 457.539 458.226 458.756 462.226 460.249 464.544 461.251 464.789 462.064 463.471 461.869 462.394 461.391 463.754 461.594 464.884 461.266 462.466 460.476 461.849 461.609 461.796 464.144 464.944 467.379 465.934 463.799 463.151 465.031 461.586 465.934 466.214 466.899 463.729 463.759 464.804 463.764 463.951 465.261 461.914 462.169 464.794 466.409 463.939 463.219 466.304 465.389 466.036 466.961 461.606 463.719 465.249 462.236 461.186 461.521 464.481 462.831 465.459 465.294 460.781 460.754
460.884 462.926 466.104 461.901 465.086 466.221 460.336 460.961 458.536 461.224 463.194 463.534 461.914 463.571 467.066 461.484 465.094 463.756 462.169 460.854 461.154 465.496 460.629 461.466 460.534 462.689 461.954 461.554 464.939 463.609 465.946 461.354 465.276 464.594 467.706 465.274 464.309 465.514 464.124 464.141 463.419 465.374 462.194 462.456 461.516 465.444 465.559 467.829 464.999 462.964 462.561 466.804 461.441 463.429 467.676 465.661 462.576 466.736 462.736 460.491 463.926 463.041 463.121 466.776 462.979 460.306 460.426
462.046 464.254 462.351 465.771 463.204 464.044 467.054 465.649 461.541 466.489 464.284 460.059 460.116 462.624 463.116 464.889 464.204 466.151 465.306 461.936 461.226 461.031 461.889 461.839 461.599 461.559 461.896 463.719 463.829 463.011 461.576 462.496 463.304 465.091 464.514 467.486 463.269 466.849 465.976 463.049 466.244 465.109 462.591 466.666 466.851 465.139 468.011 466.974 466.211 463.249 463.171 462.961 464.374 466.364 467.814 463.044 464.491 461.976 464.899 460.496 463.711 467.541 463.981 466.501 466.064 461.256 464.949
462.389 466.906 460.121 466.431 465.529 462.566 467.229 461.689 465.509 465.026 464.971 460.381 461.236 462.284 467.176 465.211 464.606 461.801 461.504 465.121 462.829 463.281 465.709 462.519 464.146 463.499 461.571 463.739 463.536 463.876 464.306 467.389 463.629 467.701 464.384 466.514 468.421 464.241 464.771 461.754 465.826 465.674 463.409 464.681 463.844 463.206 467.356 468.781 465.769 465.374 464.479 465.824 464.406 465.706 462.661 465.881 466.221 463.039 464.719 461.726 461.549 465.749 468.444 464.016 465.344 460.134 462.591
465.431 465.906 461.409 467.191 467.789 459.919 465.441 466.561 465.251 465.301 467.394 463.889 460.646 462.484 462.864 464.761 467.939 463.361 461.286 461.754 464.691 464.664 468.254 464.326 469.269 465.724 464.321 464.074 465.364 466.666 463.574 466.529 462.851 466.836 469.926 469.196 467.506 467.306 465.359 465.939 465.366 465.906 462.021 465.851 464.536 463.974 468.924 462.709 463.914 465.446 465.116 466.481 465.441 463.486 463.439 464.241 463.549 464.751 463.224 466.449 462.891 461.731 465.211 466.541 464.141 461.554 462.516
466.749 465.809 464.204 463.736 466.881 462.064 464.931 468.359 465.561 467.389 467.031 470.146 463.894 460.749 462.101 465.684 465.674 464.484 463.536 462.671 466.749 465.981 466.866 465.276 466.764 466.571 464.921 466.356 464.421 467.214 465.951 469.114 463.449 463.731 468.626 468.511 468.434 465.659 466.429 466.314 461.136 465.446 466.694 466.094 466.111 462.839 469.809 464.674 464.436 466.434 466.921 467.336 466.869 464.046 463.336 466.361 463.281 462.536 465.611 467.576 467.856 461.519 465.056 468.579 462.796 463.279 461.584
464.616 468.466 469.086 466.146 467.599 466.194 468.146 467.239 464.346 464.804 465.504 466.496 465.884 463.226 462.911 462.526 462.634 464.286 466.564 464.801 465.574 463.856 463.911 463.126 462.831 462.486 462.554 462.604 462.449 466.254 468.639 467.086 462.446 461.879 463.659 464.981 465.721 466.486 464.834 464.826 461.531 463.306 466.859 464.549 467.106 467.029 468.864 464.666 466.866 467.619 463.706 465.781 464.319 464.974 463.251 467.684 462.909 464.609 466.384 466.141 468.366 462.586 462.769 464.189 463.659 465.069 466.749
460.726 469.341 468.544 465.094 468.549 465.316 464.386 469.204 464.934 463.834 464.244 468.016 467.324 468.536 465.594 462.316 462.239 463.789 464.949 467.666 466.451 463.086 462.446 462.439 462.516 462.664 462.701 462.756 462.681 463.071 463.184 462.569 461.706 461.831 462.521 466.229 467.726 467.356 466.621 466.074 465.601 466.929 467.281 467.994 467.129 465.271 468.264 466.776 465.356 467.834 466.069 467.966 466.571 465.546 465.351 466.934 465.731 465.641 469.974 465.066 463.854 464.186 461.599 465.776 462.649 464.681 464.849
465.411 465.931 471.271 470.334 464.836 465.786 468.619 468.324 467.021 465.689 470.429 470.366 467.771 470.729 468.479 464.551 462.249 462.729 463.304 465.106 466.154 463.229 462.816 462.839 463.006 462.996 463.011 463.049 463.016 462.919 463.331 462.509 462.121 462.059 462.601 464.634 468.829 464.894 465.846 470.261 466.509 471.196 464.209 468.981 468.339 467.496 465.184 468.719 467.366 465.261 465.899 469.131 465.716 468.954 468.381 466.724 464.566 464.361 467.514 465.671 465.596 465.036 465.379 462.611 462.674 462.854 463.839
467.146 463.466 466.259 467.001 466.086 467.601 469.984 463.106 465.126 465.176 467.151 469.899 467.809 467.529 470.484 465.146 466.256 462.844 462.976 464.231 464.884 463.114 463.176 463.234 463.339 463.386 463.326 463.334 463.311 463.131 463.066 463.499 464.914 462.369 462.401 463.319 466.781 468.539 469.146 471.369 469.546 468.629 467.601 467.691 467.066 469.686 467.571 464.361 471.014 465.999 465.411 466.066 465.259 468.949 468.124 464.861 466.156 465.346 466.281 467.534 468.621 466.311 462.929 462.439 462.481 463.124 465.596
469.856 466.359 469.184 465.356 466.381 469.219 470.581 465.971 468.399 466.901 469.746 469.331 470.596 471.321 468.084 466.651 466.111 465.539 463.216 464.959 467.466 463.791 463.619 463.824 463.871 463.911 463.856 463.701 463.591 463.461 463.369 464.371 468.824 463.979 462.811 462.776 463.274 464.959 469.256 471.719 471.039 467.224 470.716 471.761 466.709 470.824 469.609 470.054 469.046 466.306 467.031 468.229 465.344 469.349 468.616 466.154 469.714 466.666 464.141 468.574 469.869 466.989 462.894 463.616 464.464 462.779 463.609
