20220701_namedtuples/mapdata/sd8678_DSM_2M.asc
ncols 500
nrows 500
xllcorner    386000
yllcorner    478000
cellsize     2
NODATA_value -9999
[rows 352 to 383 of 500, columns 219 to 291 of 500]
460.222 460.342 460.54 460.505 460.377 460.415 459.96 459.992 460.465 461.17 461.705 462.337 462.825 463.07 463.407 463.69 463.802 463.972 464.005 464.075 464.212 464.225 464.107 463.932 463.805 463.557 463.215 462.835 462.097 461.387 461.775 462.01 461.98 461.975 462.112 462.152 462.037 461.967 461.872 461.735 461.552 461.392 461.342 461.385 461.402 461.257 461.282 461.15 460.97 460.83 460.662 460.45 460.51 460.86 460.927 461.032 461.545 461.857 462.237 462.422 462.307 462.38 462.965 463.327 463.747 463.842 464.512 464.922 465.507 466.04 466.195 466.222 466.15
459.462 459.522 459.632 459.425 459.237 459.872 459.62 459.992 460.24 460.525 461.005 461.55 462.075 462.45 462.777 463.06 463.11 463.297 463.252 463.325 463.362 463.472 463.562 463.432 463.287 463.095 462.822 462.547 462.07 461.157 461.07 461.515 461.587 461.92 462 461.965 461.837 461.692 461.595 461.455 461.31 461.15 461.115 461.107 461.047 460.967 461.002 461.025 460.592 460.28 460.137 459.9 459.982 460.192 460.127 460.28 460.617 460.835 461.095 461.157 461.395 461.537 462.04 462.535 462.642 462.917 463.595 464.395 465.01 465.405 465.57 465.662 465.522
458.502 458.532 458.555 458.317 458.417 458.845 459.085 459.407 459.837 460.192 460.682 461.062 461.445 461.797 462.122 462.5 462.515 462.362 462.265 462.312 462.42 462.597 462.757 462.735 462.757 462.74 462.602 462.315 461.985 461.055 460.647 460.815 461.387 461.7 461.74 461.675 461.542 461.45 461.357 461.192 461.085 460.98 460.912 460.875 460.84 460.765 460.712 460.547 460.11 459.705 459.48 459.477 459.332 459.46 459.435 459.61 459.885 459.995 460.172 460.222 460.51 460.587 460.815 461.417 461.802 462.132 462.725 463.595 464.225 464.677 464.895 464.942 464.752
457.445 457.385 457.085 457.375 458.16 458.26 458.645 459.027 459.36 459.675 460.085 460.61 460.917 461.207 461.492 461.78 461.757 461.662 461.447 461.155 461.322 461.557 461.82 461.822 461.937 462.04 462.127 462.027 461.902 461.247 460.497 460.412 460.955 461.247 461.33 461.295 461.162 461.117 461.052 460.875 460.777 460.65 460.585 460.57 460.557 460.56 460.322 460 459.645 459.292 458.855 458.845 458.737 458.705 458.85 458.932 459.012 459.06 459.26 459.325 459.56 459.615 459.755 460.52 461.002 461.547 461.962 462.675 463.22 463.672 463.982 463.997 464.15
456.892 456.505 456.347 456.492 457.162 457.49 458.177 458.65 458.905 459.107 459.487 459.995 460.432 460.737 460.845 460.917 460.57 460.525 460.487 460.325 460.39 460.625 460.955 460.975 461.115 461.287 461.36 461.362 461.41 461.202 460.372 459.772 460.05 460.495 460.737 460.782 460.705 460.605 460.595 460.49 460.347 460.26 460.22 460.245 460.175 460.072 459.84 459.53 459.085 458.747 458.472 458.417 458.33 458.245 458.382 458.287 458.172 458.022 458.172 458.442 458.792 458.972 459.177 459.797 460.3 460.78 461.287 461.79 462.062 462.472 462.665 462.692 463.067
456.157 455.8 455.77 455.862 456.665 456.557 457.157 457.415 457.765 458.1 458.58 459.267 459.707 460.177 460.222 460.207 460.26 460.297 460.185 459.955 459.757 459.8 460.237 460.335 460.212 460.225 460.297 460.552 460.715 460.705 460.165 459.167 459.097 459.587 459.897 460.077 460.057 460.035 459.972 459.902 459.7 459.685 459.732 459.767 459.677 459.48 459.272 459.022 458.63 458.257 457.98 458.02 458.067 457.947 457.842 457.77 457.507 457.385 457.5 457.827 458.187 458.165 458.445 459.022 459.425 459.952 460.407 460.98 461.24 461.36 461.502 461.717 462.202
455.257 455.082 455.16 455.257 455.7 455.555 455.827 456.23 456.672 457.102 457.42 458.367 458.96 459.402 459.662 459.647 459.675 459.922 459.75 459.617 459.317 458.975 459.112 459.327 459.342 459.3 459.302 459.57 459.85 459.89 459.845 459.327 458.31 458.67 459.077 459.295 459.395 459.267 459.275 459.155 458.85 458.93 459.052 459.067 459.017 458.89 458.755 458.607 458.34 457.892 457.555 457.392 457.395 457.437 457.532 457.405 457.132 456.952 457.102 457.31 457.462 457.472 457.725 458.137 458.542 459.165 459.53 459.892 460.357 460.49 460.567 460.915 461.402
454.27 454.355 454.597 454.847 455.075 454.935 454.98 455.152 455.472 455.815 455.897 456.44 457.36 458.232 458.5 458.715 458.98 459.172 459.15 459.242 459.13 458.667 458.245 458.405 458.692 458.64 458.677 458.725 458.84 459.087 459.14 459.012 457.93 457.475 458.105 458.472 458.737 458.705 458.565 458.345 457.945 458.28 458.337 458.417 458.437 458.397 458.267 458.147 457.852 457.412 457.127 456.882 456.572 456.797 457.052 456.977 456.7 456.577 456.615 456.767 456.877 456.972 457.022 457.287 457.76 458.3 458.715 458.99 459.197 459.482 459.45 460.262 460.97
453.505 453.66 453.86 454.247 454.772 454.427 454.397 454.395 454.602 454.875 455.04 455.345 455.932 456.585 457.155 457.522 457.892 458.102 458.182 458.282 458.285 458.16 457.785 457.66 457.88 457.962 458.01 458.007 458.027 458.235 458.42 458.31 457.44 456.75 457.095 457.827 458.152 458.102 457.95 457.587 457.315 457.567 457.685 457.745 457.865 457.802 457.687 457.587 457.28 456.882 456.465 456.232 455.83 455.972 456.382 456.47 456.127 456.28 456.267 456.27 456.465 456.49 456.485 456.627 457.155 457.455 457.91 458.165 458.14 458.305 458.577 459.212 460.12
452.87 453.04 453.047 453.297 453.92 453.69 453.802 453.827 453.902 454.1 454.322 454.542 454.915 455.367 456.042 456.525 456.817 456.85 456.962 457.145 457.125 456.83 456.817 456.86 456.84 456.835 457.05 457.102 457.077 457.267 457.477 457.25 456.655 455.782 456.54 457.175 457.397 457.255 457.147 456.852 456.755 456.97 457.08 457.06 457.205 457.2 457.052 456.867 456.6 456.295 455.805 455.22 455.197 455.387 455.605 455.69 455.422 455.877 455.91 455.742 455.535 455.67 455.887 456.002 456.577 456.77 457.11 457.307 457.257 457.575 457.837 458.25 458.68
452.152 452.28 452.35 452.415 452.62 452.457 452.677 452.812 452.907 453.305 453.625 453.902 454.145 454.447 454.827 455.442 455.66 455.597 455.697 455.825 455.905 455.905 455.917 456.117 455.997 455.94 455.992 456.097 456.192 456.317 456.452 456.012 455.357 455.022 455.937 456.312 456.405 456.487 456.387 455.972 456.027 456.23 456.275 456.527 456.72 456.705 456.537 456.262 455.91 455.495 454.91 454.48 454.765 454.915 454.907 454.917 454.69 455.26 455.365 455.167 454.63 454.892 455.182 455.53 456.092 456.21 456.417 456.54 456.412 456.78 456.997 457.312 457.74
451.657 451.612 451.517 451.612 451.735 451.322 451.477 451.432 451.48 452.167 452.782 453.117 453.277 453.412 453.635 454.055 454.465 454.572 454.675 454.63 454.855 455.002 454.945 455.032 455.082 455.145 455.177 455.2 455.045 455.2 455.315 454.922 454.16 454.415 455.095 455.29 455.405 455.327 454.94 454.687 454.967 455.197 455.367 455.645 455.985 456.017 455.847 455.492 455.04 454.602 453.935 454.085 454.487 454.64 454.66 454.505 454.2 454.585 454.715 454.552 454.022 454.335 454.592 454.975 455.552 455.795 455.837 455.735 455.56 455.792 456.072 456.385 456.707
451.022 450.91 450.847 450.83 450.76 450.407 450.482 450.587 450.582 450.862 451.617 451.812 452.082 452.12 452.265 452.587 452.967 453.25 453.072 453.082 453.567 453.692 453.68 453.877 454.03 454.07 454.177 454.275 454.197 453.925 454.005 453.72 453.13 453.265 453.79 454.107 454.117 453.87 453.527 453.457 453.932 453.992 454.115 454.49 454.86 454.915 454.722 454.332 454 453.62 453.09 453.582 454.012 454.145 454.25 454.095 453.78 454.1 454.117 454.167 453.617 453.63 454.107 454.505 454.907 455.25 455.28 455.232 454.845 455.057 455.49 455.662 455.785
450.55 450.6 450.597 450.66 450.58 450.017 449.975 449.907 449.935 449.85 449.885 450.41 450.87 450.985 451.06 451.08 451.222 451.572 451.652 451.677 451.8 451.93 452.155 452.425 452.525 452.625 452.74 452.822 452.707 452.497 452.53 452.592 452.547 452.372 452.452 452.575 452.41 452.42 452.515 452.52 452.6 452.75 452.995 453.32 453.547 453.635 453.515 453.34 453.31 452.945 452.667 453.05 453.32 453.357 453.477 453.392 453.057 453.415 453.297 453.427 453.117 453.002 453.35 453.822 454.15 454.445 454.602 454.43 454.105 454.41 454.685 454.797 454.917
450.245 450.282 450.4 450.425 450.242 449.995 449.887 449.792 449.812 449.705 449.67 449.63 449.742 450.03 450.127 450.122 450.042 450.182 450.505 450.732 450.755 451.007 451.257 451.435 451.597 451.775 451.81 451.745 451.677 451.755 451.89 452.092 452.127 451.952 451.825 451.697 451.575 451.515 451.717 451.887 451.965 452.065 452.33 452.615 452.715 452.557 452.535 452.54 452.807 452.66 452.477 452.482 452.57 452.562 452.6 452.532 452.242 452.5 452.3 452.487 452.457 452.435 452.695 452.995 453.23 453.537 453.747 453.63 453.4 453.71 453.997 454.095 454.11
449.935 450.127 450.172 450.715 450.165 450.01 449.897 449.862 449.757 449.655 449.605 449.585 449.615 449.63 449.622 449.675 449.7 449.767 449.982 450.18 450.412 450.66 450.857 451.032 451.24 451.252 451.35 451.332 451.242 451.27 451.417 451.577 451.55 451.537 451.152 451.232 451.117 451.122 451.217 451.32 451.402 451.41 451.51 451.767 451.92 451.795 451.852 451.89 452.122 452.262 452.06 451.87 451.877 451.89 451.757 451.582 451.28 451.272 451.15 451.322 451.482 451.485 451.882 452.21 452.307 452.61 452.855 452.722 452.475 452.965 453.357 453.395 453.397
449.562 449.852 450.07 450.655 450.075 450.085 449.987 449.855 449.755 449.632 449.617 449.532 449.472 449.492 449.505 449.505 449.515 449.615 449.755 449.992 450.202 450.485 450.652 450.817 450.952 450.975 450.94 450.83 450.822 450.862 451.055 451.067 451.005 451.032 451.062 450.272 450.622 450.635 450.602 450.67 450.747 450.867 450.767 450.582 450.642 450.837 451.165 451.217 451.482 451.852 451.712 451.317 451.322 451.265 451.065 450.847 450.677 450.545 450.537 450.67 450.855 450.975 451.235 451.595 451.687 451.745 451.977 451.882 451.64 452.255 452.597 452.632 452.632
449.207 449.542 449.825 450.247 450.085 450.117 450.03 449.895 449.807 449.66 449.572 449.48 449.427 449.442 449.422 449.38 449.392 449.475 449.62 449.792 449.965 450.162 450.482 450.692 450.74 450.72 450.622 450.512 450.43 450.482 450.657 450.68 450.61 450.575 450.637 450.292 449.67 449.947 450.057 450.03 450.087 450.11 450.012 449.865 449.757 449.917 450.17 450.52 450.927 451.265 451.162 450.807 450.895 450.837 450.602 450.5 450.357 450.3 450.385 450.505 450.585 450.59 450.667 451.047 451.115 450.99 451.102 451.17 451.167 451.507 451.68 451.765 451.797
448.872 449.282 449.912 449.997 449.902 449.935 449.915 449.795 449.76 449.6 449.425 449.347 449.345 449.397 449.355 449.282 449.277 449.32 449.425 449.53 449.677 449.827 450.047 450.325 450.51 450.445 450.227 450.127 450.065 450.137 450.29 450.312 450.26 450.21 450.245 450.19 449.65 449.022 449.382 449.555 449.502 449.447 449.412 449.312 449.267 449.217 449.417 449.865 450.335 450.457 450.44 450.455 450.612 450.505 450.38 450.24 450.047 450.022 450.082 450.137 450.24 450.157 450.112 450.372 450.502 450.37 450.38 450.472 450.582 450.81 450.845 450.905 450.862
448.59 448.95 449.54 449.517 449.502 449.547 449.61 449.632 449.55 449.39 449.272 449.2 449.265 449.282 449.24 449.09 449.062 449.172 449.162 449.275 449.445 449.495 449.61 449.715 449.822 449.807 449.652 449.555 449.68 449.812 449.955 449.977 449.93 449.88 449.847 449.832 449.59 449.117 448.717 448.982 449.022 449.055 449.02 448.972 448.932 448.81 448.832 449.122 449.615 449.765 449.987 450.092 450.192 450.127 450.04 449.815 449.695 449.707 449.827 449.832 449.8 449.705 449.635 449.71 449.865 449.797 449.78 449.76 449.827 450.037 450.01 450.05 450.022
448.26 448.495 449.19 449 449.08 449.195 449.267 449.302 449.185 449.045 448.952 449.007 449.112 449.145 449.045 448.887 448.832 449.015 448.845 448.932 449.027 449.115 449.227 449.252 449.307 449.327 449.19 449.222 449.4 449.552 449.647 449.657 449.587 449.512 449.422 449.345 449.22 449.102 448.697 448.472 448.51 448.557 448.53 448.482 448.402 448.375 448.385 448.645 449.145 449.472 449.545 449.702 449.79 449.692 449.547 449.412 449.3 449.427 449.47 449.46 449.362 449.132 449.062 449.135 449.07 449.147 449.12 449.04 449.03 449.26 449.252 449.22 449.297
447.8 447.915 448.565 448.262 448.387 448.615 448.815 448.795 448.802 448.74 448.565 448.692 448.79 448.77 448.685 448.567 448.497 448.707 448.78 448.67 448.717 448.795 448.8 448.815 448.82 448.875 448.855 448.932 449.092 449.195 449.287 449.262 449.18 449.087 449.025 448.905 448.745 448.58 448.397 448.162 448.12 448.017 447.972 447.95 447.892 447.91 447.927 448.155 448.462 448.672 448.737 449.202 449.347 449.252 449.175 449.03 448.912 449.072 449.045 449.062 448.947 448.74 448.51 448.565 448.5 448.44 448.505 448.395 448.327 448.525 448.605 448.652 448.76
447.07 447.302 447.812 447.56 447.71 447.842 447.97 448.092 448.165 448.042 448.012 448.17 448.265 448.272 448.207 448.137 448.125 448.185 448.22 448.247 448.285 448.362 448.405 448.385 448.372 448.472 448.52 448.585 448.692 448.792 448.83 448.832 448.755 448.557 448.407 448.272 448.205 447.932 447.757 447.682 447.577 447.5 447.502 447.505 447.53 447.597 447.655 447.67 447.827 447.967 448.407 448.665 448.672 448.682 448.615 448.587 448.435 448.43 448.55 448.607 448.507 448.235 448.007 448.027 448.077 447.777 447.912 447.86 447.927 448.007 448.15 448.225 448.262
446.437 446.607 447.062 446.722 446.887 447.075 447.192 447.395 447.452 447.345 447.315 447.4 447.515 447.565 447.542 447.497 447.485 447.47 447.387 447.392 447.55 447.735 447.795 447.747 447.695 447.875 448.055 448.192 448.25 448.285 448.287 448.227 448.132 447.947 447.852 447.717 447.547 447.317 447.077 447.057 447.12 447.007 446.912 446.99 447.087 447.16 447.305 447.292 447.302 447.625 447.91 448.025 447.98 447.992 448.01 448.06 448.05 447.82 447.962 448.172 448.075 447.832 447.535 447.415 447.512 447.545 447.525 447.462 447.367 447.535 447.785 447.81 447.732
445.987 446.172 446.255 446.162 446.302 446.49 446.587 446.645 446.592 446.55 446.57 446.587 446.575 446.625 446.697 446.762 446.732 446.722 446.637 446.52 446.542 446.695 446.85 446.88 447 447.24 447.51 447.725 447.745 447.712 447.692 447.585 447.547 447.437 447.315 447.137 446.922 446.757 446.582 446.562 446.492 446.46 446.4 446.372 446.6 446.692 446.82 446.71 446.655 447.1 447.28 447.337 447.335 447.33 447.337 447.442 447.415 447.267 447.352 447.592 447.567 447.417 447.16 447.062 447.07 447.125 447.052 446.932 446.782 446.865 447.137 447.292 447.237
445.517 445.68 445.825 445.592 445.74 445.822 445.952 445.982 445.977 445.985 446 445.965 445.997 446.04 446.085 446.035 445.975 445.88 445.862 445.827 445.807 445.837 445.875 446.027 446.32 446.705 447.037 447.125 447.12 447.082 447.01 447.02 446.972 446.83 446.665 446.472 446.347 446.242 446.172 446.062 445.947 445.975 445.93 445.83 446.035 446.18 446.22 446.062 446.012 446.385 446.5 446.572 446.597 446.59 446.71 446.712 446.717 446.702 446.767 447.062 447.19 447.12 446.857 446.682 446.652 446.657 446.547 446.367 446.435 446.295 446.37 446.685 446.73
445.082 445.457 445.18 445.135 445.242 445.32 445.412 445.44 445.447 445.505 445.587 445.522 445.462 445.532 445.565 445.56 445.495 445.39 445.325 445.26 445.217 445.245 445.305 445.487 445.735 446.09 446.39 446.447 446.412 446.375 446.317 446.365 446.337 446.267 446.052 445.907 445.87 445.765 445.685 445.75 445.56 445.432 445.387 445.445 445.392 445.575 445.692 445.385 445.362 445.605 445.782 445.932 445.952 445.98 446.115 446.245 446.322 446.36 446.33 446.6 446.745 446.792 446.655 446.275 446.06 446.087 446.062 445.78 445.832 445.86 446.065 446.09 446.087
444.592 444.822 444.74 444.745 444.787 444.82 444.847 444.822 444.875 444.92 445.005 444.985 444.93 444.95 445.012 445.06 445.037 444.975 444.915 444.855 444.702 444.815 445.037 445.122 445.29 445.515 445.747 445.732 445.637 445.555 445.567 445.552 445.585 445.547 445.427 445.41 445.365 445.33 445.252 445.142 445.065 444.905 444.807 444.882 444.84 444.957 445.1 444.91 444.657 444.937 445.097 445.365 445.487 445.575 445.73 445.86 445.937 445.932 445.945 446.162 446.225 446.232 446.087 445.767 445.412 445.325 445.407 445.16 445.225 445.45 445.537 445.582 445.6
444.037 444.422 444.157 444.202 444.255 444.237 444.255 444.242 444.212 444.257 444.345 444.377 444.39 444.352 444.42 444.445 444.55 444.515 444.477 444.4 444.202 444.24 444.46 444.71 444.857 445.07 445.207 445.14 445.002 444.875 444.812 444.747 444.767 444.84 444.842 444.86 444.88 444.85 444.65 444.64 444.58 444.432 444.39 444.392 444.382 444.147 444.345 444.412 444.115 444.445 444.587 444.787 444.95 444.947 445.082 445.187 445.245 445.2 445.27 445.452 445.527 445.53 445.347 444.985 444.657 444.555 444.69 444.597 444.655 444.96 445.17 445.04 445.02
443.46 443.84 443.5 443.46 443.585 443.53 443.585 443.52 443.497 443.557 443.662 443.712 443.655 443.68 443.72 443.765 443.835 443.815 443.85 443.807 443.62 443.547 443.812 444.045 444.26 444.517 444.565 444.497 444.365 444.23 444.02 443.915 443.93 444.025 444.155 444.2 444.25 444.23 443.85 443.902 443.952 443.972 444.01 444.02 443.977 443.682 443.595 443.89 443.63 443.782 444.102 444.23 444.272 444.307 444.452 444.555 444.665 444.632 444.587 444.63 444.5 444.415 444.375 444.187 444 443.95 443.997 444.065 444.227 444.515 444.502 444.43 444.332
442.862 442.98 442.665 442.702 442.707 442.745 442.74 442.655 442.65 442.747 442.9 442.937 442.935 442.895 442.88 442.83 442.787 442.925 443.005 443.01 442.842 442.847 443.04 443.302 443.595 443.81 443.872 443.795 443.695 443.555 443.407 443.405 443.387 443.307 443.347 443.352 443.322 443.262 443.025 442.927 443.205 443.347 443.475 443.54 443.442 443.225 442.892 443.047 442.97 442.87 443.147 443.305 443.515 443.7 443.92 444.037 444.12 444.062 443.93 443.832 443.622 443.452 443.417 443.402 443.352 443.44 443.475 443.552 443.692 444.017 444.037 443.96 443.692
442.39 442.575 442.052 441.917 441.927 441.945 441.947 441.827 441.792 441.887 441.987 442.055 442.045 442.057 442.027 441.992 441.942 442.015 442.105 442.137 441.945 442.025 442.215 442.505 442.86 442.995 443.095 443.042 443.007 442.87 442.785 442.82 442.79 442.675 442.612 442.465 442.312 442.155 442.017 442.162 442.412 442.65 442.72 442.772 442.715 442.647 442.402 442.092 442.207 442.117 442.277 442.455 442.637 442.932 443.207 443.37 443.365 443.262 443.107 442.96 442.73 442.577 442.515 442.575 442.615 442.712 442.767 442.91 443.057 443.39 443.352 443.33 443.14
