20220701_namedtuples/mapdata/sd8677_DSM_2M.asc
ncols 500
nrows 500
xllcorner    386000
yllcorner    477000
cellsize     2
NODATA_value -9999
[rows 261 to 289 of 500, columns 402 to 468 of 500]
351.838 351.493 351.148 350.846 350.596 350.343 350.073 349.778 349.471 349.096 348.796 348.461 348.151 347.863 347.593 347.268 346.958 346.616 346.341 346.018 345.701 345.343 344.998 344.631 344.173 343.741 343.368 343.078 342.766 342.373 342.033 341.701 341.368 341.008 340.628 340.278 339.916 339.536 339.116 338.661 338.236 337.776 337.328 336.896 336.518 336.171 335.853 335.436 335.036 334.673 334.241 333.738 333.328 332.941 332.596 332.411 332.293 332.078 331.451 331.301 331.326 331.333 331.368 331.053 330.536 330.408 330.651
351.931 351.531 351.248 350.993 350.696 350.466 350.223 349.941 349.633 349.278 348.881 348.583 348.256 347.993 347.726 347.423 347.071 346.741 346.386 346.066 345.733 345.378 345.033 344.628 344.203 343.791 343.366 343.008 342.703 342.393 342.056 341.733 341.361 341.023 340.693 340.356 340.053 339.701 339.321 338.876 338.381 337.921 337.461 337.038 336.683 336.363 336.046 335.656 335.181 334.776 334.326 333.858 333.383 332.936 332.581 332.388 332.083 331.768 331.426 331.196 331.266 331.266 331.301 331.188 330.491 330.031 330.043
352.216 351.608 351.361 351.108 350.863 350.608 350.351 350.093 349.808 349.461 349.031 348.681 348.413 348.126 347.853 347.513 347.158 346.821 346.448 346.086 345.736 345.388 345.026 344.696 344.318 343.896 343.458 343.116 342.793 342.436 342.098 341.786 341.458 341.131 340.786 340.456 340.166 339.843 339.523 339.053 338.531 338.026 337.608 337.256 336.948 336.648 336.273 335.823 335.291 334.798 334.328 333.908 333.481 333.078 332.623 332.393 332.271 332.476 331.341 331.111 331.011 331.038 331.123 331.158 330.513 329.788 329.993
352.193 351.778 351.473 351.226 351.011 350.748 350.493 350.216 349.953 349.593 349.203 348.838 348.558 348.268 347.938 347.613 347.241 346.883 346.491 346.138 345.776 345.446 345.093 344.741 344.383 343.993 343.628 343.266 342.928 342.591 342.236 341.881 341.553 341.196 340.831 340.551 340.221 339.911 339.573 339.121 338.623 338.161 337.818 337.551 337.266 336.876 336.426 335.936 335.418 334.908 334.466 333.998 333.548 333.161 332.678 332.351 332.263 332.376 331.478 331.133 330.921 330.921 330.916 331.108 330.603 329.941 329.708
352.116 352.193 351.623 351.316 351.111 350.873 350.578 350.286 350.001 349.626 349.281 348.958 348.671 348.391 348.041 347.683 347.291 346.926 346.546 346.201 345.833 345.456 345.088 344.771 344.391 344.058 343.673 343.356 343.031 342.683 342.341 341.973 341.631 341.216 340.868 340.523 340.216 339.896 339.556 339.128 338.691 338.298 338.043 337.783 337.528 337.138 336.586 336.088 335.548 335.111 334.613 334.088 333.618 333.188 332.763 332.381 332.186 332.496 331.611 331.236 331.073 330.863 330.818 330.876 330.416 329.931 329.813
352.073 352.206 351.681 351.356 351.116 350.898 350.616 350.316 349.996 349.663 349.356 349.068 348.751 348.461 348.111 347.753 347.383 347.026 346.623 346.248 345.851 345.483 345.148 344.818 344.468 344.113 343.753 343.433 343.096 342.741 342.333 341.976 341.641 341.218 340.828 340.511 340.218 339.891 339.478 339.126 338.813 338.501 338.203 337.978 337.698 337.318 336.816 336.313 335.788 335.288 334.743 334.188 333.698 333.211 332.783 332.391 332.181 332.081 331.876 331.273 331.106 330.881 330.671 330.618 330.258 329.893 329.768
352.136 351.958 351.863 351.326 351.056 350.876 350.623 350.353 350.076 349.726 349.448 349.181 348.856 348.541 348.186 347.833 347.451 347.058 346.658 346.293 345.938 345.611 345.248 344.903 344.578 344.216 343.843 343.508 343.148 342.763 342.341 341.966 341.533 341.131 340.758 340.488 340.226 339.916 339.561 339.203 338.936 338.618 338.301 338.008 337.696 337.323 336.861 336.471 336.026 335.488 334.973 334.303 333.743 333.261 332.843 332.476 332.191 332.063 332.326 331.251 331.033 330.846 330.533 330.431 330.158 329.993 329.761
352.163 351.851 352.108 351.343 351.026 350.856 350.628 350.408 350.121 349.811 349.538 349.271 348.958 348.598 348.256 347.863 347.486 347.126 346.761 346.393 346.053 345.716 345.373 345.041 344.716 344.353 343.966 343.598 343.231 342.801 342.381 341.951 341.486 341.056 340.688 340.406 340.158 339.921 339.603 339.281 338.961 338.573 338.261 337.861 337.451 337.073 336.706 336.378 336.036 335.608 335.078 334.411 333.818 333.308 332.956 332.633 332.233 332.126 331.853 331.186 330.971 330.753 330.493 330.283 330.131 329.978 329.703
352.193 351.748 351.476 351.378 350.903 350.826 350.633 350.376 350.106 349.831 349.613 349.288 348.933 348.633 348.321 347.961 347.636 347.313 346.943 346.571 346.211 345.883 345.501 345.158 344.826 344.468 344.071 343.681 343.301 342.856 342.406 341.866 341.393 340.921 340.556 340.251 340.041 339.791 339.558 339.263 338.901 338.496 338.051 337.571 337.151 336.843 336.528 336.286 335.973 335.626 335.096 334.428 333.883 333.436 333.101 332.726 332.378 332.033 332.193 331.198 330.903 330.738 330.501 330.261 330.073 329.766 329.393
352.176 351.656 351.208 350.926 350.876 350.771 350.566 350.338 350.086 349.851 349.641 349.323 349.058 348.763 348.493 348.176 347.841 347.478 347.118 346.726 346.371 345.998 345.608 345.243 344.901 344.543 344.158 343.721 343.301 342.841 342.318 341.753 341.193 340.708 340.308 340.006 339.816 339.653 339.443 339.131 338.738 338.301 337.811 337.301 336.923 336.636 336.363 336.168 335.906 335.593 335.061 334.433 333.918 333.533 333.208 332.796 332.386 331.958 332.031 331.876 330.936 330.716 330.481 330.251 329.921 329.563 329.288
352.111 351.491 351.151 350.966 351.296 350.801 351.431 351.398 350.086 349.906 349.721 349.453 349.206 348.931 348.628 348.343 347.958 347.606 347.243 346.851 346.471 346.058 345.683 345.303 344.923 344.551 344.126 343.673 343.228 342.758 342.196 341.513 340.913 340.393 339.996 339.683 339.466 339.358 339.161 338.831 338.473 338.041 337.546 337.103 336.726 336.438 336.173 335.951 335.766 335.441 334.918 334.373 333.938 333.651 333.308 332.821 332.411 332.013 331.786 331.856 331.151 330.711 330.538 330.386 330.088 329.766 329.358
351.981 351.411 351.083 350.971 350.971 351.903 355.313 354.836 351.086 349.946 349.771 349.548 349.298 349.001 348.701 348.366 347.986 347.621 347.266 346.853 346.471 346.071 345.716 345.333 344.933 344.533 344.048 343.586 343.081 342.556 341.943 341.173 340.543 339.991 339.641 339.351 339.103 338.963 338.783 338.558 338.216 337.701 337.263 336.891 336.576 336.311 336.093 335.766 335.548 335.281 334.783 334.311 333.946 333.643 333.221 332.813 332.431 332.076 331.678 331.623 331.596 330.586 330.498 330.293 330.066 329.881 329.888
351.891 351.318 351.058 350.941 351.293 354.341 355.601 355.511 354.251 351.026 349.743 349.538 349.311 349.028 348.708 348.366 347.986 347.591 347.223 346.806 346.393 346.011 345.666 345.276 344.848 344.448 343.926 343.371 342.823 342.148 341.446 340.663 340.106 339.708 339.451 339.183 338.868 338.608 338.358 338.193 337.846 337.408 337.166 336.858 336.603 336.321 336.013 335.656 335.386 335.088 334.643 334.246 333.803 333.503 333.076 332.703 332.298 332.006 331.631 331.588 331.883 330.978 330.563 330.743 330.366 330.393 330.178
351.913 351.316 351.028 351.288 353.196 354.431 355.086 355.628 355.481 354.528 350.178 349.438 349.246 348.981 348.663 348.283 347.911 347.501 347.096 346.653 346.241 345.861 345.501 345.141 344.721 344.298 343.776 343.078 342.408 341.681 340.963 340.353 339.868 339.601 339.438 339.211 338.856 338.548 338.251 337.981 337.713 337.423 337.148 336.971 336.668 336.366 335.983 335.601 335.333 334.966 334.531 334.208 333.956 333.613 333.193 332.903 332.623 332.146 331.711 331.381 331.286 331.408 330.751 330.376 330.118 330.061 329.971
351.868 351.311 351.096 351.308 350.818 353.058 352.896 354.946 355.661 355.386 353.658 349.373 349.163 348.896 348.553 348.191 347.773 347.346 346.863 346.426 345.971 345.561 345.191 344.831 344.443 343.946 343.248 342.568 341.946 341.323 340.748 340.218 339.808 339.506 339.301 339.098 338.666 338.506 338.343 338.068 337.721 337.671 337.111 336.836 336.663 336.426 335.961 335.561 335.233 334.823 334.453 334.328 334.166 333.728 333.496 333.078 332.856 332.426 331.881 331.311 331.046 331.141 330.778 330.138 330.058 330.006 329.996
351.733 351.306 350.956 350.951 350.626 350.463 350.431 352.408 355.183 354.828 351.253 349.293 349.088 348.823 348.446 348.081 347.656 347.103 346.573 346.023 345.586 345.111 344.578 344.123 343.738 343.191 342.553 342.076 341.611 341.238 340.671 340.253 339.836 339.756 339.423 339.101 338.788 338.583 338.273 337.961 337.701 337.413 337.066 336.828 336.493 336.201 335.863 335.443 334.998 334.718 334.661 334.511 334.211 334.051 333.861 333.221 332.941 332.678 332.111 331.263 330.911 330.871 331.003 330.011 329.971 329.933 329.948
351.801 351.393 350.973 350.688 350.548 350.431 350.303 350.388 352.816 350.533 349.456 349.233 348.993 348.723 348.258 347.888 347.398 346.823 346.278 345.691 345.126 344.561 344.011 343.606 343.153 342.728 342.293 342.051 341.786 341.488 340.953 340.561 340.353 340.273 339.956 339.593 339.163 338.781 338.451 338.146 337.831 337.498 337.093 336.783 336.461 336.226 335.903 335.483 335.196 335.018 334.838 334.648 334.493 334.408 334.043 333.111 332.883 332.658 332.206 331.128 330.761 330.741 330.828 329.908 329.776 329.773 329.873
352.073 351.626 351.176 350.828 350.866 350.483 350.228 350.058 349.893 349.716 349.418 349.168 348.858 348.516 348.028 347.551 347.033 346.523 346.051 345.541 344.991 344.441 344.011 343.733 343.308 342.911 342.413 342.038 342.061 341.833 341.561 341.231 340.966 340.641 340.326 339.941 339.566 339.156 338.811 338.488 338.196 337.811 337.421 337.053 336.666 336.278 335.866 335.486 335.251 335.093 334.933 334.813 334.761 334.643 334.073 333.211 332.938 332.696 332.291 331.086 330.693 330.636 330.938 329.783 329.653 329.631 329.713
352.366 352.011 351.526 351.063 350.893 350.828 350.196 350.056 349.958 350.216 349.286 349.026 348.616 348.171 347.721 347.261 346.761 346.311 345.886 345.468 345.088 344.706 344.523 344.316 343.906 343.543 343.151 342.648 342.601 342.593 342.298 341.928 341.583 341.233 340.858 340.511 340.161 339.756 339.363 339.036 338.713 338.421 338.103 337.691 337.148 336.656 336.213 335.728 335.406 335.213 335.116 335.108 335.061 334.866 334.326 333.476 333.006 332.778 332.973 331.913 330.738 330.753 331.208 329.926 329.626 329.561 329.536
352.476 352.143 351.661 351.206 350.873 350.861 350.168 349.983 349.886 349.953 349.066 348.698 348.341 347.896 347.461 347.068 346.673 346.291 345.963 345.723 345.453 345.301 345.091 344.831 344.526 344.396 344.138 343.628 343.501 343.498 343.076 342.641 342.246 341.856 341.476 341.126 340.831 340.378 339.951 339.646 339.316 339.018 338.653 338.221 337.643 337.088 336.553 336.163 335.861 335.823 335.693 335.586 335.636 335.471 334.831 334.401 333.746 333.428 333.188 332.433 331.218 330.596 330.421 329.753 329.611 329.521 329.421
352.546 352.151 351.673 351.296 350.851 350.613 350.343 349.936 349.823 350.211 348.856 348.473 348.113 347.761 347.426 347.113 346.836 346.613 346.393 346.186 346.048 345.898 345.641 345.313 345.176 345.068 344.791 344.451 344.188 343.931 343.451 343.031 342.828 342.563 342.326 341.883 341.638 341.371 341.053 340.723 340.243 339.996 339.706 339.028 338.731 337.816 337.583 337.243 336.743 336.163 335.681 335.601 335.236 334.898 334.298 333.581 333.206 332.836 332.216 331.476 330.873 330.581 330.406 329.861 329.568 329.518 329.358
352.593 352.128 351.718 351.298 350.843 350.566 350.763 349.938 349.801 349.816 348.806 348.381 348.111 347.841 347.641 347.708 347.808 347.521 347.451 347.561 347.111 347.026 346.668 346.441 346.271 346.021 345.458 345.108 344.721 344.786 344.203 343.861 343.213 343.121 342.603 342.368 341.908 341.456 341.028 340.526 340.031 339.696 339.188 338.836 338.341 337.803 337.273 336.756 336.231 335.813 335.531 335.318 335.088 334.766 334.171 333.571 333.263 332.871 332.223 331.516 330.981 330.616 330.506 330.523 329.701 329.433 329.336
352.836 352.503 352.036 351.611 351.061 350.943 350.796 350.266 350.101 350.318 349.413 349.276 349.046 348.691 348.426 348.191 347.988 347.903 347.793 347.593 347.368 347.106 346.801 346.323 345.951 345.546 345.188 344.831 344.446 344.096 343.713 343.313 342.993 342.673 342.338 342.001 341.731 341.433 341.041 340.568 340.123 339.716 339.318 338.966 338.523 338.056 337.531 337.078 336.481 335.948 335.536 335.251 334.996 334.653 334.121 333.653 333.338 332.996 332.301 331.641 331.076 330.603 330.381 330.981 329.863 329.431 329.331
352.666 352.263 351.733 351.331 350.981 350.536 350.303 350.163 349.988 349.943 349.446 348.956 348.796 348.693 348.616 348.593 348.596 348.493 348.293 347.986 347.703 347.301 346.923 346.503 346.101 345.703 345.323 344.953 344.546 344.171 343.798 343.398 343.041 342.721 342.393 342.071 341.806 341.528 341.106 340.628 340.181 339.833 339.438 339.056 338.633 338.186 337.713 337.263 336.696 336.161 335.606 335.281 335.008 334.713 334.278 333.791 333.406 333.081 332.583 331.843 331.103 330.583 330.281 330.181 329.828 329.473 329.356
352.511 351.978 351.551 351.148 350.773 350.506 350.338 350.331 350.253 350.053 350.036 349.476 349.436 349.358 349.278 349.148 349.011 348.821 348.598 348.301 347.946 347.563 347.171 346.728 346.296 345.893 345.458 345.073 344.653 344.246 343.853 343.471 343.123 342.751 342.386 342.098 341.848 341.541 341.128 340.646 340.221 339.888 339.511 339.156 338.736 338.303 337.806 337.368 336.926 336.348 335.748 335.386 335.116 334.828 334.428 333.931 333.451 333.093 332.781 332.128 331.188 330.628 330.291 330.138 329.896 329.566 329.356
352.473 351.926 351.481 351.106 350.813 350.671 350.538 350.498 350.456 350.383 350.683 350.051 349.973 349.858 349.681 349.523 349.283 349.061 348.788 348.483 348.153 347.761 347.373 346.941 346.461 346.028 345.571 345.148 344.711 344.261 343.866 343.508 343.171 342.781 342.426 342.096 341.856 341.553 341.091 340.656 340.268 339.933 339.578 339.186 338.836 338.388 337.878 337.411 337.036 336.498 335.938 335.541 335.258 334.938 334.591 334.158 333.558 333.128 332.843 332.471 331.138 330.718 330.318 330.171 329.971 329.651 329.373
352.388 351.883 351.396 351.006 350.801 350.776 350.701 350.688 350.646 350.571 350.806 350.446 350.188 350.068 349.946 349.741 349.441 349.203 348.923 348.626 348.303 347.923 347.506 347.061 346.621 346.153 345.676 345.256 344.786 344.321 343.896 343.546 343.203 342.821 342.416 342.086 341.836 341.546 341.158 340.663 340.321 339.978 339.641 339.296 338.918 338.503 337.968 337.466 337.066 336.613 336.108 335.726 335.391 335.036 334.673 334.308 333.706 333.176 332.871 332.511 331.336 330.771 330.396 330.181 330.016 329.746 329.461
352.261 351.796 351.358 351.033 350.986 351.011 351.046 351.003 350.901 350.776 350.813 350.923 350.351 350.233 350.083 349.806 349.553 349.268 349.001 348.703 348.343 347.968 347.533 347.111 346.643 346.213 345.793 345.361 344.863 344.363 343.928 343.576 343.201 342.798 342.431 342.116 341.808 341.523 341.146 340.698 340.328 340.018 339.676 339.331 338.983 338.583 338.063 337.548 337.131 336.741 336.326 335.888 335.416 334.971 334.561 334.113 333.661 333.188 332.891 332.423 331.533 330.993 330.486 330.216 330.043 329.783 329.548
352.201 351.743 351.363 351.493 351.591 351.518 351.421 351.353 351.236 351.043 350.848 351.108 350.548 350.336 350.141 349.881 349.648 349.356 349.053 348.706 348.366 347.988 347.591 347.123 346.701 346.311 345.873 345.403 344.926 344.483 344.043 343.623 343.223 342.828 342.471 342.171 341.838 341.458 341.098 340.703 340.361 340.076 339.741 339.411 339.071 338.648 338.203 337.691 337.231 336.876 336.511 336.028 335.496 334.956 334.356 333.991 333.561 333.138 332.863 332.481 331.883 331.231 330.646 330.271 329.988 329.843 329.646
