20220701_namedtuples/mapdata/sd8677_DSM_2M.asc
ncols 500
nrows 500
xllcorner    386000
yllcorner    477000
cellsize     2
NODATA_value -9999
[rows 29 to 57 of 500, columns 268 to 334 of 500]
361.822 361.892 361.875 361.837 361.782 361.785 361.762 361.697 361.59 361.57 361.56 361.602 361.955 362.207 362.287 362.392 362.467 362.52 362.545 362.59 362.645 362.82 362.95 363.357 363.65 363.857 364.072 364.122 364.042 363.91 363.79 363.735 363.855 364.882 365.92 366.345 366.53 367.067 367.915 368.497 368.88 369.13 369.175 369.02 368.845 368.807 368.595 368.285 367.952 367.67 367.437 367.305 367.155 366.76 366.177 365.752 365.895 366.25 366.802 367.635 368.127 368.197 367.96 367.73 367.722 367.807 368.145
361.422 361.367 361.407 361.447 361.367 361.302 361.275 361.247 361.155 361.137 361.177 361.13 361.307 361.515 361.66 361.745 361.745 361.922 362.08 362.217 362.217 362.322 362.392 362.717 363.02 363.26 363.402 363.465 363.4 363.307 363.165 363.085 363.185 364.197 365.14 365.387 365.652 366.375 367.217 367.837 368.282 368.512 368.547 368.39 368.2 368.2 368.27 368.28 367.867 367.295 366.815 366.59 366.525 366.22 365.642 365.157 365.222 365.627 366.397 367.272 367.902 367.93 367.652 367.455 367.452 367.555 367.842
361.122 361.027 361.115 361.105 361.095 360.975 360.97 361.162 360.952 360.892 360.912 360.815 360.865 361.04 361.13 361.202 361.245 361.497 361.755 361.837 361.75 361.83 361.852 362.155 362.4 362.665 362.817 362.845 362.832 362.775 362.562 362.415 362.572 363.567 364.347 364.562 364.93 365.767 366.615 367.142 367.562 367.83 367.835 367.677 367.535 367.555 367.66 367.75 367.767 367.61 367.11 366.475 365.987 365.74 365.247 364.572 364.405 364.79 365.777 366.727 367.405 367.672 367.552 367.32 367.242 367.385 367.632
360.767 360.68 360.712 360.857 360.772 360.797 360.54 360.652 360.69 360.77 360.637 360.76 360.69 360.695 360.8 360.802 360.907 361.21 361.367 361.337 361.13 361.34 361.267 361.56 361.727 362.07 362.292 362.305 362.222 362.075 361.887 361.775 362.097 363.055 363.74 363.842 364.25 365.125 365.87 366.3 366.645 367.027 367.007 366.837 366.767 366.8 366.995 367.225 367.547 367.76 367.78 367.13 366.075 365.37 364.887 364.167 363.655 363.792 365.05 366.415 367.265 367.53 367.562 367.375 367.485 367.532 367.74
360.117 360.102 359.95 360.172 360.14 360.205 360.072 360.022 360.205 360.415 360.51 360.55 360.405 360.46 360.552 360.505 360.622 360.792 360.857 360.785 360.725 360.83 360.682 360.877 361.182 361.46 361.697 361.727 361.662 361.427 361.337 361.297 361.752 362.577 363.067 363.175 363.522 364.305 364.932 365.37 365.837 366.15 366.162 366.025 365.98 366.095 366.332 366.712 367.23 367.635 367.617 367.252 366.4 365.235 364.63 364.23 363.857 364.255 365.465 366.51 367.2 367.505 367.595 367.577 367.595 367.732 367.9
359.352 359.57 359.517 359.452 359.452 359.63 359.747 359.605 359.647 359.675 359.95 359.887 360.072 360.172 360.272 360.275 360.35 360.417 360.395 360.257 360.275 360.407 360.305 360.287 360.607 360.902 361.045 361.142 361.1 360.982 361.03 361.237 361.532 362.117 362.425 362.637 362.997 363.58 364.065 364.52 364.95 365.235 365.302 365.267 365.397 365.607 365.895 366.362 366.93 367.367 367.382 367.007 366.34 365.145 364.44 364.53 364.842 365.417 366.245 366.865 367.162 367.472 367.57 367.602 367.707 367.83 367.992
358.775 358.837 358.847 358.895 358.882 358.942 358.937 359.057 359.165 359.172 359.292 359.35 359.502 359.65 359.867 360.002 360.087 360.127 360.035 359.747 359.785 359.995 359.982 359.9 360.252 360.345 360.435 360.512 360.512 360.582 360.79 361.1 361.212 361.697 361.975 362.017 362.272 362.797 363.187 363.612 364.105 364.445 364.592 364.742 364.945 365.302 365.645 366.147 366.66 366.967 366.945 366.712 366.277 365.16 364.242 364.61 365.4 366.035 366.56 366.792 367.05 367.28 367.387 367.54 367.615 367.742 367.867
358.827 358.795 358.787 358.822 358.73 358.757 358.697 358.632 358.582 358.54 358.59 358.785 358.97 358.985 359.197 359.42 359.642 359.737 359.732 359.532 359.552 359.572 359.572 359.575 359.735 359.765 359.92 359.915 360.022 360.197 360.402 360.725 360.947 361.21 361.41 361.542 361.735 362.035 362.437 362.88 363.315 363.742 363.997 364.215 364.55 365.02 365.51 366.067 366.457 366.555 366.427 366.372 366.247 365.11 363.892 364.252 365.442 366.055 366.405 366.522 366.815 367.012 367.127 367.292 367.46 367.565 367.61
359.335 359.437 359.495 359.44 359.125 359.102 359.012 358.847 358.675 358.6 358.475 358.485 358.562 358.557 358.74 358.872 358.96 359.285 359.54 359.517 359.39 359.185 359.407 359.347 359.365 359.415 359.49 359.495 359.59 359.727 359.942 360.237 360.475 360.68 360.907 361.057 361.235 361.387 361.725 362.22 362.672 363.04 363.392 363.735 364.177 364.66 365.282 365.737 365.912 365.942 365.79 365.745 365.665 364.802 363.552 363.737 364.915 365.632 365.915 366.11 366.41 366.565 366.722 366.977 367.2 367.297 367.34
360.08 359.92 359.945 359.907 359.922 359.727 359.567 359.377 359.172 358.805 358.43 358.257 358.165 358.187 358.4 358.492 358.157 358.772 359.067 359.097 358.81 358.842 359.02 359.097 359.157 359.147 359.127 359.072 359.135 359.332 359.545 359.752 359.857 360.115 360.32 360.49 360.645 360.85 361.09 361.502 361.987 362.335 362.757 363.28 363.632 364.062 364.695 365.072 365.25 365.282 365.152 364.93 364.83 364.262 363.19 363.167 364.215 364.967 365.305 365.627 365.96 366.102 366.275 366.577 366.85 366.98 366.967
360.922 361.027 360.962 360.707 360.53 360.165 359.792 359.742 359.63 359.39 358.947 358.532 358.052 357.822 357.66 357.467 357.56 358.047 358.2 358.185 358.22 358.51 358.735 358.787 358.835 358.912 358.85 358.772 358.797 358.882 359.08 359.287 359.322 359.475 359.795 359.932 360.01 360.217 360.485 360.862 361.312 361.762 362.205 362.662 362.97 363.385 363.972 364.382 364.48 364.537 364.482 364.202 364.035 363.67 362.737 362.6 363.54 364.347 364.767 365.205 365.597 365.7 365.89 366.11 366.347 366.502 366.58
362.192 362.25 362.155 361.987 361.787 361.412 361.052 360.397 359.917 359.67 359.657 359.465 358.91 358.07 357.475 357.372 357.407 357.422 357.407 357.505 357.672 358.11 358.33 358.34 358.452 358.47 358.522 358.525 358.447 358.572 358.712 358.84 358.902 358.91 358.992 359.162 359.395 359.627 359.955 360.287 360.675 361.142 361.645 362.015 362.27 362.65 363.205 363.59 363.75 363.74 363.617 363.565 363.335 362.96 362.237 362.052 362.957 363.742 364.217 364.722 365.11 365.245 365.43 365.62 365.825 365.997 366.142
363.547 363.572 363.622 363.44 363.07 362.662 362.1 361.492 361.015 360.745 360.595 360.17 359.697 358.957 358.31 357.717 357.33 357.012 356.987 356.93 357.057 357.425 357.667 357.812 357.915 357.877 357.927 358.12 358.127 358.185 358.352 358.432 358.515 358.53 358.457 358.547 358.72 358.99 359.33 359.682 360.017 360.425 360.91 361.387 361.692 361.91 362.307 362.582 362.76 362.815 362.777 362.732 362.67 362.467 361.912 361.47 362.142 363.027 363.565 363.967 364.43 364.63 364.852 365.107 365.255 365.477 365.665
364.985 365.05 364.962 364.857 364.497 364.13 363.45 362.722 362.187 361.892 361.657 361.057 360.137 359.572 359.46 359.15 358.547 357.915 357.47 356.95 356.892 356.96 356.95 357.082 357.205 357.24 357.137 357.382 357.657 357.757 357.757 357.815 357.98 358.1 358.037 358.027 358.167 358.41 358.73 359.082 359.442 359.772 360.182 360.672 360.962 361.092 361.31 361.632 361.867 361.897 361.96 361.87 361.812 361.767 361.53 360.985 361.21 362.052 362.665 363.092 363.335 363.66 363.912 364.38 364.665 364.905 365.097
366.35 366.402 366.265 366.122 365.847 365.47 364.84 363.997 363.317 362.8 362.462 361.675 361.06 360.465 360.132 359.89 359.307 358.762 358.53 357.867 357.332 357.055 357.035 356.865 356.745 356.877 356.607 356.822 357.082 357.295 357.12 357.267 357.47 357.602 357.62 357.64 357.717 357.932 358.22 358.542 358.84 359.08 359.402 359.875 360.257 360.37 360.37 360.562 360.905 361.147 361.18 361.042 360.97 360.992 361.035 360.612 360.342 360.825 361.602 362.15 362.362 362.535 362.935 363.33 363.812 364.05 364.21
367.85 367.88 367.717 367.607 367.317 366.825 366.115 365.21 364.545 363.765 363.497 362.707 362.082 361.592 361.322 360.687 360.007 359.42 358.855 358.632 358.237 357.975 357.347 356.895 356.632 356.487 356.207 356.195 356.475 356.672 356.732 356.825 356.947 357.135 357.297 357.38 357.42 357.555 357.835 358.07 358.232 358.427 358.605 358.787 359.2 359.497 359.577 359.695 359.92 360.16 360.257 360.195 360.087 360.182 360.407 360.302 359.905 359.94 360.505 360.9 361.232 361.355 361.717 362.185 362.632 362.912 363.167
369.332 369.342 369.197 368.937 368.655 368.205 367.497 366.607 365.455 364.697 364.107 363.657 363.29 362.825 362.39 361.457 360.705 360.082 359.517 359.057 358.785 358.727 358.46 357.955 357.465 356.657 356.142 356.08 356.07 356.097 356.112 356.29 356.365 356.672 356.93 357.13 357.207 357.247 357.345 357.517 357.675 357.83 357.97 358.167 358.255 358.512 358.83 358.947 359.015 359.17 359.322 359.295 359.337 359.45 359.655 359.785 359.555 359.297 359.41 359.715 360.06 360.385 360.607 360.932 361.347 361.612 362.04
370.535 370.562 370.4 370.157 369.805 369.277 368.6 367.827 366.417 365.515 364.84 364.372 364.165 363.817 363.255 362.347 361.462 360.762 360.14 359.635 359.315 359.182 358.942 358.552 358.29 357.677 356.977 356.522 356.212 356.13 356.08 355.95 355.955 356.152 356.442 356.687 356.79 356.915 356.917 357.037 357.142 357.282 357.247 357.322 357.565 357.69 357.847 358.03 358.05 358.21 358.455 358.505 358.577 358.672 358.797 358.925 358.927 358.757 358.68 358.705 358.99 359.387 359.575 359.8 360.117 360.335 360.827
371.605 371.567 371.422 371.135 370.742 370.142 369.445 368.385 367.115 366.37 365.652 365.2 364.92 364.76 364.127 363.11 362.195 361.415 360.795 360.185 359.932 359.715 359.382 359.015 358.502 358.185 357.872 357.622 357.157 356.852 356.482 356.102 355.93 355.72 355.755 355.992 356.325 356.385 356.49 356.662 356.675 356.735 356.707 356.645 356.745 357.02 357.225 357.147 357.1 357.365 357.575 357.742 357.805 357.865 357.96 357.97 357.952 358.05 358.122 358.085 358.162 358.402 358.65 358.797 359.105 359.225 359.415
372.595 372.495 372.222 371.942 371.48 370.952 370.075 368.68 367.917 367.13 366.545 366.19 365.92 365.62 364.817 363.81 362.922 362.092 361.307 360.735 360.43 360.185 359.757 359.147 358.82 358.645 358.48 358.055 357.55 357.22 357.272 356.927 356.825 356.517 355.527 355.222 355.562 355.737 355.977 356.127 356.177 356.277 356.195 356.085 356.042 356.395 356.422 356.412 356.457 356.62 356.752 356.885 357.035 357.107 357.055 357.03 357.027 357.097 357.422 357.565 357.465 357.565 357.702 357.877 358.077 358.157 358.277
373.377 373.182 372.932 372.612 372.235 371.645 370.575 369.502 368.77 368.185 367.472 366.935 366.87 366.29 365.4 364.475 363.542 362.722 361.817 361.227 360.945 360.68 360.012 359.595 359.35 359.042 358.835 358.487 358.14 357.785 357.73 357.625 357.292 357.01 356.562 355.86 354.905 354.652 354.585 354.902 355.08 355.425 355.43 355.56 355.702 355.752 355.772 355.842 355.945 356.03 356.072 356.152 356.255 356.302 356.272 356.162 356.242 356.377 356.652 356.962 356.98 356.892 356.87 356.947 357.125 357.205 357.207
374.02 373.843 373.62 373.328 372.923 372.393 371.523 370.373 369.63 368.873 368.303 368.028 367.715 366.878 365.93 364.915 364.013 363.113 362.29 361.733 361.388 361.053 360.605 360.11 359.718 359.388 359.155 358.84 358.575 358.308 358.183 358.028 357.783 357.42 357.003 356.838 356.6 355.475 354.555 354.53 354.593 354.843 355.165 355.468 355.575 355.49 355.378 355.46 355.523 355.595 355.605 355.678 355.715 355.765 355.725 355.695 355.705 355.828 356.02 356.28 356.443 356.34 356.173 356.148 356.275 356.348 356.41
374.568 374.39 374.233 373.948 373.605 373.15 372.333 371.363 370.573 370.228 369.708 369.1 368.245 367.46 366.518 365.41 364.4 363.493 362.735 362.128 361.865 361.638 361.24 360.73 360.213 359.815 359.46 359.123 358.873 358.67 358.485 358.245 357.918 357.623 357.333 357.1 356.928 356.675 355.69 354.57 354.465 354.478 354.798 355.038 355.263 355.338 355.265 355.185 355.165 355.16 355.238 355.365 355.503 355.535 355.48 355.418 355.425 355.47 355.598 355.748 355.89 355.843 355.66 355.53 355.43 355.525 355.603
375.083 374.9 374.753 374.555 374.228 373.82 373.265 372.715 372.035 371.41 370.688 369.738 368.725 367.885 366.923 365.785 364.705 363.858 363.04 362.565 362.543 362.313 361.835 361.31 360.828 360.368 359.92 359.503 359.173 358.928 358.67 358.398 358.11 357.783 357.543 357.303 357.063 356.825 356.58 355.98 354.795 354.585 354.578 354.568 354.72 354.853 355.068 354.995 354.963 354.935 355.023 355.123 355.24 355.38 355.303 355.255 355.203 355.208 355.305 355.49 355.42 355.373 355.265 355.088 355.03 355.053 355.185
375.538 375.578 375.338 374.995 374.783 374.41 373.963 373.46 372.87 372.145 371.248 370.298 369.17 368.235 367.188 366.033 365.125 364.335 363.348 363.385 363.34 362.91 362.415 361.913 361.37 360.89 360.393 359.935 359.543 359.268 358.955 358.668 358.37 357.98 357.683 357.435 357.185 356.923 356.72 356.348 355.978 355.7 354.965 354.66 354.508 354.458 354.455 354.468 354.538 354.62 354.765 354.91 354.913 354.955 355.068 355.025 355.033 355.035 355.12 355.14 355.065 355.005 354.948 354.903 354.898 354.895 354.99
375.98 375.76 375.618 375.518 375.308 374.998 374.568 374.048 373.435 372.595 371.698 370.63 369.535 368.533 367.373 366.325 365.393 364.303 364.015 364.39 363.953 363.425 362.89 362.398 361.88 361.47 361.055 360.598 360.125 359.79 359.393 359.143 358.76 358.305 358.015 357.728 357.39 357.045 356.768 356.44 356.02 355.665 355.523 355.583 355.125 354.628 354.485 354.293 354.278 354.21 354.205 354.368 354.615 354.72 354.74 354.805 354.863 354.958 354.95 354.915 354.868 354.778 354.7 354.713 354.763 354.808 354.835
376.505 376.315 376.183 375.995 375.763 375.475 375.045 374.49 373.773 372.84 371.963 370.958 369.873 368.758 367.603 366.42 365.445 365.023 365.263 365.113 364.488 363.895 363.363 362.84 362.435 362.145 361.815 361.285 360.87 360.423 360.018 359.518 359.115 358.738 358.425 358.138 357.83 357.468 357.065 356.708 356.38 356.035 355.798 355.59 355.415 355.298 355.245 354.53 354.253 354.238 354.115 354 354.038 354.123 354.345 354.483 354.61 354.653 354.713 354.768 354.645 354.593 354.538 354.585 354.633 354.635 354.653
377.01 376.833 376.64 376.515 376.15 375.838 375.385 374.718 373.89 373.068 372.183 371.155 370.153 368.985 367.708 366.46 366.13 366.343 366.293 365.75 365.108 364.493 363.94 363.475 363.083 362.84 362.543 362.075 361.675 361.238 360.748 360.243 359.8 359.37 359.038 358.73 358.383 357.993 357.548 357.158 356.83 356.478 356.208 355.945 355.733 355.613 355.373 355.268 355.045 354.66 354.36 354.205 354.075 353.985 353.903 353.978 354.1 354.33 354.408 354.27 354.195 354.188 354.225 354.278 354.293 354.35 354.323
377.425 377.245 377.008 376.813 376.453 376.028 375.503 374.833 373.983 373.143 372.28 371.37 370.38 369.13 367.81 367.3 367.49 367.725 367.223 366.483 365.808 365.203 364.638 364.175 363.79 363.498 363.185 362.87 362.408 361.9 361.465 361.01 360.575 360.165 359.78 359.355 358.928 358.543 358.13 357.78 357.483 357.135 356.683 356.308 356.118 356.003 355.908 355.945 355.615 355.643 355.2 354.875 354.553 354.133 354.04 353.885 353.708 353.743 353.773 353.765 353.713 353.778 353.893 353.975 354.145 354.173 354.15
