20220701_namedtuples/mapdata/sd8677_DSM_2M.asc
ncols 500
nrows 500
xllcorner    386000
yllcorner    477000
cellsize     2
NODATA_value -9999
[rows 464 to 492 of 500, columns 335 to 401 of 500]
381.767 381.409 381.044 380.592 380.237 379.894 379.584 379.214 378.929 378.682 378.454 378.177 378.034 377.777 377.534 377.302 377.032 376.794 376.547 376.329 376.239 376.524 375.832 375.554 375.352 374.919 374.612 374.317 373.952 373.609 373.294 372.989 372.724 372.444 372.207 372.039 371.817 371.637 371.417 371.207 371.037 370.834 370.659 370.469 370.217 369.999 369.719 369.472 369.214 368.894 368.604 368.472 368.099 367.727 367.487 367.209 366.979 366.734 366.444 366.172 365.849 365.462 365.007 364.669 364.299 363.977 363.659
381.687 381.302 380.887 380.522 380.162 379.812 379.434 379.112 378.817 378.562 378.327 378.127 377.927 377.682 377.432 377.224 376.984 376.732 376.567 376.377 376.317 376.579 375.819 375.549 375.182 374.787 374.537 374.202 373.839 373.479 373.167 372.867 372.609 372.364 372.164 371.952 371.734 371.559 371.357 371.159 370.952 370.784 370.619 370.404 370.232 369.929 369.622 369.389 369.142 368.824 368.602 368.519 368.072 367.669 367.412 367.162 366.949 366.692 366.384 366.112 365.799 365.407 364.977 364.622 364.224 363.869 363.554
381.524 381.189 380.812 380.439 380.044 379.634 379.284 378.979 378.737 378.472 378.277 378.087 377.867 377.594 377.377 377.172 376.939 376.684 376.519 376.349 376.414 376.059 375.697 375.369 375.007 374.737 374.422 374.079 373.769 373.407 373.082 372.774 372.524 372.314 372.117 371.882 371.702 371.497 371.307 371.104 370.932 370.757 370.569 370.359 370.152 369.857 369.557 369.314 369.047 368.774 368.702 368.434 367.904 367.624 367.374 367.169 366.934 366.644 366.324 366.054 365.737 365.307 364.889 364.507 364.119 363.754 363.469
381.392 380.999 380.634 380.284 379.827 379.442 379.097 378.784 378.594 378.344 378.224 378.074 377.867 377.567 377.342 377.137 376.877 376.647 376.499 376.342 376.419 376.012 375.542 375.174 374.864 374.639 374.287 373.927 373.587 373.312 372.999 372.727 372.454 372.284 372.084 371.897 371.689 371.477 371.279 371.099 370.887 370.662 370.467 370.282 370.034 369.754 369.477 369.224 368.959 368.744 368.589 368.372 367.874 367.582 367.319 367.147 366.882 366.564 366.287 366.027 365.624 365.189 364.799 364.424 364.019 363.677 363.387
381.312 380.854 380.459 380.012 379.492 379.207 378.869 378.602 378.422 378.254 378.084 378.002 377.787 377.527 377.249 377.039 376.774 376.544 376.454 376.249 376.297 375.767 375.317 375.032 374.774 374.489 374.127 373.757 373.452 373.189 372.884 372.624 372.444 372.257 372.037 371.834 371.634 371.442 371.239 371.059 370.854 370.602 370.364 370.177 369.909 369.642 369.387 369.072 368.849 368.642 368.512 368.287 367.797 367.562 367.342 367.094 366.797 366.487 366.219 365.952 365.539 365.114 364.704 364.314 363.922 363.587 363.227
381.182 380.794 380.377 379.829 379.309 378.962 378.604 378.387 378.202 377.972 377.694 377.467 377.367 377.292 377.054 376.852 376.664 376.514 376.389 376.174 376.554 375.559 375.137 374.949 374.647 374.332 373.952 373.622 373.314 373.009 372.749 372.562 372.389 372.197 371.994 371.814 371.604 371.394 371.184 371.009 370.789 370.547 370.262 370.012 369.797 369.537 369.607 369.297 369.159 369.874 368.457 368.142 367.734 367.537 367.299 367.047 366.747 366.452 366.182 365.854 365.412 364.949 364.609 364.234 363.827 363.502 363.139
381.084 380.717 380.277 379.709 379.229 378.854 378.524 378.232 377.954 377.812 377.512 377.142 377.127 376.982 376.704 376.427 376.389 376.504 376.272 376.137 376.417 375.439 375.064 374.814 374.502 374.212 373.822 373.469 373.197 372.902 372.669 372.492 372.319 372.119 371.952 371.737 371.504 371.339 371.134 370.949 370.732 370.439 370.097 369.807 369.659 370.449 372.787 373.322 373.632 372.302 368.334 367.899 367.694 367.484 367.227 366.972 366.664 366.404 366.087 365.679 365.307 364.844 364.459 364.082 363.704 363.442 362.969
380.959 380.559 380.112 379.562 379.147 378.829 378.529 378.214 377.954 377.592 377.397 377.189 376.969 376.834 376.559 376.207 376.267 376.102 375.944 376.127 375.744 375.329 374.942 374.697 374.342 374.009 373.692 373.399 373.097 372.847 372.634 372.437 372.272 372.089 371.887 371.672 371.474 371.257 371.077 370.917 370.632 370.382 369.954 369.657 369.627 370.214 373.902 373.974 373.989 373.204 368.267 367.759 367.622 367.407 367.167 366.857 366.582 366.287 365.919 365.562 365.149 364.684 364.284 363.894 363.482 363.144 362.654
380.762 380.387 379.904 379.427 379.144 378.934 378.687 378.452 378.139 377.799 377.429 377.199 377.197 377.062 376.817 376.562 375.969 375.819 375.807 375.642 375.302 375.014 374.724 374.482 374.152 373.817 373.554 373.297 373.029 372.807 372.582 372.407 372.219 372.042 371.822 371.604 371.384 371.212 371.034 370.839 370.547 370.307 369.862 369.602 369.554 369.462 372.539 372.899 372.619 372.162 368.284 367.719 367.557 367.334 367.054 366.754 366.474 366.147 365.764 365.354 364.967 364.587 364.117 363.709 363.274 362.854 362.437
380.787 380.392 379.872 379.412 379.102 378.899 378.727 378.577 378.349 377.849 377.532 377.357 377.194 377.099 376.874 376.422 375.847 375.499 375.532 375.054 374.837 374.569 374.334 374.052 373.792 373.604 373.417 373.167 372.957 372.727 372.547 372.354 372.144 371.962 371.762 371.504 371.312 371.137 370.964 370.757 370.552 370.182 369.732 369.582 369.302 368.967 370.597 371.419 371.304 371.192 368.339 367.617 367.494 367.272 366.957 366.682 366.317 365.954 365.582 365.189 364.809 364.412 363.997 363.524 363.052 362.674 362.297
380.789 380.339 379.834 379.394 379.072 378.864 378.682 378.552 378.344 377.939 377.579 377.362 377.114 376.994 376.692 376.267 375.757 375.604 374.872 374.682 374.527 374.284 374.047 373.699 373.419 373.282 373.154 372.969 372.842 372.637 372.422 372.292 372.122 371.929 371.684 371.467 371.242 371.059 370.899 370.707 370.589 370.049 369.702 369.632 369.302 368.839 369.952 370.509 370.017 369.604 367.837 367.494 367.382 367.157 366.917 366.577 366.219 365.824 365.467 365.064 364.682 364.297 363.889 363.304 362.889 362.542 362.152
380.702 380.227 379.789 379.409 379.092 378.829 378.637 378.509 378.289 377.842 377.549 377.374 377.027 376.737 376.549 376.154 375.827 376.047 374.864 374.742 374.519 374.177 373.747 373.469 373.269 373.009 372.759 372.627 372.577 372.472 372.299 372.169 372.029 371.842 371.612 371.397 371.197 370.997 370.789 370.584 370.409 369.994 369.719 369.607 369.354 369.032 369.317 368.819 368.159 367.932 367.732 367.569 367.337 367.084 366.782 366.429 366.089 365.667 365.282 364.934 364.544 364.117 363.699 363.192 362.744 362.444 362.064
380.567 380.142 379.779 379.437 379.087 378.824 378.602 378.444 378.217 377.844 377.444 377.187 376.907 376.554 376.407 376.112 376.097 375.759 375.212 374.904 374.577 374.152 373.814 373.427 373.079 372.752 372.514 372.334 372.199 372.142 372.052 371.954 371.819 371.669 371.492 371.342 371.127 370.937 370.679 370.499 370.229 369.934 369.759 369.557 369.197 369.012 368.899 368.649 368.214 367.859 367.649 367.482 367.239 366.964 366.639 366.304 365.952 365.527 365.137 364.747 364.347 364.009 363.544 363.077 362.669 362.329 361.987
380.459 380.109 379.794 379.484 379.127 378.827 378.519 378.242 378.009 377.689 377.429 377.172 376.774 376.444 376.244 376.102 376.404 375.477 375.309 375.024 374.672 374.262 373.909 373.644 373.337 372.992 372.699 372.397 372.094 371.947 371.812 371.662 371.489 371.357 371.267 371.174 371.034 370.872 370.612 370.352 370.164 369.959 369.804 369.569 369.299 369.052 368.882 368.612 368.254 367.909 367.659 367.407 367.152 366.844 366.467 366.154 365.769 365.339 364.977 364.589 364.234 363.864 363.452 362.982 362.559 362.194 361.732
380.417 380.137 379.837 379.524 379.157 378.819 378.522 378.314 378.072 377.734 377.427 377.199 376.817 376.422 376.144 376.319 375.922 375.574 375.329 374.987 374.647 374.287 374.004 373.792 373.549 373.297 372.989 372.687 372.377 372.122 371.819 371.609 371.414 371.194 371.064 370.992 370.804 370.634 370.407 370.244 370.072 369.889 369.772 369.534 369.299 369.074 368.814 368.444 368.142 367.877 367.602 367.317 367.014 366.742 366.379 366.019 365.602 365.177 364.842 364.467 364.117 363.769 363.284 362.862 362.464 362.119 361.727
380.417 380.127 379.829 379.547 379.197 378.904 378.597 378.374 378.074 377.762 377.469 377.194 376.849 376.487 376.169 376.472 375.734 375.554 375.229 374.832 374.567 374.259 373.962 373.742 373.547 373.337 373.114 372.847 372.574 372.327 372.092 371.849 371.614 371.412 371.154 370.879 370.769 370.634 370.339 370.219 370.019 369.884 369.669 369.474 369.202 368.939 368.609 368.227 367.969 367.697 367.394 367.124 366.844 366.552 366.194 365.837 365.442 365.017 364.674 364.314 363.927 363.549 363.132 362.697 362.334 362.052 361.822
380.439 380.137 379.832 379.524 379.234 378.929 378.639 378.437 378.119 377.844 377.527 377.212 376.882 376.514 376.489 376.477 375.689 375.379 374.994 374.717 374.417 374.122 373.859 373.657 373.484 373.289 373.079 372.882 372.657 372.414 372.149 371.949 371.724 371.549 371.319 371.032 370.872 370.777 370.502 370.354 370.124 369.934 369.694 369.447 369.119 368.772 368.342 368.002 367.697 367.389 367.119 366.952 366.699 366.382 366.032 365.622 365.229 364.887 364.549 364.149 363.757 363.394 362.989 362.547 362.194 361.919 361.627
380.432 380.177 379.897 379.592 379.259 378.947 378.664 378.414 378.132 377.892 377.627 377.274 376.874 376.544 376.922 376.049 375.659 375.179 374.869 374.582 374.292 374.019 373.779 373.602 373.404 373.219 373.019 372.809 372.634 372.397 372.187 371.999 371.814 371.647 371.459 371.267 371.079 370.959 370.677 370.507 370.292 370.034 369.777 369.482 369.169 368.779 368.367 367.974 367.624 367.619 367.352 366.839 366.577 366.267 365.889 365.529 365.167 364.844 364.474 364.069 363.627 363.219 362.854 362.382 362.094 361.842 361.589
380.447 380.187 379.937 379.624 379.319 378.989 378.694 378.412 378.122 377.899 377.637 377.334 376.922 376.957 376.472 375.982 375.642 375.097 374.727 374.424 374.147 373.889 373.689 373.537 373.344 373.152 372.997 372.797 372.564 372.374 372.114 371.922 371.784 371.639 371.487 371.342 371.157 370.964 370.759 370.564 370.327 370.042 369.802 369.517 369.192 368.822 368.432 368.034 367.909 367.307 367.142 366.862 366.437 366.167 365.802 365.504 365.169 364.822 364.389 363.922 363.459 363.002 362.577 362.294 362.032 361.717 361.407
380.427 380.169 379.947 379.682 379.352 379.052 378.767 378.484 378.134 377.882 377.619 377.372 377.027 377.312 376.339 375.984 375.559 375.004 374.564 374.257 374.002 373.799 373.639 373.472 373.284 373.064 372.902 372.757 372.544 372.319 372.107 371.922 371.787 371.627 371.474 371.294 371.097 370.932 370.754 370.542 370.277 370.022 369.749 369.454 369.132 368.877 368.702 368.532 367.837 367.222 366.809 367.069 366.294 366.037 365.689 365.372 365.094 364.719 364.264 363.764 363.319 362.857 362.487 362.207 361.932 361.699 361.299
380.864 380.457 380.252 379.742 379.384 379.112 378.829 378.527 378.127 377.807 377.617 377.387 377.362 376.944 376.292 375.924 375.539 374.974 374.587 374.267 373.997 373.769 373.559 373.362 373.192 373.004 372.847 372.662 372.489 372.267 372.089 371.919 371.769 371.637 371.454 371.279 371.077 370.894 370.704 370.489 370.214 369.954 369.652 369.357 369.284 369.242 368.427 367.934 367.572 367.124 366.762 366.667 366.332 365.874 365.569 365.219 364.882 364.582 364.122 363.632 363.169 362.719 362.352 362.062 361.834 361.714 361.114
380.517 380.249 380.132 379.982 379.994 379.364 379.032 378.534 378.152 377.827 377.647 377.409 377.412 376.664 376.177 375.884 375.489 375.004 374.639 374.357 374.089 373.852 373.574 373.317 373.119 372.937 372.769 372.604 372.409 372.199 372.009 371.834 371.697 371.562 371.402 371.244 371.062 370.897 370.642 370.424 370.174 369.887 369.577 369.737 369.327 368.559 368.179 367.832 367.442 367.044 366.669 366.332 366.477 365.714 365.344 365.042 364.704 364.327 363.927 363.429 362.959 362.564 362.199 361.909 361.667 361.224 360.902
380.597 380.334 380.069 379.754 379.477 379.329 379.039 378.962 378.674 378.262 377.909 377.684 376.997 376.504 376.072 375.842 375.429 375.027 374.682 374.422 374.177 373.869 373.607 373.322 373.034 372.864 372.662 372.522 372.274 372.112 371.919 371.754 371.647 371.507 371.364 371.199 371.037 370.842 370.604 370.354 370.107 369.829 369.812 369.309 368.762 368.389 368.037 367.677 367.287 366.932 366.572 366.172 366.074 365.534 365.152 364.817 364.447 364.097 363.664 363.202 362.792 362.412 362.049 361.782 361.344 361.137 360.892
380.639 380.394 380.109 379.827 379.529 379.202 378.924 378.639 378.319 377.972 377.829 377.754 377.467 376.894 376.262 375.802 375.414 375.034 374.709 374.457 374.192 373.884 373.602 373.327 373.039 372.817 372.619 372.412 372.197 372.024 371.832 371.677 371.554 371.424 371.322 371.194 371.007 370.802 370.559 370.344 370.317 370.352 369.509 368.952 368.599 368.314 367.962 367.522 367.169 366.822 366.457 366.044 365.827 365.754 364.982 364.622 364.197 363.817 363.462 363.059 362.647 362.292 361.889 361.589 361.309 361.037 360.812
380.697 380.449 380.147 379.847 379.562 379.279 378.992 378.637 378.309 377.902 377.554 377.229 376.847 376.454 376.184 376.229 375.702 375.419 375.177 374.647 374.272 373.857 373.577 373.309 373.022 372.829 372.589 372.369 372.149 371.957 371.722 371.574 371.472 371.369 371.287 371.169 370.947 370.722 370.617 370.794 370.029 369.607 369.257 368.864 368.534 368.204 367.809 367.419 367.044 366.694 366.304 365.902 365.502 365.687 364.879 364.387 363.994 363.654 363.282 362.944 362.554 362.152 361.799 361.564 361.229 360.929 360.704
380.762 380.464 380.167 379.857 379.587 379.297 378.994 378.674 378.347 377.974 377.537 377.184 376.812 376.404 376.039 375.674 375.282 374.909 374.674 374.662 374.354 374.297 373.922 373.594 373.214 373.089 372.707 372.374 372.132 371.894 371.612 371.379 371.282 371.299 371.227 371.072 370.884 371.094 370.979 370.219 369.822 369.499 369.124 368.762 368.457 368.142 367.732 367.317 366.962 366.554 366.182 365.787 365.394 365.277 364.924 364.259 363.909 363.497 363.154 362.804 362.437 362.092 361.772 361.429 361.157 360.882 360.632
380.737 380.437 380.179 379.869 379.592 379.294 378.997 378.692 378.389 378.019 377.599 377.182 376.799 376.369 375.989 375.604 375.184 374.872 374.597 374.304 374.012 373.747 373.477 373.259 373.017 373.164 373.134 372.687 372.359 372.324 371.887 371.237 371.082 371.212 371.162 370.984 371.109 370.977 370.407 370.067 369.732 369.342 369.007 368.692 368.382 368.034 367.644 367.247 366.869 366.462 366.079 365.702 365.304 364.927 365.092 364.112 363.722 363.334 362.994 362.682 362.342 362.047 361.752 361.399 361.122 360.857 360.582
380.697 380.444 380.164 379.867 379.574 379.254 378.969 378.702 378.377 378.024 377.662 377.169 376.774 376.319 375.937 375.532 375.137 374.869 374.574 374.274 373.987 373.647 373.374 373.114 372.879 372.729 372.559 372.344 372.104 371.852 371.477 371.379 371.052 371.717 371.337 371.812 370.759 370.549 370.279 369.952 369.617 369.229 368.942 368.614 368.279 367.927 367.554 367.137 366.767 366.404 366.002 365.594 365.219 364.849 364.904 363.979 363.564 363.234 362.954 362.544 362.169 361.867 361.722 361.427 361.084 360.799 360.559
380.659 380.427 380.137 379.854 379.572 379.257 378.954 378.674 378.359 377.999 377.604 377.172 376.752 376.317 375.924 375.502 375.069 374.772 374.509 374.204 373.919 373.584 373.299 373.089 372.902 372.739 372.537 372.312 372.079 371.827 371.449 371.129 371.052 371.114 371.287 371.097 370.684 370.477 370.169 369.837 369.514 369.142 368.774 368.472 368.184 367.802 367.429 367.057 366.679 366.284 365.892 365.492 365.122 364.702 364.399 364.477 363.692 363.189 362.849 362.539 362.162 361.709 361.427 361.239 361.007 360.727 360.502
