20220701_namedtuples/mapdata/sd8675_DSM_2M.asc
ncols 500
nrows 500
xllcorner    386000
yllcorner    475000
cellsize     2
NODATA_value -9999
[rows 198 to 230 of 500, columns 292 to 364 of 500]
547.133 547.02 546.823 546.565 546.323 546.133 546.073 545.9 545.768 545.731 545.658 545.363 545.213 545.146 545.113 545.003 544.856 544.703 544.625 544.533 544.536 544.411 544.063 543.466 543.166 543.003 542.815 542.616 542.528 542.396 542.283 542.253 542.07 541.853 541.643 541.493 541.198 540.906 540.628 540.483 540.698 540.513 540.495 540.016 539.583 539.346 539.188 539.076 538.911 538.755 538.691 538.538 538.418 538.268 538.198 538.103 537.995 537.858 537.693 537.593 537.548 537.493 537.433 537.418 537.408 537.238 537.048 536.886 536.763 536.678 536.606 536.446 536.246
547.24 547.165 546.98 546.683 546.388 546.195 546.055 545.953 545.88 545.773 545.618 545.493 545.353 545.453 545.296 545.163 545.063 544.933 544.836 544.748 544.608 544.483 544.286 543.788 543.333 543.101 542.843 542.708 542.633 542.556 542.366 542.293 542.238 541.928 541.776 541.625 541.451 541.083 540.681 540.521 540.411 540.221 540.171 540.195 540.106 539.946 539.786 539.238 539.211 538.933 538.763 538.618 538.508 538.435 538.306 538.191 538.058 537.931 537.798 537.651 537.493 537.428 537.381 537.303 537.216 537.198 537.001 536.908 536.823 536.688 536.618 536.508 536.318
547.323 547.248 547.048 546.698 546.383 546.171 545.953 545.873 545.981 546.071 546.046 546.041 545.851 545.661 545.348 545.101 545.123 545.008 544.916 544.726 544.511 544.363 544.118 543.696 543.413 543.121 542.946 542.923 542.748 542.696 542.553 542.336 542.186 541.986 541.801 541.666 541.376 541.111 540.791 540.581 540.438 540.303 540.048 539.898 539.731 539.546 539.576 539.633 539.613 539.458 539.186 539.316 538.966 538.758 538.508 538.223 538.098 537.963 537.843 537.643 537.493 537.366 537.281 537.263 537.178 537.071 536.966 536.866 536.746 536.671 536.576 536.441 536.328
547.543 547.365 547.043 546.808 546.466 546.148 545.956 546.058 546.193 546.216 546.131 546.056 545.926 545.681 545.386 545.253 545.196 545.013 544.856 544.696 544.453 544.161 543.711 543.361 543.303 543.236 543.171 542.978 542.823 542.806 542.641 542.383 542.183 541.998 541.846 541.658 541.331 540.998 540.743 540.578 540.411 540.273 540.088 539.943 539.803 539.673 539.526 539.341 539.206 539.083 538.938 538.823 538.696 538.613 538.663 538.956 538.321 538.273 538.211 537.901 537.811 537.418 537.278 537.178 537.101 537.013 536.908 536.821 536.653 536.576 536.473 536.348 536.281
547.74 547.378 546.966 546.793 546.558 546.255 545.973 546.195 546.203 546.108 546.006 545.958 545.826 545.618 545.421 545.353 545.196 545.038 544.823 544.608 544.326 543.696 543.416 543.231 543.213 543.151 543.233 543.103 542.831 542.808 542.633 542.361 542.103 541.963 541.818 541.646 541.351 540.936 540.691 540.568 540.443 540.238 540.103 539.866 539.716 539.618 539.526 539.438 539.273 539.213 538.981 538.773 538.676 538.583 538.468 538.356 538.218 538.073 538.181 537.863 537.803 537.851 537.838 537.858 537.633 537.551 537.446 537.238 537.153 536.906 536.761 536.696 536.516
547.788 547.476 546.918 546.833 546.613 546.438 546.273 546.255 546.203 546.093 546.006 545.901 545.771 545.636 545.496 545.368 545.188 545.036 544.781 544.553 544.236 543.458 543.291 543.201 543.206 543.171 543.178 543.086 543.126 543.141 542.926 542.363 542.013 541.873 541.748 541.593 541.223 540.876 540.731 540.526 540.413 540.171 539.986 539.863 539.721 539.611 539.488 539.381 539.251 539.136 538.978 538.831 538.688 538.603 538.546 538.393 538.293 538.146 537.953 537.793 537.613 537.523 537.523 537.406 537.308 537.151 537.003 536.893 536.796 536.673 536.546 536.453 536.411
547.685 547.346 546.948 546.783 546.676 546.526 546.341 546.328 546.271 546.161 546.016 545.868 545.788 545.641 545.506 545.368 545.258 545.083 544.753 544.351 544.306 544.036 543.518 543.231 543.163 543.198 543.558 543.598 543.473 543.246 542.936 542.553 542.088 541.776 541.658 541.538 541.258 540.876 540.698 540.546 540.263 539.978 539.776 539.646 539.661 539.606 539.486 539.316 539.191 539.148 538.971 538.853 538.741 538.656 538.556 538.368 538.293 538.196 538.043 537.861 537.618 537.563 537.488 537.426 537.318 537.161 537.021 536.896 536.778 536.616 536.493 536.368 536.283
547.494 547.228 546.953 546.76 546.625 546.516 546.441 546.466 546.413 546.316 546.053 545.931 545.851 545.661 545.511 545.351 545.221 545.008 544.616 544.188 543.836 543.711 543.606 543.391 543.216 543.171 543.461 543.558 543.391 543.261 543.193 542.971 542.548 541.978 541.616 541.536 541.291 540.913 540.673 540.378 540.118 539.988 539.813 539.671 539.626 539.586 539.393 539.263 539.231 539.206 539.106 538.943 538.753 538.656 538.561 538.411 538.233 538.056 538.008 537.923 537.771 537.611 537.511 537.398 537.358 537.258 537.131 536.991 536.793 536.636 536.483 536.328 536.203
-9999 547.171 546.981 546.811 546.671 546.586 546.528 546.578 546.476 546.278 546.051 545.918 545.843 545.676 545.498 545.308 545.148 544.893 544.433 544.068 543.978 543.778 543.691 543.558 543.196 543.226 543.546 543.491 543.213 543.098 543.063 543.018 542.796 542.153 541.738 541.546 541.213 540.976 540.728 540.326 540.153 540.086 539.966 539.801 539.736 539.511 539.413 539.286 539.231 539.176 539.013 538.951 538.818 538.641 538.551 538.386 538.251 538.078 537.966 537.951 537.846 537.753 537.676 537.493 537.418 537.296 537.078 536.923 536.751 536.601 536.461 536.353 536.223
-9999 -9999 547.024 546.885 546.728 546.721 546.681 546.521 546.401 546.271 545.981 545.841 545.741 545.621 545.471 545.241 544.943 544.703 544.213 544.276 544.383 544.126 543.918 543.656 543.301 543.301 543.596 543.541 543.346 543.003 542.733 542.871 542.638 542.133 541.861 541.598 541.351 541.233 540.838 540.481 540.343 540.086 539.881 539.836 539.741 539.518 539.373 539.328 539.221 539.061 538.921 538.853 538.808 538.606 538.523 538.333 538.226 538.078 537.978 537.933 537.898 537.798 537.698 537.543 537.401 537.243 537.033 536.886 536.741 536.573 536.423 536.283 536.183
-9999 -9999 -9999 546.888 546.75 546.746 546.728 546.558 546.363 546.191 545.958 545.831 545.708 545.548 545.416 545.206 544.911 544.541 544.291 544.246 544.318 544.116 543.761 543.603 543.361 543.283 543.491 543.598 543.476 543.186 542.783 542.646 542.511 542.193 541.963 541.671 541.573 541.406 541.068 540.841 540.568 540.161 540.033 539.966 539.853 539.691 539.548 539.396 539.301 539.128 538.908 538.688 538.593 538.576 538.553 538.383 538.206 538.123 538.073 538.033 537.951 537.841 537.671 537.538 537.398 537.236 537.038 536.836 536.686 536.521 536.381 536.218 536.106
-9999 -9999 -9999 -9999 546.736 546.731 546.638 546.526 546.401 546.168 545.996 545.918 545.683 545.471 545.221 544.853 544.646 544.453 544.418 544.216 544.026 544.173 543.891 543.586 543.358 543.263 543.276 543.418 543.366 543.136 542.818 542.593 542.496 542.286 541.943 541.728 541.716 541.558 541.231 540.996 540.616 540.308 540.208 540.276 540.303 540.111 539.843 539.591 539.388 539.183 538.946 538.671 538.418 538.321 538.338 538.236 538.048 537.958 537.908 537.893 537.856 537.821 537.613 537.548 537.468 537.321 537.101 536.911 536.671 536.533 536.381 536.181 536.023
-9999 -9999 -9999 -9999 546.551 546.448 546.338 546.308 546.161 546.026 545.906 545.828 545.653 545.471 545.193 545.008 544.746 544.451 544.246 544.343 544.141 543.966 543.796 543.606 543.353 543.143 543.171 543.233 543.166 542.931 542.706 542.511 542.396 542.191 541.886 541.858 541.946 541.953 541.528 541.033 540.546 540.298 540.276 540.518 540.743 540.591 540.043 539.603 539.396 539.378 539.238 538.838 538.383 538.201 538.116 538.163 538.081 537.921 537.846 537.696 537.673 537.651 537.506 537.411 537.446 537.433 537.148 536.876 536.733 536.488 536.311 536.153 536.058
-9999 -9999 -9999 -9999 -9999 546.641 546.296 545.981 545.828 545.758 545.688 545.751 545.676 545.486 545.296 545.063 544.776 544.398 544.096 544.223 544.116 543.921 543.818 543.636 543.561 543.298 543.123 543.013 542.866 542.658 542.608 542.458 542.283 542.071 541.886 541.826 541.998 541.951 541.648 541.178 540.661 540.321 540.328 540.656 540.848 540.526 540.163 539.683 539.441 539.448 539.418 539.181 538.738 538.538 538.323 538.268 538.056 537.811 537.691 537.633 537.608 537.533 537.533 537.476 537.423 537.438 537.158 536.988 536.668 536.378 536.181 536.113 535.968
-9999 -9999 -9999 -9999 -9999 -9999 546.651 546.351 545.963 545.686 545.738 545.691 545.613 545.478 545.331 545.081 544.718 544.356 543.996 544.006 544.131 543.873 543.761 543.726 543.626 543.443 543.141 542.933 542.741 542.718 542.588 542.481 542.373 542.258 542.056 541.903 541.928 541.883 541.488 541.146 540.796 540.583 540.551 540.773 540.691 540.311 540.036 539.746 539.471 539.368 539.381 539.373 539.023 538.733 538.568 538.381 538.116 537.853 537.733 537.746 537.611 537.578 537.406 537.408 537.461 537.368 537.046 536.946 536.738 536.418 536.133 535.986 535.823
-9999 -9999 -9999 -9999 -9999 -9999 -9999 546.308 546.033 545.911 545.523 545.526 545.493 545.426 545.243 545.048 544.768 544.366 544.011 543.883 543.893 543.851 543.773 543.818 543.788 543.646 543.251 542.851 542.756 542.761 542.651 542.461 542.386 542.263 542.176 541.976 541.908 541.601 541.158 540.928 540.748 540.596 540.761 540.801 540.606 540.121 539.706 539.628 539.481 539.276 539.198 539.193 538.986 538.723 538.606 538.436 538.206 537.976 537.916 537.823 537.698 537.616 537.376 537.333 537.363 537.263 537.003 536.838 536.723 536.471 536.188 535.916 535.701
-9999 -9999 -9999 -9999 -9999 -9999 -9999 546.234 546.008 545.918 545.813 545.483 545.341 545.283 545.153 544.963 544.888 544.523 543.888 543.746 543.686 543.763 543.796 543.821 543.686 543.593 543.323 542.951 542.711 542.623 542.588 542.436 542.333 542.146 542.106 541.948 541.821 541.398 540.956 540.771 540.598 540.548 540.708 540.883 540.546 540.016 539.538 539.391 539.331 539.256 539.128 539.096 538.976 538.738 538.618 538.481 538.363 538.168 538.036 537.911 537.726 537.536 537.408 537.323 537.361 537.243 537.006 536.838 536.728 536.471 536.118 535.763 535.543
-9999 -9999 -9999 -9999 -9999 -9999 -9999 -9999 545.946 545.768 545.568 545.461 545.408 545.316 545.128 544.971 544.863 544.563 544.178 543.748 543.616 543.516 543.546 543.761 543.581 543.398 543.148 542.896 542.703 542.608 542.446 542.356 542.248 542.201 542.071 541.761 541.533 541.351 541.046 540.658 540.528 540.453 540.596 540.881 540.466 539.881 539.446 539.333 539.276 539.201 539.096 539.016 538.916 538.788 538.588 538.386 538.251 538.193 538.051 537.936 537.778 537.568 537.326 537.261 537.346 537.193 537.011 536.883 536.723 536.413 536.128 535.738 535.558
-9999 -9999 -9999 -9999 -9999 -9999 -9999 -9999 545.851 545.696 545.508 545.351 545.331 545.198 545.168 544.996 544.873 544.601 544.373 544.046 543.788 543.646 543.381 543.411 543.396 543.213 542.883 542.736 542.733 542.626 542.453 542.301 542.208 542.288 542.211 541.743 541.388 541.286 541.063 540.566 540.451 540.373 540.378 540.426 540.253 539.818 539.478 539.293 539.211 539.203 539.148 539.026 538.856 538.676 538.511 538.323 538.233 538.073 537.966 537.881 537.788 537.426 537.276 537.198 537.291 537.188 537.028 536.861 536.621 536.278 536.066 535.831 535.688
-9999 -9999 -9999 -9999 -9999 -9999 -9999 -9999 -9999 545.614 545.418 545.343 545.296 545.198 545.083 544.953 544.823 544.646 544.443 544.231 543.878 543.631 543.353 543.346 543.226 543.073 542.851 542.748 542.681 542.591 542.493 542.296 542.221 542.191 542.246 541.986 541.521 541.241 541.096 540.801 540.601 540.261 540.141 540.148 539.926 539.653 539.398 539.351 539.291 539.176 539.138 539.048 538.971 538.786 538.696 538.383 538.178 538.041 537.983 537.828 537.608 537.316 537.226 537.138 537.111 537.123 536.953 536.706 536.496 536.256 536.101 535.938 535.866
-9999 -9999 -9999 -9999 -9999 -9999 -9999 -9999 -9999 -9999 545.391 545.291 545.171 545.063 544.983 544.858 544.718 544.583 544.406 544.203 543.958 543.548 543.231 543.193 543.106 543.043 542.906 542.788 542.586 542.478 542.408 542.321 542.193 542.076 541.913 541.766 541.526 541.221 541.098 540.956 540.793 540.486 540.003 539.971 539.751 539.581 539.441 539.398 539.283 539.141 539.111 539.023 539.013 538.738 538.548 538.378 538.123 537.863 537.756 537.573 537.488 537.353 537.218 537.111 537.036 536.858 536.823 536.628 536.391 536.253 536.128 535.968 535.826
-9999 -9999 -9999 -9999 -9999 -9999 -9999 -9999 -9999 -9999 545.241 545.118 545.021 544.966 544.881 544.813 544.721 544.526 544.356 544.146 543.716 543.423 543.081 543.016 542.986 542.943 542.843 542.696 542.528 542.451 542.421 542.383 542.121 541.938 541.718 541.471 541.316 541.178 541.076 540.973 540.856 540.473 540.043 539.976 539.821 539.676 539.486 539.308 539.261 539.201 539.061 538.926 538.883 538.758 538.463 538.473 538.313 538.031 537.876 537.688 537.511 537.398 537.243 537.058 536.908 536.791 536.673 536.576 536.296 536.193 536.101 535.963 535.831
-9999 -9999 -9999 -9999 -9999 -9999 -9999 -9999 -9999 -9999 -9999 544.896 544.803 544.821 544.816 544.738 544.613 544.416 544.246 543.941 543.568 543.228 543.031 542.941 542.921 542.808 542.718 542.593 542.528 542.471 542.458 542.261 542.051 541.891 541.728 541.568 541.356 541.093 540.953 540.908 540.831 540.526 540.083 539.888 539.621 539.458 539.358 539.341 539.188 539.063 538.966 538.853 538.728 538.571 538.378 538.323 538.348 538.133 537.928 537.741 537.558 537.448 537.301 537.133 536.963 536.783 536.616 536.483 536.318 536.223 536.113 536.026 535.851
-9999 -9999 -9999 -9999 -9999 -9999 -9999 -9999 -9999 -9999 -9999 -9999 544.756 544.648 544.708 544.631 544.473 544.208 543.976 543.543 543.328 543.108 543.041 542.928 542.798 542.691 542.663 542.656 542.598 542.476 542.411 542.286 542.016 541.776 541.703 541.526 541.381 541.206 540.986 540.711 540.621 540.516 540.166 539.716 539.446 539.211 539.193 539.258 539.096 539.008 538.906 538.783 538.628 538.416 538.291 538.253 538.231 538.111 537.963 537.761 537.648 537.483 537.346 537.208 537.098 536.948 536.671 536.486 536.318 536.206 536.131 536.011 535.803
-9999 -9999 -9999 -9999 -9999 -9999 -9999 -9999 -9999 -9999 -9999 -9999 544.416 544.446 544.351 544.368 544.318 544.098 543.718 543.506 543.361 543.236 543.041 542.988 542.921 542.831 542.786 542.743 542.621 542.491 542.266 542.173 542.028 541.848 541.658 541.556 541.303 541.111 540.948 540.793 540.488 540.216 540.161 539.821 539.341 539.243 539.143 539.128 538.961 538.841 538.811 538.716 538.533 538.408 538.293 538.238 538.208 538.103 538.003 537.878 537.743 537.543 537.351 537.166 536.981 536.913 536.736 536.588 536.303 536.233 536.198 536.023 535.803
-9999 -9999 -9999 -9999 -9999 -9999 -9999 -9999 -9999 -9999 -9999 -9999 -9999 544.251 544.241 544.246 544.126 543.961 543.628 543.371 543.318 543.143 543.036 542.983 542.981 542.903 542.761 542.633 542.621 542.488 542.293 542.171 541.983 541.856 541.751 541.566 541.393 541.206 540.951 540.743 540.551 540.353 540.078 539.898 539.578 539.376 539.283 539.066 538.948 538.778 538.698 538.561 538.458 538.353 538.256 538.203 538.171 538.141 538.013 537.793 537.431 537.373 537.326 537.146 537.013 536.881 536.636 536.416 536.221 536.211 536.143 536.023 535.871
-9999 -9999 -9999 -9999 -9999 -9999 -9999 -9999 -9999 -9999 -9999 -9999 -9999 -9999 544.191 544.138 543.908 543.881 543.601 543.373 543.266 543.213 543.168 543.026 542.976 542.846 542.838 542.631 542.576 542.456 542.288 542.158 542.053 541.866 541.733 541.593 541.371 541.203 540.981 540.786 540.556 540.406 540.243 540.046 539.806 539.646 539.548 539.428 539.241 539.008 538.678 538.598 538.563 538.421 538.356 538.263 538.118 538.081 538.053 537.921 537.746 537.503 537.223 537.041 536.871 536.738 536.563 536.218 536.138 536.093 536.016 535.966 535.773
-9999 -9999 -9999 -9999 -9999 -9999 -9999 -9999 -9999 -9999 -9999 -9999 -9999 -9999 -9999 544.046 543.903 543.743 543.638 543.416 543.283 543.226 543.241 543.268 543.103 543.076 542.928 542.723 542.541 542.378 542.246 542.083 541.958 541.833 541.688 541.566 541.411 541.196 540.996 540.833 540.638 540.371 540.151 540.073 539.943 539.813 539.618 539.451 539.313 539.151 539.071 538.841 538.703 538.518 538.381 538.373 538.341 538.321 538.173 537.983 537.733 537.556 537.236 536.998 536.783 536.716 536.448 536.216 536.078 536.088 535.973 535.931 535.698
-9999 -9999 -9999 -9999 -9999 -9999 -9999 -9999 -9999 -9999 -9999 -9999 -9999 -9999 -9999 -9999 543.868 543.656 543.578 543.463 543.443 543.318 543.276 543.303 543.231 543.098 542.946 542.718 542.521 542.306 542.198 542.113 541.946 541.776 541.646 541.471 541.333 541.096 540.903 540.818 540.638 540.433 540.198 540.066 539.903 539.833 539.723 539.571 539.403 539.206 539.098 538.948 538.836 538.731 538.673 538.561 538.478 538.461 538.246 537.928 537.558 537.361 536.891 536.626 536.538 536.446 536.356 536.243 536.121 536.073 536.018 535.898 535.668
-9999 -9999 -9999 -9999 -9999 -9999 -9999 -9999 -9999 -9999 -9999 -9999 -9999 -9999 -9999 -9999 543.777 543.738 543.608 543.573 543.496 543.411 543.328 543.288 543.133 543.031 542.846 542.676 542.396 542.183 542.108 541.988 541.871 541.721 541.583 541.498 541.281 541.118 540.873 540.753 540.533 540.361 540.243 540.146 539.971 539.846 539.688 539.566 539.418 539.291 539.141 538.991 538.906 538.821 538.768 538.746 538.538 538.381 538.188 537.803 537.571 537.256 536.726 536.563 536.516 536.376 536.306 536.146 536.118 536.118 536.053 535.901 535.563
-9999 -9999 -9999 -9999 -9999 -9999 -9999 -9999 -9999 -9999 -9999 -9999 -9999 -9999 -9999 -9999 -9999 543.677 543.601 543.541 543.461 543.408 543.338 543.181 542.991 542.911 542.771 542.566 542.303 542.196 542.108 541.988 541.821 541.668 541.546 541.403 541.328 541.108 540.903 540.778 540.663 540.338 540.256 540.151 540.033 539.838 539.651 539.531 539.463 539.293 539.236 539.081 538.956 538.776 538.738 538.693 538.383 538.258 538.128 537.831 537.578 537.171 536.808 536.706 536.418 536.288 536.263 536.228 536.101 536.043 536.048 536.051 535.623
-9999 -9999 -9999 -9999 -9999 -9999 -9999 -9999 -9999 -9999 -9999 -9999 -9999 -9999 -9999 -9999 -9999 -9999 543.496 543.466 543.446 543.393 543.306 543.206 543.066 542.943 542.803 542.478 542.258 542.121 542.043 541.903 541.721 541.576 541.416 541.326 541.263 541.106 540.916 540.751 540.568 540.331 540.318 540.143 539.933 539.748 539.573 539.483 539.406 539.258 539.211 539.073 538.913 538.823 538.763 538.651 538.411 538.186 538.076 537.826 537.701 537.231 536.916 536.736 536.331 536.416 536.316 536.238 536.223 536.128 536.041 535.916 535.753
-9999 -9999 -9999 -9999 -9999 -9999 -9999 -9999 -9999 -9999 -9999 -9999 -9999 -9999 -9999 -9999 -9999 -9999 -9999 543.536 543.398 543.331 543.353 543.258 543.183 543.103 542.846 542.451 542.256 542.098 541.991 541.876 541.723 541.538 541.388 541.258 541.183 540.996 540.913 540.756 540.461 540.351 540.358 540.206 539.871 539.651 539.618 539.528 539.373 539.243 539.148 539.036 538.871 538.841 538.761 538.631 538.433 538.221 537.968 537.876 537.721 537.188 537.078 536.808 536.506 536.496 536.513 536.373 536.318 536.401 536.046 535.676 535.528
