20220701_namedtuples/mapdata/sd8678_DSM_2M.asc
ncols 500
nrows 500
xllcorner    386000
yllcorner    478000
cellsize     2
NODATA_value -9999
[rows 0 to 31 of 500, columns 0 to 72 of 500]
527.567 527.62 527.477 527.322 527.277 527.325 527.69 527.862 527.855 527.912 527.927 527.895 527.91 527.935 527.945 527.862 528.115 527.965 527.327 527.755 528.105 528.252 528.28 528.26 528.137 527.99 528.295 528.42 528.425 528.457 528.39 528.305 528.272 528.355 528.407 528.36 528.27 528.352 528.297 528.28 528.287 528.102 527.897 528.075 528.207 528.252 528.177 528.06 527.932 528.312 528.505 528.555 528.61 528.682 528.662 528.395 528.037 528.142 528.785 529.277 529.71 529.777 529.627 529.03 528.922 528.75 528.702 529.335 529.902 529.952 529.855 529.89 529.852
527.837 527.99 527.925 527.83 527.702 527.855 528.092 528.18 528.247 528.29 528.422 528.41 528.417 528.457 528.442 528.372 528.512 528.33 527.847 528.012 528.505 528.667 528.652 528.62 528.442 528.31 528.692 528.767 528.797 528.742 528.735 528.757 528.727 528.667 528.65 528.707 528.585 528.627 528.595 528.685 528.675 528.507 528.415 528.462 528.59 528.522 528.39 528.31 528.312 528.715 528.747 528.73 528.902 529.012 528.952 528.752 528.45 528.552 528.782 529.292 529.915 530.025 529.747 529.245 529.115 529.15 529.3 530.002 530.237 530.315 530.352 530.315 530.265
528.322 528.507 528.472 528.115 528.082 528.302 528.357 528.457 528.487 528.722 528.795 528.822 528.86 528.902 528.875 528.792 528.75 528.497 528.112 528.447 528.797 528.94 529.04 529.035 528.89 528.73 529.025 529.145 529.175 529.14 529.165 529.117 529.042 528.87 528.912 528.955 528.927 528.927 528.902 528.98 529.062 528.867 528.82 528.882 528.955 528.907 528.685 528.627 528.717 528.977 528.93 528.812 529.05 529.117 529.05 528.99 528.842 528.95 529.137 529.442 529.937 530.155 529.912 529.495 529.422 529.607 530.12 530.607 530.86 530.75 530.702 530.702 530.645
528.877 529.022 528.89 528.637 528.552 528.62 528.725 528.84 528.975 529.08 529.19 529.242 529.227 529.257 529.16 529.105 529.01 528.632 528.34 528.86 529.1 529.162 529.255 529.33 529.207 529.16 529.435 529.472 529.58 529.647 529.552 529.497 529.435 529.212 529.357 529.255 529.247 529.267 529.307 529.347 529.367 529.227 529.292 529.195 529.242 529.225 528.925 528.887 528.992 529.045 529.042 529.032 529.082 529.155 529.242 529.357 529.27 529.345 529.472 529.692 530.082 530.297 530.095 529.687 529.792 530.022 530.777 531.205 531.33 531.232 531.195 531.125 531.035
529.457 529.425 529.212 529.022 529.04 528.992 529.16 529.332 529.43 529.472 529.575 529.64 529.652 529.587 529.45 529.26 529.155 528.832 528.622 529.135 529.387 529.462 529.525 529.61 529.577 529.59 529.845 529.912 529.932 529.99 529.892 529.832 529.727 529.647 529.817 529.842 529.742 529.692 529.705 529.745 529.74 529.58 529.57 529.527 529.61 529.55 529.372 529.222 529.265 529.402 529.542 529.477 529.55 529.515 529.487 529.715 529.695 529.827 529.902 530.21 530.442 530.452 530.22 530.09 530.245 530.535 531.26 531.63 531.602 531.617 531.575 531.475 531.427
529.787 529.767 529.475 529.472 529.505 529.51 529.56 529.745 529.865 529.92 530.002 530.072 530.102 529.91 529.787 529.597 529.46 529.222 529.165 529.58 529.81 529.897 529.99 530.03 530.08 530.022 530.2 530.252 530.325 530.265 530.267 530.155 530.105 530.155 530.222 530.202 530.092 530 530.03 530.085 530.085 529.912 529.9 529.957 530.027 529.972 529.775 529.587 529.557 529.752 529.98 529.965 529.932 529.887 529.885 530.142 530.297 530.352 530.502 530.767 530.827 530.705 530.555 530.605 530.737 531.14 531.967 531.987 531.945 531.95 531.937 531.945 531.825
530.232 530.122 529.877 529.997 529.937 529.967 529.955 530.202 530.332 530.145 530.235 530.495 530.487 530.325 530.307 530.127 530.097 529.812 529.692 529.892 530.312 530.41 530.41 530.457 530.485 530.48 530.595 530.627 530.73 530.607 530.502 530.49 530.427 530.397 530.527 530.597 530.547 530.347 530.392 530.442 530.465 530.252 530.195 530.342 530.347 530.247 530.115 529.915 529.915 530.19 530.377 530.377 530.377 530.635 530.695 530.625 530.932 530.867 531.007 531.07 530.987 530.8 530.925 531.015 531.157 531.615 532.297 532.33 532.257 532.235 532.305 532.355 532.355
530.59 530.462 530.282 530.42 530.387 530.402 530.475 530.637 530.737 530.44 530.447 530.815 530.917 530.795 530.69 530.7 530.677 530.417 530.345 530.325 530.62 530.852 530.905 530.997 530.912 530.91 531.035 531.045 530.9 530.762 530.825 530.755 530.7 530.8 530.917 530.87 530.902 530.917 530.88 530.845 530.782 530.595 530.545 530.67 530.72 530.67 530.572 530.265 530.297 530.65 530.947 530.897 531.227 531.485 531.387 531.202 531.217 531.17 531.242 531.295 531.107 531.122 531.415 531.557 532.045 532.525 532.725 532.745 532.655 532.63 532.737 532.805 532.795
530.937 530.83 530.775 530.942 531.007 530.78 530.772 530.885 531.057 530.835 530.655 530.91 531.175 531.242 531.225 531.217 531.187 530.967 530.865 530.85 530.845 531.055 531.312 531.297 531.285 531.34 531.365 531.302 531 530.992 531.027 530.955 530.925 531.107 531.237 531.247 531.267 531.317 531.41 531.27 531.155 531.012 530.98 530.98 531.002 530.972 530.865 530.517 530.565 530.99 531.575 531.5 531.857 531.827 531.61 531.507 531.457 531.527 531.445 531.452 531.38 531.602 532.077 532.582 532.787 532.93 532.982 532.962 532.955 533.022 533.057 533.115 533.135
531.197 531.157 531.18 531.25 531.225 531.055 531.02 531.072 531.145 531.087 530.987 531.165 531.497 531.742 531.767 531.73 531.677 531.397 531.27 531.257 531.327 531.487 531.65 531.665 531.622 531.612 531.677 531.497 531.175 531.187 531.242 531.322 531.302 531.48 531.55 531.567 531.587 531.682 531.832 531.757 531.635 531.375 531.27 531.387 531.437 531.41 531.297 530.967 530.802 531.187 532.095 532.172 532.25 532.082 531.812 531.68 531.747 531.765 531.657 531.617 531.792 532.227 532.91 533.09 533.145 533.232 533.25 533.215 533.235 533.332 533.357 533.392 533.41
531.585 531.472 531.44 531.45 531.372 531.235 531.222 531.297 531.317 531.332 531.35 531.487 531.89 532.052 532.13 532.112 532.107 531.76 531.615 531.695 531.705 531.832 532.01 532 531.95 531.927 531.967 531.815 531.592 531.742 531.587 531.56 531.602 531.797 531.882 531.977 532.09 532.2 532.302 532.35 532.212 531.892 531.797 532.015 532.035 532.015 531.872 531.462 531.127 531.505 532.535 532.672 532.427 532.15 532.102 531.935 531.807 531.775 531.815 531.937 532.107 532.885 533.37 533.395 533.45 533.452 533.5 533.492 533.522 533.572 533.602 533.615 533.607
531.642 531.667 531.662 531.727 531.667 531.377 531.295 531.462 531.642 531.69 531.66 531.825 532.262 532.28 532.365 532.377 532.417 531.767 531.74 531.907 531.93 532.11 532.312 532.232 532.29 532.222 532.177 532.025 531.862 532.047 532.077 532.03 531.925 532.01 532.265 532.432 532.555 532.797 532.857 533.005 532.872 532.552 532.437 532.645 532.61 532.482 532.157 531.532 531.377 531.91 532.97 532.95 532.525 532.33 532.175 532.042 531.862 531.85 531.937 532.282 532.507 533.485 533.612 533.64 533.705 533.702 533.735 533.7 533.745 533.79 533.835 533.855 533.875
531.622 531.792 531.945 531.962 531.82 531.51 531.475 531.765 531.912 531.955 531.967 532.342 532.49 532.507 532.612 532.582 532.73 532.43 532.107 532.012 532.2 532.432 532.555 532.537 532.507 532.55 532.417 532.235 532.145 532.252 532.285 532.42 532.262 532.4 532.812 532.857 532.982 533.337 533.48 533.527 533.577 533.272 533.192 533.297 533.177 532.88 532.26 531.695 531.76 532.212 533.345 533.31 532.907 532.747 532.517 532.152 532.007 532.095 532.17 532.6 533.312 533.807 533.952 533.957 534 533.955 533.892 533.92 533.987 534.015 534.062 534.092 534.077
531.782 532.057 532.262 532.215 532.057 532.042 532.14 532.337 532.32 532.422 532.555 532.667 532.617 532.692 532.717 532.775 532.887 532.897 532.657 532.267 532.275 532.757 532.817 532.777 532.747 532.695 532.522 532.397 532.342 532.43 532.392 532.55 532.647 532.85 533.087 533.345 533.347 533.68 533.83 533.83 533.787 533.785 533.902 533.845 533.687 532.907 532.085 531.767 532.06 532.477 533.682 533.747 533.447 533.222 532.907 532.422 532.267 532.272 532.42 532.78 533.642 534.03 534.13 534.097 534.15 534.182 534.107 534.132 534.157 534.185 534.195 534.245 534.217
532.177 532.445 532.475 532.482 532.572 532.737 532.855 532.87 532.79 532.78 532.772 532.79 532.85 532.822 532.845 532.91 533.022 533.04 532.907 532.567 532.312 532.347 533.03 533.072 533.002 532.885 532.575 532.445 532.465 532.562 532.782 532.955 533.272 533.642 533.527 533.61 533.63 533.965 534.11 534.1 534.08 534.185 534.22 534.137 533.832 532.615 532.012 531.87 532.112 532.63 533.95 534.137 533.992 533.605 533.07 532.867 532.75 532.647 532.767 533.23 533.947 534.315 534.325 534.322 534.32 534.317 534.335 534.355 534.355 534.355 534.362 534.435 534.457
532.782 532.745 532.772 532.705 533.15 533.145 533.265 533.21 533.06 533.022 533.055 532.94 532.9 532.867 532.932 533.045 533.102 533.1 533.092 533.027 532.565 532.437 533.15 533.245 533.105 532.955 532.642 532.662 532.785 533.072 533.367 533.887 534.222 534.232 533.742 533.755 533.827 533.99 534.257 534.19 534.25 534.302 534.367 534.257 533.452 532.487 532.17 532.082 532.45 533.24 534.165 534.345 534.26 533.72 533.24 533.202 533.08 532.85 532.92 533.632 534.33 534.562 534.547 534.585 534.502 534.502 534.542 534.532 534.465 534.485 534.51 534.555 534.587
533.197 533.06 533.112 533.18 533.405 533.357 533.39 533.355 533.267 533.32 533.165 533.115 533.107 533.03 533.087 533.28 533.245 533.217 533.177 533.232 532.877 532.627 533.005 533.305 533.185 532.94 532.772 532.87 533.157 533.695 534.365 534.487 534.535 534.307 533.885 533.865 534.05 534.07 534.217 534.12 534.247 534.35 534.497 534.22 533.032 532.577 532.352 532.47 532.665 533.57 534.127 534.387 534.15 533.83 533.445 533.372 533.277 533.145 533.127 533.845 534.657 534.715 534.702 534.71 534.692 534.717 534.682 534.71 534.692 534.69 534.63 534.687 534.742
533.507 533.295 533.232 533.295 533.55 533.66 533.492 533.347 533.347 533.507 533.527 533.507 533.495 533.44 533.407 533.54 533.44 533.47 533.365 533.277 532.902 532.745 532.882 533.075 533.217 532.882 532.86 533.132 533.492 534.435 534.62 534.672 534.697 534.452 533.867 533.83 534.405 534.32 534.305 534.212 533.987 534.327 534.365 533.997 532.947 532.475 532.637 532.94 532.852 533.747 534.26 534.405 534.092 533.775 533.617 533.577 533.532 533.455 533.505 534.427 534.805 534.887 534.87 534.832 534.875 534.85 534.855 534.925 534.795 534.785 534.772 534.792 534.82
533.57 533.317 533.252 533.255 533.79 533.94 533.782 533.557 533.5 533.605 533.722 533.782 534.06 534.195 534.115 533.795 533.64 533.46 533.362 533.292 532.94 532.897 532.842 532.86 533.002 533.035 532.992 533.255 533.58 534.45 534.712 534.805 534.805 534.57 534.06 533.847 534.215 534.227 534.255 534.037 533.99 534.357 534.395 534.077 533.062 532.602 532.705 533.305 533.347 534.025 534.355 534.417 534.122 533.805 533.75 533.762 533.645 533.645 533.865 534.547 534.86 534.962 534.972 534.957 534.977 534.985 535.002 534.997 534.87 534.87 534.93 534.937 534.97
533.667 533.39 533.31 533.4 534.027 534.382 534.155 533.997 533.857 533.817 533.97 533.905 534.065 534.502 534.272 533.895 533.777 533.405 533.352 533.405 533.092 533.065 532.987 532.945 533.32 533.192 533.195 533.4 533.595 534.045 534.752 534.872 534.82 534.642 534.437 534.005 533.87 533.85 533.897 533.802 533.875 534.315 534.277 534.457 533.507 532.775 532.68 533.105 533.722 534.055 534.382 534.39 534.105 533.895 534.025 534.015 533.74 533.76 533.877 534.567 534.835 534.917 534.957 535.062 535.15 535.087 535.107 535.13 535.08 535.032 535.105 535.09 535.135
533.965 533.622 533.482 533.542 534.062 534.775 534.68 534.362 534.092 534.047 534.062 534.067 534.177 534.587 534.407 533.922 533.742 533.41 533.297 533.347 533.205 533.227 533.062 533.107 533.485 533.322 533.367 533.435 533.625 533.777 534.215 534.46 534.607 534.642 534.41 533.955 533.92 533.77 533.735 533.672 533.805 534.047 534.357 534.38 533.785 532.85 532.722 533.07 533.902 534.045 534.435 534.367 534.055 534.02 534.3 534.212 534.267 534.377 534.122 534.662 534.842 534.9 534.972 535.085 535.232 535.23 535.232 535.237 535.202 535.152 535.225 535.237 535.275
534.072 534.05 533.747 533.712 533.972 534.615 534.8 534.567 534.36 534.197 534.235 534.235 534.272 534.59 534.527 534.102 533.795 533.407 533.312 533.327 533.315 533.337 533.265 533.397 533.802 533.592 533.597 533.592 533.622 533.725 533.977 534.25 534.677 534.747 534.38 533.932 533.912 533.775 533.74 533.715 533.792 533.87 533.875 533.922 533.555 532.89 532.777 533.117 533.925 534.332 534.417 534.16 533.942 534.36 534.765 534.757 534.657 534.635 534.422 534.695 534.942 534.95 534.967 535.162 535.287 535.34 535.407 535.335 535.272 535.287 535.35 535.405 535.375
534.222 534.335 534.11 533.852 533.822 534.012 534.35 534.292 534.417 534.352 534.357 534.417 534.397 534.445 534.442 534.252 534.065 533.617 533.375 533.412 533.532 533.48 533.592 533.722 533.977 533.882 533.58 533.637 533.645 533.8 534.07 534.197 534.375 534.462 534.395 534.415 534.337 533.88 533.765 533.652 533.73 533.727 533.652 533.515 533.212 532.847 532.767 532.977 533.75 534.305 534.465 534.13 534.257 534.845 534.955 534.925 534.82 534.815 534.847 534.9 535.012 535.082 535.085 535.255 535.435 535.447 535.447 535.452 535.4 535.39 535.495 535.49 535.462
534.502 534.647 534.555 534.112 533.912 533.902 534.015 534.18 534.377 534.36 534.442 534.492 534.597 534.562 534.542 534.442 534.262 533.69 533.42 533.495 533.652 533.732 533.842 533.967 534.04 533.852 533.705 533.627 533.667 533.942 534.455 534.45 534.247 534.365 534.337 534.37 534.17 534.022 533.772 533.615 533.572 533.56 533.42 533.22 533.097 533.037 532.947 532.995 533.57 534.285 534.302 534.177 534.472 534.875 534.942 534.97 534.96 535.125 535.1 535.132 535.165 535.125 535.172 535.322 535.547 535.63 535.52 535.522 535.467 535.502 535.57 535.58 535.56
534.21 534.377 534.567 534.38 534.172 533.937 534.035 534.22 534.352 534.372 534.407 534.42 534.592 534.785 534.795 534.665 534.367 533.785 533.46 533.46 533.635 533.825 534.015 534.162 534.067 533.882 533.78 533.937 533.742 533.84 534.455 534.645 534.31 534.495 534.37 534.072 533.872 533.645 533.615 533.525 533.467 533.405 533.285 533.205 533.18 533.265 533.477 533.292 533.2 533.615 533.935 534.265 534.862 535.007 535.092 535.232 535.132 535.18 535.152 535.175 535.167 535.252 535.237 535.402 535.575 535.647 535.617 535.617 535.645 535.627 535.64 535.67 535.702
534.11 534.347 534.587 534.6 534.502 534.222 533.995 534.107 534.287 534.32 534.24 534.23 534.46 534.835 534.89 534.915 534.655 534.15 533.562 533.515 533.615 533.957 534.287 534.37 534.205 533.957 533.885 534.047 533.945 533.875 533.98 534.565 534.457 534.455 534.525 534.487 534.092 533.715 533.562 533.472 533.39 533.35 533.322 533.332 533.47 533.735 534.277 533.817 533.347 533.492 533.867 534.227 534.835 535.212 535.137 535.235 535.257 535.355 535.27 535.307 535.245 535.295 535.31 535.397 535.527 535.617 535.65 535.695 535.702 535.682 535.69 535.7 535.74
534.222 534.545 534.892 534.915 534.915 534.677 534.082 534.045 534.117 534.12 534.25 534.227 534.66 534.8 534.942 535.07 534.872 534.365 533.692 533.585 533.655 534.01 534.51 534.6 534.202 534.107 533.99 534.14 534.18 534.002 533.855 534.285 534.517 534.51 534.34 534.605 534.347 533.99 533.555 533.432 533.43 533.382 533.387 533.59 534.02 534.672 534.722 533.83 533.472 533.702 534.197 534.347 534.807 535.107 534.982 535.11 535.207 535.282 535.3 535.352 535.312 535.342 535.377 535.497 535.65 535.655 535.662 535.697 535.722 535.695 535.73 535.705 535.727
534.257 534.34 534.947 534.927 535.027 534.855 534.312 534.152 534.11 534.442 534.525 534.342 534.405 534.625 535.03 534.99 534.697 534.16 533.632 533.622 533.647 533.945 534.452 534.492 534.24 534.252 534.075 534.182 534.322 533.94 533.892 534.042 534.457 534.64 534.25 534.145 534.057 533.81 533.575 533.462 533.472 533.565 533.537 533.692 534.215 534.982 534.815 533.972 533.6 533.525 533.842 534.15 534.305 534.432 534.407 534.747 535.052 535.315 535.335 535.332 535.382 535.515 535.465 535.525 535.737 535.76 535.75 535.735 535.712 535.697 535.755 535.742 535.72
534.22 534.262 534.69 534.867 535 534.92 534.79 534.862 534.637 535.227 535.255 534.467 534.285 534.377 535.012 534.85 534.657 534.172 533.822 533.767 533.737 534.225 534.592 534.45 534.292 534.097 534.127 534.222 534.595 534.095 533.872 533.9 533.97 534.092 534.022 533.947 533.822 533.682 533.49 533.535 533.722 533.8 533.622 533.692 534.195 534.94 534.787 534.175 533.777 533.837 533.935 534.002 534.032 534.085 534.222 534.37 534.402 535.055 535.342 535.242 535.102 535.295 535.465 535.52 535.59 535.73 535.8 535.772 535.767 535.75 535.767 535.742 535.75
534.3 534.185 534.485 534.892 535.082 535.027 534.892 535.06 535.22 535.49 535.375 534.65 534.365 534.305 534.747 534.83 534.712 534.495 534.062 533.885 533.897 534.815 534.842 534.805 534.542 534.167 534.035 534.155 534.552 534.087 533.82 533.827 533.857 533.825 533.785 533.762 533.665 533.552 533.597 533.667 533.755 534.15 533.817 533.732 533.92 534.742 534.87 534.407 533.972 533.96 534.035 534.19 534.2 534.155 534.24 534.325 534.325 534.39 534.445 534.847 534.76 535.105 535.607 535.592 535.505 535.647 535.777 535.81 535.872 535.785 535.847 535.812 535.757
535.137 534.477 534.572 535.28 535.43 535.19 534.992 534.972 535.467 535.622 535.267 534.84 534.7 534.46 534.455 534.55 534.822 534.717 534.222 533.802 533.955 534.84 535.092 535.23 534.905 534.695 534.312 534.062 533.957 533.945 533.86 533.887 533.85 533.762 533.692 533.695 533.662 533.632 533.782 533.992 533.857 534.255 534.03 533.785 534.065 534.775 535 534.73 534.2 534.015 534.12 534.98 534.732 534.48 534.65 534.527 534.347 534.325 534.265 534.365 534.515 534.652 535.262 535.532 535.52 535.547 535.655 535.762 535.792 535.825 535.84 535.8 535.787
535.687 534.9 534.607 535.375 535.672 535.522 535.342 535.082 535.25 535.71 535.597 535.325 534.902 534.635 534.485 534.537 534.852 534.832 534.17 533.837 533.85 534.3 534.587 534.915 535.017 534.992 534.647 534.487 534.392 533.982 533.85 534.062 534.005 533.782 533.807 533.755 533.785 533.76 534.01 534.445 534.225 534.382 534.265 534.135 534.355 534.835 534.627 534.5 534.245 534.115 534.045 534.64 534.61 534.595 534.99 534.905 534.62 534.437 534.325 534.287 534.392 534.467 534.707 535.162 535.365 535.505 535.572 535.612 535.71 535.837 535.88 535.78 535.765
