20220701_namedtuples/mapdata/sd8679_DSM_2M.asc
ncols 500
nrows 500
xllcorner    386000
yllcorner    479000
cellsize     2
NODATA_value -9999
[rows 464 to 492 of 500, columns 0 to 66 of 500]
513.235 513.002 512.712 512.452 512.442 512.332 512.25 512.182 512.127 512.072 512.137 512.13 512.182 512.052 511.79 511.857 511.777 511.835 511.895 511.922 511.987 512.272 512.437 512.387 512.392 512.415 512.737 512.987 513.13 513.297 513.427 513.205 513.142 513.085 513.095 513.222 513.407 513.335 513.295 513.33 513.352 513.437 513.437 513.535 513.48 513.482 513.455 513.352 513.302 513.292 513.34 513.512 513.607 513.44 513.395 513.392 513.4 513.39 513.335 513.552 513.692 513.972 514.262 514.505 514.897 515.08 515.207
513.835 513.505 513.065 512.85 512.837 512.792 512.695 512.607 512.62 512.637 512.567 512.615 512.655 512.532 512.295 512.192 512.182 512.227 512.342 512.402 512.56 512.722 512.832 512.827 512.87 512.857 513.042 513.387 513.557 513.787 513.912 513.81 513.72 513.645 513.64 513.64 513.712 513.745 513.907 514.077 514.097 513.86 513.867 514.09 514.055 514.022 514.035 513.962 513.927 513.857 513.872 513.947 513.94 513.915 513.865 513.875 513.855 513.895 513.93 514.017 514.092 514.5 514.812 515 515.27 515.565 515.722
514.417 514.172 513.65 513.39 513.245 513.25 513.097 513.042 513.065 513.102 513.052 513.032 513.03 512.862 512.77 512.772 512.652 512.655 512.732 513.062 513.195 513.25 513.23 513.18 513.26 513.342 513.51 513.765 514.052 514.3 514.422 514.34 514.317 514.217 514.155 514.125 514.105 514.212 514.427 514.48 514.545 514.577 514.432 514.43 514.487 514.462 514.555 514.522 514.515 514.34 514.327 514.395 514.472 514.472 514.417 514.442 514.407 514.415 514.495 514.487 514.625 514.942 515.225 515.425 515.707 515.977 516.175
514.89 514.617 514.155 513.93 513.865 513.8 513.702 513.635 513.602 513.585 513.53 513.462 513.412 513.29 513.192 513.295 513.26 513.222 513.43 513.617 513.69 513.752 513.725 513.727 513.65 513.72 513.857 514.09 514.38 514.647 514.832 514.892 514.892 514.785 514.665 514.517 514.612 514.75 514.862 514.977 515.042 515.045 514.945 514.887 514.97 515.03 515.085 515.055 514.965 514.867 514.897 514.925 514.995 515.032 514.982 515.042 514.98 514.92 514.925 515.017 515.24 515.43 515.607 515.832 516.147 516.45 516.612
515.432 515.025 514.71 514.525 514.455 514.385 514.232 514.17 514.1 514.06 513.977 513.95 514.04 513.952 513.785 513.75 513.837 513.852 513.947 514.092 514.137 514.19 514.155 514.185 514.175 514.28 514.355 514.522 514.702 514.95 515.147 515.202 515.245 515.192 515.017 514.97 515.185 515.432 515.64 515.68 515.547 515.592 515.405 515.357 515.515 515.55 515.675 515.717 515.517 515.467 515.555 515.547 515.552 515.552 515.595 515.582 515.47 515.495 515.507 515.552 515.53 515.777 516.057 516.277 516.592 516.867 517.007
515.79 515.55 515.34 515.177 515.137 514.89 514.795 514.827 514.775 514.605 514.46 514.415 514.422 514.405 514.275 514.31 514.377 514.447 514.587 514.757 514.797 514.67 514.625 514.742 514.865 514.915 514.985 515.297 515.505 515.59 515.622 515.535 515.475 515.45 515.33 515.537 515.865 516.077 516.202 516.215 516.152 516.045 516.107 515.992 516.037 516.105 516.205 516.182 516.112 516.127 516.257 516.277 516.2 516.085 516.097 516.025 516.03 516.1 516.092 516.137 516.152 516.235 516.385 516.672 516.972 517.29 517.422
516.402 516.177 516.03 515.797 515.61 515.41 515.33 515.302 515.227 515.117 515.065 514.947 514.927 514.93 514.857 514.867 514.942 515.077 515.107 515.27 515.237 515.24 515.272 515.44 515.55 515.66 515.767 515.997 516.26 516.257 516.23 516.07 515.732 515.722 515.875 516.225 516.435 516.592 516.71 516.785 516.76 516.607 516.702 516.585 516.447 516.577 516.822 516.8 516.742 516.76 516.757 516.812 516.64 516.617 516.685 516.585 516.515 516.57 516.702 516.652 516.605 516.612 516.81 517.097 517.46 517.69 517.782
517.057 516.785 516.522 516.365 516.245 516.072 515.872 515.767 515.705 515.62 515.575 515.482 515.442 515.497 515.417 515.482 515.587 515.7 515.67 515.667 515.88 515.922 515.89 516.017 516.192 516.282 516.375 516.687 516.93 516.917 516.84 516.577 516.145 516.11 516.467 516.762 516.925 517.06 517.172 517.25 517.245 517.105 517.085 517.04 516.982 517.055 517.11 517.207 517.25 517.392 517.35 517.402 517.23 517.167 517.197 517.062 516.972 517.042 517.13 517.215 517.17 517.18 517.232 517.652 517.967 518.147 518.185
517.602 517.517 516.837 516.702 516.865 516.627 516.445 516.28 516.22 516.075 516.06 516.077 515.997 516.02 516.142 516.11 516.185 516.265 516.232 516.21 516.627 516.527 516.455 516.557 516.692 516.757 516.84 517.107 517.387 517.397 517.317 517.022 516.572 516.522 516.892 517.185 517.362 517.465 517.542 517.622 517.625 517.602 517.575 517.647 517.645 517.592 517.557 517.6 517.647 517.802 517.952 518.01 517.94 517.77 517.727 517.647 517.512 517.52 517.672 517.635 517.685 517.762 517.912 518.31 518.487 518.595 518.672
518.127 518.032 517.637 517.302 517.437 517.127 516.965 516.887 516.795 516.617 516.655 516.702 516.59 516.607 516.887 516.832 516.782 516.802 516.81 516.88 517.225 517.085 516.987 517.065 517.145 517.235 517.242 517.435 517.72 517.762 517.617 517.307 517.027 517.027 517.155 517.47 517.665 517.78 517.887 517.965 517.932 517.952 518.007 518.107 517.992 517.967 517.985 517.937 517.995 518.192 518.412 518.517 518.54 518.5 518.405 518.31 518.037 517.99 518.167 518.212 518.26 518.342 518.657 518.877 518.99 519.115 519.217
518.51 518.365 518.087 517.747 517.785 517.645 517.49 517.412 517.367 517.22 517.237 517.25 517.162 517.142 517.275 517.337 517.262 517.282 517.322 517.37 517.687 517.57 517.537 517.59 517.557 517.607 517.655 517.795 518.025 518.052 517.847 517.57 517.41 517.497 517.48 517.667 517.892 518.095 518.192 518.22 518.247 518.26 518.325 518.47 518.407 518.315 518.305 518.345 518.407 518.572 518.775 518.897 518.972 519.077 519.025 518.965 518.772 518.482 518.52 518.68 518.745 518.815 519.13 519.385 519.515 519.645 519.765
518.857 518.73 518.255 518.102 518.155 518.057 517.92 517.847 517.825 517.715 517.555 517.707 517.625 517.555 517.555 517.565 517.655 517.692 517.762 517.92 518.107 518.04 518.002 518.09 518.037 517.995 518.065 518.205 518.307 518.257 518.077 518.017 518.002 518.04 517.997 518.015 518.155 518.27 518.437 518.47 518.477 518.47 518.595 518.695 518.665 518.652 518.645 518.697 518.755 518.88 519.032 519.212 519.4 519.442 519.462 519.445 519.312 519.13 519.077 519.017 519.05 519.225 519.59 519.87 520.052 520.22 520.372
519.237 518.955 518.597 518.55 518.482 518.542 518.397 518.34 518.277 518.137 518.127 518.072 517.977 517.977 518.075 518.092 518.11 518.142 518.147 518.347 518.455 518.46 518.46 518.535 518.527 518.42 518.497 518.562 518.59 518.425 518.415 518.497 518.5 518.492 518.51 518.46 518.447 518.487 518.592 518.645 518.64 518.71 518.82 518.862 518.985 519.015 519.032 519.015 518.985 519.117 519.332 519.522 519.7 519.787 519.817 519.792 519.715 519.587 519.445 519.377 519.465 519.78 520.055 520.265 520.537 520.722 520.817
519.61 519.222 518.985 519.032 519.012 519.112 519.115 518.89 518.67 518.605 518.645 518.497 518.287 518.347 518.52 518.582 518.555 518.522 518.472 518.762 518.83 518.812 518.837 518.87 518.92 518.935 518.88 518.852 518.87 518.732 518.822 518.89 518.882 518.91 519.045 518.997 518.852 518.702 518.72 518.835 518.835 518.962 519.11 519.115 519.215 519.267 519.32 519.357 519.257 519.132 519.23 519.667 519.962 520.072 520.155 520.18 520.085 520.055 519.835 519.682 519.902 520.132 520.357 520.61 520.952 521.125 521.242
519.892 519.475 519.48 519.297 519.245 519.405 519.425 519.17 518.93 518.937 519.107 518.895 518.697 518.6 518.765 518.97 519.077 519.092 519.072 519.105 519.112 519.08 519.12 519.147 519.217 519.245 519.252 519.172 519.157 519.137 519.202 519.275 519.307 519.27 519.36 519.4 519.33 519.105 518.997 519.015 518.985 519.06 519.26 519.337 519.392 519.517 519.6 519.7 519.71 519.597 519.667 519.912 520.1 520.252 520.35 520.415 520.415 520.412 520.37 520.232 520.14 520.445 520.717 520.93 521.357 521.562 521.672
520.132 519.802 519.705 519.507 519.55 519.812 519.772 519.38 519.14 519.225 519.34 519.207 519.027 519.015 519.157 519.21 519.355 519.542 519.547 519.51 519.455 519.35 519.395 519.467 519.54 519.492 519.587 519.53 519.447 519.617 519.725 519.782 519.777 519.755 519.8 519.912 519.847 519.732 519.682 519.522 519.345 519.39 519.442 519.655 519.65 519.795 519.922 520.052 520.067 520.01 520.05 520.157 520.242 520.41 520.552 520.67 520.7 520.777 520.907 520.832 520.647 520.875 521.067 521.297 521.76 521.997 522.077
520.645 520.227 519.822 519.767 520.03 520.225 520.06 519.685 519.53 519.525 519.527 519.547 519.557 519.597 519.532 519.307 519.41 519.697 519.82 519.782 519.715 519.707 519.745 519.74 519.74 519.767 519.787 519.82 519.835 520.13 520.2 520.172 520.205 520.217 520.242 520.3 520.39 520.352 520.395 520.242 520.025 520.022 520.012 520.042 519.982 520.085 520.332 520.467 520.402 520.302 520.357 520.4 520.422 520.562 520.8 521.03 521.085 521.12 521.255 521.3 521.225 521.322 521.482 521.707 522.037 522.272 522.41
521.005 520.195 520.11 520.39 520.602 520.535 520.165 519.967 519.9 519.85 519.857 519.967 519.992 519.985 519.812 519.587 519.65 519.835 519.962 520.017 520.085 520.15 520.172 520.112 520.162 520.2 520.142 520.215 520.245 520.395 520.537 520.565 520.622 520.635 520.637 520.685 520.697 520.777 520.857 520.822 520.69 520.717 520.632 520.697 520.705 520.657 520.81 520.885 520.875 520.902 520.862 520.71 520.717 520.815 521.01 521.27 521.342 521.592 521.805 521.935 521.887 522.045 521.98 522.137 522.432 522.59 522.735
521.255 520.225 520.3 520.63 520.995 520.907 520.395 520.255 520.207 520.15 520.237 520.315 520.37 520.415 520.277 520.2 520.26 520.245 520.315 520.42 520.562 520.63 520.74 520.707 520.677 520.732 520.825 521.047 521.005 520.805 520.882 520.877 520.977 521.117 521.225 521.27 521.192 521.202 521.23 521.337 521.42 521.445 521.417 521.34 521.44 521.38 521.56 521.622 521.297 521.48 521.645 521.41 521.395 521.337 521.407 521.525 521.807 522.28 522.467 522.58 522.71 522.89 522.61 522.642 522.95 523.155 523.265
521.395 520.455 520.595 520.597 521.33 521.142 520.715 520.652 520.572 520.565 520.602 520.692 520.672 520.772 520.725 520.672 520.632 520.72 520.79 520.865 520.995 521.145 521.177 521.167 521.22 521.3 521.44 521.615 521.68 521.602 521.635 521.365 521.225 521.335 521.62 521.725 521.542 521.692 521.76 521.872 522.06 522.117 522.065 521.895 522.042 522.04 522.295 522.34 521.945 522.217 522.382 522.317 522.247 522.042 522 522.055 522.422 522.862 523.002 523.145 523.315 523.465 523.12 523.032 523.372 523.86 523.97
521.585 520.802 520.815 521.292 521.637 521.365 521.007 520.99 520.94 520.93 520.935 521.037 521.01 521.075 521.097 520.96 520.9 521.122 521.2 521.277 521.48 521.595 521.597 521.605 521.672 521.85 522.017 522.017 522.185 522.247 522.195 521.897 521.87 522.057 522.272 522.227 522.15 522.11 522.29 522.365 522.477 522.75 522.57 522.565 522.787 522.84 523.055 523.002 522.765 523.02 522.967 523.11 522.927 522.64 522.562 522.537 522.867 523.415 523.582 523.75 523.75 523.977 523.72 523.325 523.63 524.285 524.432
521.815 521.345 521.347 521.737 521.9 521.632 521.342 521.347 521.285 521.312 521.297 521.32 521.27 521.31 521.372 521.282 521.302 521.477 521.535 521.67 521.88 522.027 522.067 522.102 522.305 522.267 522.397 522.512 522.695 522.757 522.705 522.625 522.647 522.797 522.78 522.712 522.637 522.625 522.777 522.917 523.017 523.182 523.017 523.235 523.522 523.567 523.567 523.455 523.222 523.385 523.55 523.607 523.44 523.245 523.155 523.19 523.452 523.932 524.06 524.205 524.21 524.302 524.362 523.775 523.755 524.542 524.852
521.957 521.79 521.695 521.947 522.14 521.827 521.712 521.695 521.63 521.672 521.637 521.705 521.74 521.725 521.692 521.632 521.71 521.912 522.055 522.185 522.507 522.707 522.827 522.847 522.815 522.675 522.685 522.887 523.115 523.177 523.185 523.095 523.15 523.257 523.195 523.217 523.187 523.115 523.365 523.41 523.525 523.557 523.4 523.81 524.077 524.087 524.005 523.862 523.547 523.665 523.915 523.987 523.912 523.927 523.897 523.735 524.16 524.41 524.497 524.497 524.495 524.677 524.797 524.262 523.825 524.717 525.152
522.217 522.08 522.03 522.125 522.265 522.107 522.102 522.042 522.115 522.045 521.997 522.105 522.177 522.165 522.157 522.012 522.06 522.247 522.452 522.6 522.777 523.257 523.357 523.367 523.357 523.172 523.185 523.325 523.44 523.51 523.557 523.525 523.58 523.7 523.622 523.685 523.662 523.685 523.81 523.8 523.932 523.902 523.965 524.3 524.4 524.42 524.357 524.245 523.875 523.957 524.272 524.395 524.485 524.545 524.482 524.092 524.512 524.872 524.917 524.84 524.795 524.917 525.082 524.69 523.99 524.677 525.41
522.467 522.372 522.365 522.475 522.505 522.482 522.467 522.41 522.432 522.257 522.267 522.44 522.415 522.315 522.44 522.475 522.44 522.54 522.78 522.902 523.037 523.627 523.862 523.79 523.645 523.46 523.51 523.672 523.775 523.877 523.962 523.922 523.932 523.902 523.952 524.072 524.12 524.23 524.122 524.162 524.245 524.33 524.302 524.572 524.732 524.752 524.707 524.627 524.225 524.12 524.532 524.767 524.91 524.975 524.927 524.5 524.59 525.195 525.342 525.257 525.075 525.1 525.335 525.075 524.447 524.69 525.57
522.715 522.632 522.655 522.762 522.787 522.867 522.84 522.745 522.712 522.595 522.607 522.712 522.765 522.8 522.932 523.047 523.03 523.022 523.2 523.28 523.232 523.827 524.08 524.052 523.99 523.752 523.852 524.007 524.005 524.147 524.232 524.312 524.377 524.26 524.357 524.415 524.515 524.462 524.377 524.432 524.625 524.742 524.695 524.825 524.962 525.02 524.997 524.955 524.695 524.462 524.93 525.122 525.267 525.372 525.312 525.032 525.08 525.492 525.71 525.742 525.605 525.465 525.447 525.422 525.05 524.897 525.465
523.117 523.04 523.105 523.207 523.132 523.17 523.222 523.182 523.22 523.115 523.095 523.292 523.365 523.457 523.465 523.612 523.647 523.602 523.705 523.752 523.785 524.402 524.465 524.422 524.382 524.26 524.152 524.145 524.21 524.455 524.602 524.67 524.745 524.645 524.737 524.772 524.742 524.722 524.7 524.69 524.837 524.955 525.017 525.057 525.187 525.265 525.262 525.207 524.98 524.985 525.32 525.442 525.612 525.705 525.707 525.632 525.615 525.92 526.1 526.175 526.202 526.062 525.88 525.715 525.385 525.307 525.6
523.7 523.695 523.685 523.727 523.522 523.517 523.662 523.8 523.792 523.767 523.742 523.912 524.022 524.135 524.117 524.205 524.205 524.077 524.202 524.242 524.535 524.945 524.907 524.862 524.85 524.767 524.57 524.437 524.412 524.617 524.85 524.905 524.905 524.887 524.985 525.085 525.112 525.045 525.057 525.042 525.107 525.142 525.287 525.292 525.487 525.565 525.577 525.532 525.242 525.555 525.747 525.812 525.937 526.022 526.015 525.977 526.057 526.29 526.45 526.585 526.562 526.505 526.462 526.385 525.712 525.56 526.012
524.265 524.247 524.14 523.95 523.725 523.65 523.932 524.17 524.31 524.345 524.375 524.495 524.62 524.617 524.58 524.667 524.695 524.55 524.577 524.65 525.175 525.33 525.307 525.242 525.32 525.252 524.972 524.85 524.84 524.815 524.962 525.152 525.145 525.11 525.242 525.367 525.44 525.397 525.372 525.332 525.392 525.39 525.497 525.552 525.73 525.785 525.84 525.77 525.497 525.91 526.062 526.152 526.272 526.362 526.382 526.355 526.377 526.58 526.757 526.897 526.932 526.992 526.86 526.795 526.157 525.85 526.19
