20220701_namedtuples/mapdata/sd8676_DSM_2M.asc
ncols 500
nrows 500
xllcorner    386000
yllcorner    476000
cellsize     2
NODATA_value -9999
[rows 0 to 29 of 500, columns 408 to 475 of 500]
358.319 358.127 357.904 357.609 357.302 357.072 356.819 356.609 356.527 356.482 356.644 356.229 355.844 355.287 354.997 354.744 354.507 354.252 354.022 353.772 353.534 353.347 353.117 352.872 352.657 352.417 352.197 351.947 351.682 351.379 351.102 350.762 350.459 350.064 349.724 349.377 349.057 348.697 348.309 347.897 347.539 347.199 346.844 346.512 346.227 345.892 345.539 345.167 344.789 344.444 344.124 343.757 343.429 343.147 342.839 342.472 342.099 341.762 341.444 341.074 340.669 340.212 339.782 339.302 338.824 338.469 338.117 337.847
358.247 358.069 357.774 357.542 357.267 356.999 356.744 356.542 356.302 356.087 355.859 355.659 355.469 355.547 355.472 355.097 354.672 354.222 353.954 353.709 353.459 353.259 353.059 352.849 352.614 352.367 352.137 351.909 351.604 351.304 350.994 350.694 350.414 350.092 349.739 349.404 349.029 348.652 348.232 347.822 347.474 347.124 346.744 346.449 346.139 345.844 345.489 345.084 344.679 344.327 344.032 343.672 343.347 343.057 342.697 342.372 342.027 341.694 341.367 341.004 340.537 340.137 339.684 339.214 338.759 338.322 338.027 337.724
358.257 357.992 357.719 357.414 357.132 356.872 356.672 356.432 356.199 355.984 355.744 355.507 355.209 354.979 354.789 354.717 354.862 354.687 354.554 353.944 353.569 353.232 353.009 352.769 352.534 352.319 352.064 351.829 351.549 351.264 350.917 350.624 350.309 350.034 349.687 349.329 348.957 348.554 348.174 347.777 347.424 347.052 346.699 346.359 346.052 345.762 345.394 344.949 344.567 344.222 343.897 343.584 343.237 342.927 342.609 342.274 341.902 341.627 341.232 340.849 340.477 340.027 339.604 339.139 338.632 338.269 337.929 337.594
358.282 357.949 357.627 357.337 357.067 356.787 356.564 356.312 356.104 355.852 355.602 355.379 355.147 354.922 354.679 354.509 354.242 354.027 353.859 353.984 353.957 353.727 353.514 352.979 352.534 352.262 351.979 351.767 351.517 351.172 350.899 350.594 350.247 349.907 349.584 349.242 348.869 348.472 348.074 347.682 347.359 346.962 346.637 346.289 346.004 345.667 345.317 344.922 344.487 344.182 343.802 343.509 343.164 342.879 342.527 342.169 341.829 341.497 341.107 340.707 340.314 339.942 339.519 339.029 338.527 338.134 337.844 337.527
358.202 357.889 357.597 357.292 357.009 356.747 356.484 356.212 355.997 355.764 355.532 355.262 355.042 354.819 354.614 354.452 354.227 353.989 353.729 353.509 353.274 353.022 352.824 352.897 352.949 352.734 352.452 351.957 351.514 351.114 350.827 350.512 350.177 349.862 349.554 349.202 348.812 348.392 347.994 347.614 347.282 346.889 346.544 346.214 345.934 345.602 345.252 344.882 344.484 344.102 343.734 343.432 343.097 342.779 342.479 342.087 341.692 341.407 340.982 340.597 340.237 339.817 339.434 338.919 338.407 338.082 337.739 337.429
358.147 357.854 357.539 357.262 356.977 356.712 356.427 356.147 355.902 355.652 355.427 355.199 354.929 354.724 354.559 354.362 354.137 353.904 353.649 353.422 353.167 352.939 352.724 352.514 352.279 352.047 351.837 351.994 351.852 351.637 351.412 350.584 350.149 349.792 349.427 349.079 348.724 348.364 347.922 347.549 347.177 346.822 346.489 346.139 345.829 345.527 345.214 344.867 344.434 344.057 343.694 343.374 343.014 342.729 342.377 342.002 341.644 341.279 340.899 340.524 340.104 339.687 339.302 338.829 338.354 337.969 337.652 337.307
358.109 357.792 357.494 357.192 356.922 356.677 356.392 356.094 355.857 355.574 355.354 355.172 354.924 354.677 354.502 354.302 354.074 353.792 353.564 353.339 353.119 352.892 352.664 352.409 352.207 351.942 351.657 351.439 351.134 350.862 350.762 350.737 350.497 350.274 349.742 349.137 348.659 348.244 347.894 347.507 347.142 346.774 346.394 346.092 345.769 345.449 345.122 344.719 344.329 343.962 343.597 343.262 342.947 342.637 342.327 341.927 341.564 341.229 340.839 340.489 340.077 339.597 339.157 338.699 338.292 337.939 337.572 337.294
358.032 357.732 357.457 357.177 356.902 356.637 356.349 356.087 355.817 355.552 355.334 355.079 354.862 354.602 354.424 354.239 354.009 353.754 353.539 353.277 353.044 352.832 352.634 352.364 352.139 351.872 351.577 351.312 351.007 350.722 350.419 350.147 349.849 349.579 349.529 349.502 348.974 348.724 348.054 347.454 347.072 346.664 346.312 346.007 345.674 345.357 345.054 344.599 344.184 343.844 343.512 343.174 342.849 342.529 342.169 341.827 341.457 341.099 340.779 340.402 339.997 339.537 339.087 338.682 338.234 337.877 337.562 337.269
358.012 357.719 357.442 357.159 356.897 356.627 356.352 356.074 355.817 355.542 355.289 355.049 354.842 354.612 354.404 354.169 353.892 353.694 353.444 353.197 352.977 352.782 352.534 352.324 352.097 351.822 351.527 351.234 350.927 350.632 350.314 350.039 349.729 349.419 349.137 348.804 348.467 348.167 347.984 347.872 347.434 346.902 346.327 345.914 345.582 345.269 344.904 344.457 344.084 343.759 343.469 343.157 342.827 342.472 342.127 341.729 341.374 341.002 340.657 340.294 339.897 339.497 339.057 338.584 338.187 337.802 337.477 337.217
358.004 357.692 357.399 357.152 356.879 356.594 356.324 356.082 355.822 355.564 355.302 355.079 354.827 354.587 354.409 354.137 353.862 353.654 353.387 353.142 352.904 352.712 352.489 352.277 352.064 351.784 351.459 351.187 350.829 350.552 350.224 349.902 349.649 349.322 348.989 348.677 348.332 347.917 347.532 347.177 346.882 346.719 346.599 346.247 345.967 345.529 344.964 344.362 343.934 343.677 343.417 343.139 342.777 342.434 342.067 341.697 341.329 340.987 340.592 340.244 339.852 339.447 338.949 338.519 338.104 337.759 337.439 337.129
357.984 357.654 357.404 357.144 356.864 356.582 356.299 356.097 355.807 355.557 355.297 355.054 354.809 354.612 354.372 354.129 353.882 353.609 353.379 353.099 352.879 352.649 352.427 352.197 351.984 351.712 351.422 351.094 350.754 350.459 350.184 349.869 349.554 349.272 348.934 348.599 348.274 347.899 347.512 347.124 346.734 346.364 346.014 345.754 345.487 345.354 345.139 344.744 343.847 343.542 343.377 343.097 342.684 342.339 342.012 341.654 341.309 340.912 340.492 340.169 339.767 339.352 338.857 338.402 338.062 337.699 337.409 337.089
357.942 357.674 357.382 357.109 356.832 356.572 356.287 356.047 355.804 355.529 355.287 355.042 354.812 354.629 354.384 354.094 353.832 353.617 353.344 353.069 352.847 352.639 352.417 352.162 351.899 351.657 351.342 351.082 350.724 350.397 350.099 349.829 349.527 349.199 348.902 348.544 348.229 347.859 347.424 347.049 346.654 346.317 345.972 345.654 345.349 345.012 344.562 344.122 343.724 343.567 344.037 343.574 342.867 342.327 341.937 341.597 341.202 340.809 340.412 340.014 339.637 339.157 338.747 338.329 338.019 337.724 337.394 337.074
357.919 357.627 357.352 357.084 356.842 356.542 356.237 356.019 355.757 355.502 355.269 355.019 354.794 354.604 354.359 354.109 353.827 353.587 353.297 353.062 352.837 352.622 352.389 352.137 351.842 351.614 351.332 351.029 350.707 350.362 350.069 349.792 349.484 349.147 348.839 348.524 348.177 347.789 347.414 347.012 346.627 346.279 345.942 345.607 345.284 344.914 344.534 344.082 343.762 343.549 343.289 343.074 342.954 342.732 342.419 342.034 341.377 340.757 340.337 339.939 339.439 339.009 338.639 338.329 338.017 337.687 337.367 337.024
357.827 357.572 357.319 357.022 356.807 356.542 356.242 355.987 355.739 355.477 355.219 354.992 354.804 354.584 354.347 354.102 353.837 353.542 353.297 353.044 352.817 352.624 352.387 352.117 351.842 351.564 351.277 350.967 350.679 350.352 350.057 349.767 349.469 349.149 348.849 348.499 348.149 347.769 347.382 346.982 346.592 346.277 345.937 345.587 345.269 344.914 344.542 344.127 343.829 343.577 343.249 342.884 342.554 342.157 342.037 342.022 341.509 341.114 340.797 340.244 339.589 339.017 338.674 338.329 337.999 337.689 337.362 337.022
357.774 357.489 357.212 356.962 356.739 356.492 356.237 355.959 355.709 355.457 355.189 354.967 354.787 354.557 354.317 354.072 353.817 353.579 353.317 353.059 352.849 352.612 352.377 352.107 351.849 351.577 351.332 350.989 350.702 350.389 350.059 349.774 349.497 349.159 348.847 348.504 348.152 347.764 347.392 347.014 346.632 346.304 345.974 345.639 345.284 344.927 344.532 344.159 343.882 343.567 343.239 342.899 342.497 342.137 341.897 341.947 341.044 340.592 340.147 339.814 339.637 339.287 339.059 338.709 338.304 338.204 337.599 337.374
357.759 357.444 357.167 356.889 356.682 356.437 356.199 355.912 355.647 355.414 355.167 354.952 354.747 354.509 354.274 354.052 353.794 353.564 353.324 353.122 352.857 352.627 352.394 352.089 351.819 351.564 351.289 350.969 350.712 350.417 350.104 349.812 349.509 349.204 348.904 348.559 348.202 347.827 347.439 347.024 346.679 346.327 345.999 345.667 345.324 344.937 344.532 344.192 343.869 343.582 343.239 342.879 342.474 342.104 341.969 341.744 340.944 340.527 340.049 339.614 339.202 338.859 338.552 338.229 337.907 337.594 337.317 336.954
357.697 357.399 357.127 356.832 356.589 356.352 356.137 355.867 355.599 355.352 355.124 354.934 354.692 354.464 354.214 353.987 353.767 353.559 353.342 353.109 352.904 352.637 352.392 352.112 351.809 351.552 351.249 350.977 350.737 350.437 350.144 349.832 349.514 349.234 348.907 348.624 348.267 347.874 347.482 347.102 346.724 346.377 345.999 345.652 345.297 344.954 344.572 344.227 343.907 343.599 343.254 342.882 342.452 342.054 341.849 341.734 340.924 340.424 339.969 339.504 339.139 338.842 338.544 338.249 337.929 337.612 337.304 336.937
357.669 357.304 357.017 356.739 356.487 356.264 356.042 355.799 355.554 355.309 355.092 354.904 354.667 354.449 354.202 353.944 353.737 353.539 353.322 353.132 352.892 352.652 352.384 352.109 351.799 351.537 351.229 350.969 350.687 350.424 350.127 349.827 349.534 349.257 348.952 348.644 348.269 347.894 347.497 347.119 346.742 346.417 346.032 345.679 345.339 344.944 344.597 344.259 343.944 343.607 343.244 342.849 342.434 341.969 341.892 341.397 340.769 340.327 339.799 339.404 339.112 338.904 338.614 338.267 337.919 337.594 337.287 336.922
358.232 357.352 357.017 356.694 356.429 356.227 356.007 355.717 355.487 355.269 355.052 354.869 354.647 354.389 354.199 353.924 353.754 353.514 353.302 353.104 352.867 352.592 352.337 352.067 351.794 351.502 351.237 350.979 350.667 350.399 350.112 349.814 349.532 349.259 348.984 348.672 348.312 347.917 347.532 347.167 346.762 346.404 346.072 345.712 345.359 345.027 344.659 344.304 343.934 343.549 343.174 342.784 342.369 341.892 341.842 341.187 340.529 339.997 339.647 339.362 339.174 338.952 338.672 338.322 337.987 337.617 337.269 336.929
357.657 357.869 357.449 356.982 356.464 356.214 355.947 355.637 355.417 355.214 355.037 354.827 354.594 354.377 354.129 353.912 353.702 353.487 353.279 353.052 352.799 352.552 352.282 351.999 351.717 351.437 351.192 350.919 350.659 350.344 350.062 349.804 349.519 349.232 348.962 348.639 348.279 347.884 347.529 347.162 346.807 346.452 346.059 345.712 345.359 345.044 344.692 344.367 343.989 343.559 343.119 342.724 342.314 341.802 341.762 340.792 340.222 339.869 339.634 339.432 339.194 338.977 338.669 338.364 337.969 337.647 337.272 336.907
357.397 357.094 356.882 356.972 357.014 356.342 355.969 355.632 355.372 355.157 354.969 354.792 354.509 354.309 354.102 353.897 353.669 353.452 353.219 353.017 352.729 352.467 352.189 351.902 351.614 351.367 351.124 350.872 350.602 350.302 350.054 349.774 349.484 349.184 348.934 348.612 348.262 347.852 347.509 347.162 346.817 346.424 346.077 345.717 345.387 345.047 344.724 344.344 343.957 343.504 343.102 342.687 342.239 341.779 341.834 340.599 340.134 339.907 339.702 339.457 339.192 338.899 338.659 338.272 337.937 337.552 337.204 336.794
357.294 357.014 356.739 356.457 356.242 356.157 356.422 356.209 355.489 355.139 354.924 354.682 354.452 354.234 354.037 353.862 353.654 353.417 353.177 352.944 352.664 352.394 352.099 351.832 351.582 351.329 351.069 350.842 350.579 350.284 349.989 349.704 349.424 349.179 348.894 348.589 348.249 347.882 347.549 347.182 346.834 346.492 346.107 345.759 345.404 345.037 344.664 344.279 343.864 343.449 343.009 342.612 342.157 341.672 342.019 340.789 340.259 339.919 339.667 339.452 339.199 338.864 338.557 338.199 337.842 337.482 337.112 336.729
357.192 356.924 356.659 356.429 356.172 355.947 355.697 355.574 355.854 355.597 355.067 354.707 354.432 354.174 354.007 353.812 353.602 353.357 353.152 352.914 352.619 352.352 352.074 351.777 351.497 351.249 351.022 350.819 350.557 350.234 349.977 349.687 349.407 349.154 348.844 348.547 348.207 347.852 347.547 347.214 346.844 346.467 346.124 345.787 345.424 345.057 344.639 344.269 343.817 343.367 342.917 342.412 341.979 341.522 341.142 340.764 340.392 339.987 339.657 339.424 339.119 338.824 338.502 338.119 337.729 337.364 336.997 336.629
357.129 356.864 356.622 356.382 356.099 355.869 355.629 355.384 355.172 355.069 355.277 355.029 354.622 354.227 353.994 353.814 353.554 353.307 353.102 352.819 352.554 352.307 352.019 351.729 351.484 351.212 351.027 350.779 350.492 350.214 349.937 349.647 349.389 349.089 348.799 348.487 348.174 347.837 347.534 347.202 346.864 346.512 346.162 345.827 345.447 345.064 344.669 344.264 343.834 343.404 342.902 342.427 341.907 341.442 341.047 340.672 340.372 340.012 339.712 339.377 339.037 338.722 338.412 338.057 337.672 337.264 336.914 336.517
357.112 356.822 356.544 356.304 356.082 355.827 355.582 355.367 355.129 354.917 354.679 354.582 354.812 354.782 354.204 353.842 353.509 353.259 352.984 352.714 352.479 352.237 351.952 351.677 351.424 351.167 350.964 350.709 350.434 350.137 349.852 349.569 349.364 349.084 348.759 348.459 348.142 347.802 347.504 347.189 346.847 346.522 346.194 345.854 345.479 345.077 344.699 344.304 343.794 343.387 342.969 342.517 342.032 341.542 341.652 340.819 340.367 340.027 339.647 339.312 338.982 338.639 338.309 337.927 337.537 337.204 336.784 336.412
357.522 356.792 356.537 356.249 356.007 355.757 355.512 355.337 355.134 354.854 354.632 354.462 354.257 354.254 354.402 354.229 353.877 353.327 352.942 352.629 352.344 352.107 351.842 351.592 351.332 351.097 350.892 350.617 350.329 350.037 349.777 349.529 349.304 349.054 348.749 348.409 348.064 347.782 347.464 347.162 346.849 346.507 346.197 345.872 345.484 345.097 344.719 344.267 343.817 343.367 342.949 342.529 342.077 341.634 341.817 340.832 340.439 340.019 339.639 339.282 338.932 338.614 338.289 337.874 337.479 337.069 336.704 336.297
357.427 357.304 356.492 356.264 355.994 355.727 355.507 355.299 355.077 354.822 354.604 354.427 354.202 354.002 353.757 353.559 353.634 353.612 353.314 352.639 352.279 352.014 351.689 351.469 351.214 350.967 350.769 350.509 350.217 349.944 349.689 349.444 349.219 348.934 348.709 348.349 348.029 347.702 347.432 347.162 346.822 346.502 346.157 345.784 345.494 345.107 344.679 344.227 343.807 343.407 342.964 342.512 342.082 341.622 341.647 340.827 340.399 340.012 339.659 339.302 338.962 338.617 338.249 337.882 337.464 337.059 336.632 336.272
356.977 357.244 357.037 356.262 355.959 355.687 355.482 355.262 355.044 354.802 354.597 354.359 354.164 353.899 353.649 353.394 353.167 352.929 352.757 352.979 352.867 352.124 351.667 351.367 351.097 350.847 350.602 350.387 350.097 349.829 349.607 349.379 349.114 348.839 348.574 348.262 347.934 347.627 347.339 347.062 346.764 346.452 346.112 345.772 345.419 345.072 344.622 344.162 343.802 343.377 342.924 342.507 342.047 341.582 341.809 340.807 340.379 340.014 339.624 339.304 338.929 338.602 338.247 337.857 337.427 336.999 336.619 336.222
356.962 356.749 356.884 356.684 355.969 355.709 355.452 355.237 355.004 354.777 354.542 354.279 354.084 353.864 353.602 353.352 353.084 352.829 352.494 352.154 351.924 351.977 352.124 351.722 351.034 350.719 350.479 350.259 350.002 349.744 349.519 349.252 348.987 348.769 348.477 348.239 347.897 347.582 347.252 346.979 346.722 346.389 346.054 345.689 345.349 344.972 344.554 344.152 343.714 343.307 342.892 342.432 341.992 341.492 341.607 340.817 340.409 339.999 339.632 339.277 338.947 338.597 338.242 337.819 337.389 336.979 336.614 336.237
356.924 356.709 356.482 356.722 356.139 355.704 355.472 355.234 354.969 354.752 354.489 354.259 354.029 353.799 353.557 353.307 353.079 352.752 352.404 352.054 351.757 351.502 351.294 351.369 351.344 350.809 350.377 350.147 349.887 349.637 349.409 349.127 348.874 348.629 348.402 348.149 347.802 347.492 347.174 346.902 346.649 346.312 345.959 345.622 345.259 344.864 344.469 344.079 343.682 343.202 342.812 342.392 341.904 341.434 341.712 340.722 340.409 340.017 339.654 339.284 338.917 338.604 338.222 337.844 337.432 337.014 336.639 336.279
