20220701_namedtuples/mapdata/sd8676_DSM_2M.asc
ncols 500
nrows 500
xllcorner    386000
yllcorner    476000
cellsize     2
NODATA_value -9999
[rows 300 to 329 of 500, columns 408 to 475 of 500]
385.29 385.06 384.875 384.805 384.67 384.608 384.608 384.56 384.51 384.475 384.4 384.318 384.215 384.14 384.008 383.92 383.793 383.87 383.43 383.21 382.883 382.535 382.36 382.173 382.028 381.928 381.935 381.905 381.91 382.115 382.373 382.855 383.07 382.928 382.77 382.63 382.558 382.41 382.318 382.308 382.268 382.123 381.97 381.743 381.588 381.575 381.483 381.415 381.453 381.503 381.49 381.423 381.3 381.155 381.033 380.888 380.74 380.625 380.528 380.393 380.283 380.238 380.148 380.02 379.858 379.688 379.438 379.138
385.475 385.313 385.148 385.07 385.03 384.975 384.92 384.885 384.815 384.775 384.73 384.625 384.533 384.463 384.545 384.573 384.285 384.248 383.73 383.493 383.155 382.725 382.385 382.243 382.055 382.1 382.133 382.083 382.133 382.253 382.5 382.943 383.11 383.05 382.968 382.868 382.74 382.623 382.58 382.663 382.638 382.525 382.283 381.99 381.87 381.805 381.685 381.7 381.78 381.758 381.685 381.57 381.455 381.338 381.265 381.243 381.05 380.935 380.795 380.628 380.575 380.485 380.393 380.278 380.095 379.86 379.578 379.358
385.683 385.545 385.445 385.398 385.315 385.273 385.205 385.16 385.095 385.09 385.018 384.913 384.848 384.73 384.723 384.79 384.643 384.465 384.013 383.74 383.398 382.958 382.503 382.3 382.205 382.238 382.235 382.243 382.35 382.48 382.75 383.15 383.288 383.243 383.198 383.093 382.988 382.918 382.8 382.875 382.855 382.793 382.55 382.208 382.155 382.028 381.923 381.968 382.035 381.995 381.878 381.788 381.8 381.71 381.623 381.578 381.393 381.21 381.03 380.898 380.795 380.683 380.543 380.425 380.313 380.075 379.83 379.625
385.993 385.868 385.72 385.698 385.588 385.578 385.535 385.483 385.38 385.288 385.248 385.19 385.113 385.053 385.128 384.953 385.04 384.68 384.218 383.928 383.575 383.088 382.563 382.363 382.31 382.353 382.355 382.398 382.595 382.758 383.1 383.458 383.535 383.44 383.38 383.31 383.23 383.095 383.015 383.05 383.08 382.985 382.638 382.375 382.33 382.235 382.193 382.32 382.295 382.228 382.075 382.025 382.103 381.99 381.898 381.823 381.645 381.5 381.305 381.195 381.123 381.003 380.868 380.688 380.568 380.373 380.2 379.95
386.26 386.145 386.03 385.883 385.845 385.84 385.81 385.743 385.653 385.565 385.513 385.418 385.338 385.25 385.378 385.128 385.133 384.79 384.458 384.043 383.633 383.068 382.595 382.46 382.438 382.508 382.53 382.683 382.93 383.24 383.508 383.703 383.745 383.683 383.615 383.573 383.478 383.348 383.245 383.248 383.235 383.04 382.705 382.555 382.488 382.43 382.458 382.578 382.585 382.483 382.335 382.365 382.44 382.315 382.08 381.958 381.808 381.775 381.62 381.528 381.418 381.295 381.123 380.99 380.853 380.705 380.53 380.248
386.553 386.423 386.318 386.188 386.115 386.11 386.058 386 385.878 385.828 385.74 385.68 385.57 385.408 385.368 385.22 385.315 384.88 384.618 384.238 383.753 383.115 382.673 382.538 382.548 382.733 382.915 383.205 383.483 383.725 383.91 383.993 383.98 383.883 383.793 383.77 383.653 383.583 383.46 383.458 383.385 383.038 382.833 382.74 382.64 382.583 382.71 382.828 382.795 382.738 382.69 382.8 382.795 382.615 382.34 382.153 382.01 381.93 381.813 381.725 381.678 381.545 381.428 381.278 381.165 381.108 380.778 380.528
386.86 386.765 386.625 386.51 386.44 386.445 386.393 386.283 386.213 386.113 385.988 385.91 385.793 385.665 385.538 385.473 385.623 385.033 384.768 384.433 383.875 383.188 382.825 382.77 382.87 383.128 383.375 383.713 383.958 384.193 384.298 384.245 384.168 384.078 384.015 383.96 383.87 383.745 383.675 383.63 383.4 383.14 383.058 382.96 382.888 382.848 382.923 383.03 383.01 383.035 383.183 383.203 383.108 382.995 382.805 382.508 382.208 382.165 382.245 382.278 382.133 381.94 381.695 381.548 381.513 381.34 380.955 380.765
387.173 387.055 386.903 386.868 386.77 386.708 386.688 386.56 386.505 386.398 386.318 386.203 386.118 385.973 385.82 385.738 386 385.313 384.943 384.52 383.918 383.388 383.163 383.16 383.398 383.73 383.958 384.153 384.358 384.545 384.588 384.515 384.375 384.29 384.24 384.168 384.035 383.938 383.83 383.785 383.508 383.298 383.215 383.165 383.158 383.17 383.228 383.228 383.268 383.498 383.62 383.583 383.453 383.328 383.148 382.638 382.373 382.545 382.705 382.65 382.453 382.253 382.005 381.81 381.735 381.51 381.23 381.12
387.535 387.435 387.35 387.288 387.193 387.148 387.068 386.965 386.86 386.798 386.69 386.603 386.453 386.323 386.153 386.158 385.918 385.485 384.98 384.503 383.998 383.618 383.513 383.67 383.96 384.165 384.385 384.525 384.688 384.778 384.78 384.728 384.595 384.465 384.393 384.318 384.208 384.075 383.953 383.853 383.653 383.5 383.41 383.388 383.43 383.505 383.563 383.6 383.7 383.83 383.895 383.82 383.74 383.608 383.483 383.005 382.855 383.125 383.133 383.005 382.778 382.618 382.523 382.33 382.123 381.805 381.698 381.58
387.92 387.798 387.753 387.685 387.61 387.518 387.435 387.308 387.193 387.138 387.038 386.928 386.798 386.608 386.405 386.38 386.018 385.43 384.8 384.428 384.105 383.888 383.893 384.065 384.173 384.535 384.753 384.86 384.928 384.983 384.973 384.9 384.74 384.643 384.55 384.435 384.348 384.24 384.115 383.92 383.828 383.71 383.603 383.625 383.66 383.77 383.843 383.938 384.078 384.125 384.12 384.035 383.975 383.91 383.818 383.648 383.568 383.535 383.47 383.343 383.185 383.075 382.97 382.843 382.603 382.345 382.08 381.86
388.213 388.15 388.095 388.023 387.965 387.86 387.735 387.638 387.528 387.418 387.325 387.23 387.105 386.908 386.695 386.785 386.153 385.378 384.903 384.51 384.26 384.178 384.263 384.448 384.655 385.04 385.145 385.205 385.225 385.19 385.13 385.05 384.973 384.86 384.723 384.615 384.52 384.415 384.215 384.055 383.978 383.883 383.853 383.888 383.955 384.05 384.14 384.26 384.345 384.403 384.368 384.258 384.198 384.113 384.035 383.963 383.913 383.845 383.76 383.643 383.525 383.43 383.34 383.185 383.01 382.745 382.413 382.18
388.528 388.468 388.428 388.363 388.268 388.19 388.063 387.975 387.845 387.73 387.628 387.543 387.39 387.22 387.005 387 386.105 385.473 385.04 384.69 384.493 384.498 384.66 384.9 385.228 385.415 385.468 385.48 385.455 385.393 385.298 385.263 385.198 385.105 384.955 384.818 384.71 384.548 384.355 384.205 384.15 384.138 384.115 384.12 384.233 384.32 384.368 384.563 384.61 384.655 384.625 384.528 384.44 384.348 384.248 384.205 384.15 384.075 384.003 383.905 383.775 383.698 383.593 383.453 383.305 383.09 382.818 382.513
388.783 388.733 388.7 388.608 388.563 388.478 388.348 388.258 388.135 388.028 387.965 387.81 387.69 387.508 387.508 387.015 386.113 385.548 385.193 384.938 384.883 384.978 385.273 385.52 385.698 385.735 385.735 385.74 385.675 385.613 385.548 385.515 385.455 385.263 385.15 385.038 384.908 384.75 384.53 384.453 384.365 384.355 384.328 384.373 384.508 384.64 384.653 384.855 384.918 384.935 384.92 384.81 384.698 384.598 384.485 384.455 384.418 384.343 384.223 384.145 384.073 383.968 383.835 383.715 383.57 383.413 383.19 382.935
389.033 389.013 388.95 388.868 388.82 388.743 388.65 388.528 388.375 388.275 388.18 388.06 387.885 387.635 387.753 386.683 386.01 385.668 385.43 385.34 385.468 385.6 385.95 386.14 386.145 386.12 386.048 386.028 385.963 385.868 385.813 385.728 385.6 385.448 385.355 385.21 385.11 384.98 384.833 384.685 384.595 384.555 384.553 384.683 384.88 384.963 384.955 385.085 385.208 385.213 385.195 385.088 384.993 384.895 384.81 384.76 384.69 384.573 384.485 384.368 384.28 384.21 384.103 383.973 383.865 383.685 383.533 383.3
389.185 389.193 389.195 389.055 388.998 388.92 388.86 388.753 388.588 388.43 388.355 388.213 387.945 387.583 387.548 386.598 386.128 385.933 385.828 385.85 386.035 386.395 386.578 386.598 386.513 386.45 386.343 386.27 386.22 386.095 385.968 385.878 385.758 385.67 385.56 385.42 385.345 385.243 385.075 384.898 384.81 384.765 384.798 384.96 385.128 385.235 385.165 385.308 385.428 385.478 385.45 385.39 385.288 385.228 385.175 385.088 384.935 384.823 384.743 384.638 384.548 384.488 384.365 384.223 384.11 383.958 383.785 383.528
389.298 389.303 389.253 389.213 389.19 389.058 388.933 388.863 388.723 388.53 388.283 388.065 387.61 387.113 387.153 386.878 386.483 386.485 386.49 386.573 386.8 387.075 387.06 387.008 386.893 386.723 386.588 386.51 386.448 386.308 386.175 386.058 385.975 385.87 385.77 385.698 385.59 385.44 385.323 385.175 385.033 385.065 385.115 385.225 385.363 385.468 385.403 385.605 385.665 385.693 385.705 385.68 385.628 385.565 385.518 385.413 385.283 385.16 385.043 384.915 384.823 384.7 384.555 384.405 384.303 384.18 383.953 383.735
389.425 389.385 389.34 389.255 389.188 389.128 388.993 388.96 388.81 388.49 388.155 387.688 387.273 387.033 387.115 386.858 386.93 386.983 387.093 387.383 387.62 387.543 387.403 387.313 387.168 386.993 386.873 386.775 386.65 386.513 386.388 386.283 386.155 386.04 386.05 385.943 385.8 385.628 385.545 385.41 385.34 385.398 385.44 385.505 385.645 385.693 385.73 385.885 385.918 385.93 385.933 385.95 385.903 385.845 385.815 385.743 385.62 385.495 385.373 385.263 385.183 384.988 384.82 384.66 384.475 384.255 384.035 383.773
389.483 389.418 389.383 389.31 389.168 389.09 389.01 388.858 388.583 388.178 387.87 387.505 387.318 387.29 387.45 387.27 387.548 387.738 387.888 387.968 387.948 387.808 387.678 387.545 387.455 387.263 387.135 386.965 386.838 386.745 386.605 386.45 386.388 386.348 386.288 386.16 385.993 385.848 385.723 385.628 385.603 385.655 385.695 385.835 386.023 386.11 386.13 386.185 386.195 386.155 386.143 386.12 386.128 386.103 386.098 386.053 385.953 385.843 385.74 385.65 385.513 385.35 385.188 385.008 384.788 384.508 384.213 383.895
389.588 389.453 389.373 389.17 389.068 388.94 388.848 388.558 388.235 387.93 387.683 387.565 387.575 387.82 387.935 387.88 388.09 388.215 388.26 388.263 388.17 388.073 387.95 387.815 387.66 387.505 387.335 387.195 387.005 386.935 386.758 386.638 386.63 386.628 386.575 386.438 386.218 386.03 385.908 385.778 385.81 385.9 386.01 386.173 386.298 386.46 386.49 386.483 386.475 386.415 386.383 386.375 386.388 386.39 386.383 386.32 386.248 386.158 386.055 385.938 385.81 385.66 385.523 385.38 385.115 384.82 384.45 384.075
389.673 389.398 389.195 389.01 388.885 388.763 388.648 388.34 388.053 387.895 387.818 387.838 388.1 388.413 388.34 388.353 388.483 388.515 388.533 388.498 388.408 388.258 388.123 388.015 387.883 387.698 387.533 387.41 387.243 387.113 387.003 386.925 386.898 386.89 386.85 386.735 386.503 386.2 386.008 385.86 385.915 386.13 386.388 386.535 386.713 386.825 386.823 386.783 386.758 386.738 386.655 386.665 386.628 386.615 386.6 386.52 386.498 386.418 386.313 386.195 386.05 385.913 385.763 385.613 385.423 385.088 384.718 384.31
389.555 389.208 388.963 388.788 388.58 388.483 388.415 388.215 388.098 388.063 388.115 388.285 388.518 388.86 388.69 388.635 388.685 388.713 388.683 388.64 388.548 388.43 388.328 388.225 388.07 387.908 387.72 387.558 387.413 387.35 387.275 387.2 387.203 387.118 387.055 386.945 386.75 386.41 386.148 385.95 386.103 386.355 386.673 386.9 387.05 387.15 387.123 387.1 387.055 387.015 386.973 386.94 386.905 386.868 386.86 386.79 386.685 386.675 386.583 386.435 386.285 386.153 385.993 385.85 385.595 385.305 384.945 384.575
389.458 389.093 388.763 388.398 388.223 388.225 388.235 388.273 388.3 388.408 388.555 388.683 388.753 389.138 388.82 388.8 388.868 388.885 388.853 388.763 388.67 388.598 388.545 388.423 388.268 388.103 387.91 387.76 387.613 387.553 387.505 387.46 387.49 387.47 387.328 387.135 386.965 386.638 386.453 386.293 386.433 386.673 386.915 387.2 387.385 387.46 387.43 387.423 387.403 387.385 387.298 387.258 387.215 387.15 387.108 387.02 386.94 386.923 386.808 386.665 386.49 386.335 386.193 385.998 385.78 385.48 385.16 384.833
389.498 389.218 388.833 388.38 388.05 388.103 388.228 388.383 388.5 388.6 388.733 388.805 388.87 389.395 388.935 388.965 389.06 389.07 389.03 388.933 388.823 388.728 388.675 388.563 388.403 388.233 388.115 387.973 387.84 387.728 387.698 387.675 387.688 387.658 387.55 387.385 387.148 386.85 386.753 386.728 386.743 386.98 387.248 387.45 387.72 387.86 387.828 387.803 387.763 387.705 387.635 387.56 387.48 387.438 387.383 387.245 387.185 387.125 387.033 386.875 386.67 386.54 386.355 386.17 385.953 385.69 385.37 384.953
389.528 389.188 388.838 388.41 388.135 388.155 388.318 388.5 388.67 388.773 388.858 388.92 389.038 389.575 389.125 389.22 389.338 389.3 389.16 389.093 389.053 388.88 388.768 388.645 388.55 388.45 388.323 388.175 388.033 387.95 387.87 387.868 387.848 387.845 387.73 387.59 387.33 387.058 386.978 387.013 387.035 387.23 387.488 387.67 388.023 388.14 388.13 388.118 388.073 388.03 388.005 387.9 387.783 387.695 387.585 387.51 387.425 387.335 387.213 387.075 386.895 386.683 386.525 386.368 386.148 385.895 385.64 384.973
389.545 389.165 388.783 388.423 388.238 388.278 388.473 388.778 388.928 389.045 389.115 389.153 389.345 389.583 389.353 389.373 389.465 389.42 389.31 389.253 389.213 389.05 388.928 388.828 388.758 388.635 388.518 388.373 388.238 388.115 388.065 388.05 388 387.97 387.88 387.77 387.49 387.275 387.19 387.248 387.338 387.48 387.633 387.815 388.168 388.343 388.368 388.418 388.378 388.328 388.283 388.168 388.045 387.95 387.793 387.693 387.608 387.545 387.453 387.298 387.02 386.78 386.708 386.57 386.375 386.138 385.9 385.343
389.575 389.253 388.885 388.425 388.335 388.455 388.718 389.058 389.24 389.298 389.33 389.335 389.703 389.658 389.488 389.57 389.61 389.613 389.535 389.41 389.288 389.213 389.183 389.07 388.95 388.815 388.693 388.56 388.438 388.29 388.255 388.205 388.215 388.11 387.945 387.815 387.595 387.43 387.388 387.438 387.575 387.758 387.903 388.003 388.275 388.435 388.515 388.583 388.533 388.528 388.488 388.39 388.27 388.143 388.018 387.92 387.863 387.805 387.715 387.58 387.363 387.158 386.93 386.798 386.573 386.33 386.023 385.413
389.595 389.48 389.103 388.6 388.423 388.75 389.075 389.293 389.408 389.483 389.52 389.535 389.905 389.743 389.618 389.673 389.728 389.783 389.713 389.573 389.45 389.418 389.355 389.233 389.098 388.995 388.848 388.703 388.555 388.48 388.435 388.423 388.433 388.293 388.075 387.883 387.713 387.573 387.558 387.643 387.738 387.875 388.113 388.31 388.45 388.57 388.683 388.698 388.665 388.665 388.685 388.573 388.453 388.323 388.223 388.133 388.085 388.03 387.975 387.83 387.68 387.498 387.118 386.895 386.685 386.4 386.05 385.418
389.685 389.48 389.223 388.923 388.658 388.908 389.238 389.493 389.625 389.635 389.698 389.74 390.003 389.85 389.808 389.833 389.838 389.845 389.793 389.74 389.628 389.585 389.465 389.335 389.268 389.178 389.005 388.86 388.735 388.713 388.675 388.67 388.628 388.458 388.25 388.035 387.693 387.613 387.725 387.818 387.925 388.045 388.243 388.44 388.598 388.7 388.765 388.803 388.788 388.765 388.728 388.7 388.575 388.495 388.41 388.328 388.25 388.235 388.13 388.01 387.895 387.693 387.193 386.945 386.793 386.458 385.99 385.363
389.865 389.635 389.295 388.863 388.703 388.89 389.31 389.63 389.743 389.71 389.75 389.84 390.423 389.953 389.9 389.903 389.94 389.93 389.895 389.845 389.765 389.69 389.583 389.533 389.403 389.268 389.1 389.035 388.993 388.935 388.853 388.773 388.725 388.573 388.403 388.325 387.94 387.738 387.89 387.985 388.088 388.19 388.378 388.59 388.743 388.818 388.873 388.883 388.858 388.82 388.763 388.738 388.678 388.628 388.553 388.485 388.413 388.37 388.28 388.14 388.02 387.815 387.458 387.103 386.81 386.39 385.86 385.373
390.11 389.91 389.58 389.218 388.958 389.103 389.465 389.773 389.75 389.74 389.755 389.83 389.963 389.968 389.915 389.823 389.985 390.035 390.035 389.975 389.905 389.79 389.74 389.658 389.495 389.343 389.253 389.195 389.145 389.055 388.973 388.905 388.815 388.688 388.533 388.42 388.105 387.985 388.038 388.08 388.045 388.235 388.533 388.735 388.805 388.928 388.975 388.975 388.948 388.878 388.863 388.818 388.808 388.765 388.68 388.6 388.528 388.433 388.33 388.168 388.033 387.835 387.59 387.243 386.763 386.228 385.82 385.553
