20220701_namedtuples/mapdata/sd8777_DSM_2M.asc
ncols 500
nrows 500
xllcorner    387000
yllcorner    477000
cellsize     2
NODATA_value -9999
[rows 145 to 173 of 500, columns 201 to 267 of 500]
473.206 473.948 474.678 475.398 476.393 477.063 478.213 479.016 479.823 480.385 481.046 481.751 482.411 483.188 483.808 484.383 485.046 485.716 486.123 486.571 486.851 486.823 486.746 486.683 486.563 486.778 487.003 487.303 487.688 487.971 488.338 488.678 488.966 489.168 489.296 489.433 489.563 489.648 489.808 489.993 490.068 490.106 490.218 490.178 490.211 490.256 490.266 490.481 490.733 491.076 491.271 491.546 491.946 492.341 493.003 493.873 494.776 495.846 496.718 497.373 498.141 499.028 499.818 500.221 500.558 501.031 501.478
472.646 473.436 473.988 474.688 475.556 476.541 477.473 478.416 479.276 479.841 480.421 481.248 481.901 482.536 483.021 483.658 484.401 485.121 485.691 486.073 486.468 486.626 486.471 486.443 486.378 486.486 486.678 487.116 487.558 487.951 488.351 488.721 488.948 489.158 489.256 489.433 489.513 489.628 489.698 489.863 490.031 490.043 490.083 490.066 490.153 490.191 490.201 490.346 490.646 491.001 491.191 491.486 491.936 492.391 493.101 494.036 494.963 496.001 496.643 497.363 498.191 498.916 499.348 499.786 500.261 500.821 501.341
472.023 472.723 473.426 474.313 475.231 476.066 477.091 477.816 478.666 479.408 479.853 480.678 481.458 482.218 482.76 483.116 483.738 484.381 485.013 485.506 485.818 486.118 486.123 486.088 486.211 486.178 486.385 486.888 487.476 487.941 488.363 488.691 488.991 489.163 489.283 489.366 489.478 489.501 489.583 489.771 489.818 489.813 489.858 489.906 489.976 490.073 490.161 490.338 490.571 490.928 491.163 491.553 491.903 492.353 493.091 494.098 495.243 496.161 496.768 497.398 497.983 498.581 499.056 499.466 500.096 500.658 500.956
471.618 472.363 473.378 474.263 475.186 475.733 476.613 477.393 478.111 478.966 479.371 479.996 480.878 481.563 482.336 482.838 483.255 483.861 484.443 484.981 485.296 485.551 485.686 485.708 485.716 485.938 486.201 486.736 487.446 488.071 488.473 488.796 489.076 489.211 489.258 489.316 489.358 489.441 489.533 489.553 489.593 489.628 489.688 489.751 489.798 489.886 490.046 490.303 490.586 490.771 491.101 491.508 492.113 492.503 492.988 493.848 494.856 495.941 496.453 496.996 497.488 498.073 498.621 499.241 499.776 500.181 500.731
471.618 472.591 473.648 474.298 474.956 475.553 476.218 476.946 477.661 478.673 479.091 479.446 480.326 480.941 481.668 482.388 482.748 483.278 483.956 484.568 484.768 485.061 485.263 485.436 485.493 485.683 486.026 486.618 487.408 488.218 488.693 488.971 489.158 489.396 489.241 489.171 489.193 489.356 489.441 489.423 489.428 489.426 489.511 489.588 489.666 489.711 489.873 490.148 490.445 490.646 491.063 491.706 492.538 493.218 493.928 494.633 495.123 495.573 496.361 496.991 497.523 498.188 498.653 499.268 499.763 500.211 500.716
471.716 472.613 473.508 474.253 474.821 475.578 476.313 476.713 477.448 478.431 478.848 479.096 479.836 480.508 481.256 481.936 482.398 482.873 483.571 484.063 484.411 484.546 484.678 484.883 485.163 485.426 485.861 486.461 487.313 488.261 488.896 489.108 489.171 489.181 489.121 488.966 489.036 489.233 489.251 489.263 489.216 489.211 489.203 489.346 489.398 489.508 489.798 490.141 490.286 490.673 491.263 492.281 492.973 493.713 494.426 495.153 495.741 496.138 496.593 497.041 497.538 498.281 498.973 499.388 499.783 500.141 500.483
471.698 472.526 473.246 474.116 474.821 475.506 476.308 476.841 477.476 478.173 478.718 478.921 479.516 480.201 480.918 481.538 481.956 482.448 483.123 483.611 483.923 484.106 484.251 484.428 484.716 485.103 485.618 486.328 487.241 488.121 488.858 489.076 489.141 489.091 489.008 488.833 488.886 488.991 489.088 489.011 488.976 488.958 488.936 488.986 489.178 489.396 489.638 489.871 490.093 490.688 491.668 492.663 493.348 494.046 494.696 495.366 495.998 496.378 496.731 497.066 497.591 498.166 498.781 499.166 499.581 499.906 500.253
471.436 472.183 472.993 473.818 474.601 475.308 476.091 476.911 477.508 478.018 478.616 478.748 479.291 480.011 480.543 481.086 481.521 482.071 482.618 483.083 483.383 483.598 483.793 484.076 484.338 484.733 485.483 486.196 487.216 487.978 488.683 489.068 489.086 488.988 488.816 488.656 488.633 488.693 488.791 488.723 488.618 488.533 488.588 488.743 488.861 489.203 489.556 489.783 490.276 491.108 492.203 492.953 493.678 494.331 494.823 495.593 496.133 496.536 496.873 497.213 497.753 498.236 498.706 499.033 499.368 499.621 499.921
471.106 471.903 472.611 473.453 474.286 475.121 475.866 476.678 477.416 478.048 478.526 478.651 479.131 479.901 480.391 480.748 481.233 481.728 482.218 482.701 482.916 483.143 483.368 483.636 483.998 484.403 485.333 486.313 487.281 487.903 488.546 489.021 489.028 488.906 488.603 488.346 488.268 488.351 488.388 488.343 488.216 488.158 488.191 488.443 488.618 489.076 489.386 489.856 490.651 491.583 492.476 493.233 493.921 494.581 495.273 495.856 496.281 496.663 496.993 497.301 497.818 498.268 498.666 498.943 499.198 499.411 499.686
470.728 471.543 472.303 473.183 473.923 474.868 475.541 476.241 477.078 477.931 478.416 478.396 478.976 479.766 480.231 480.553 480.931 481.433 481.841 482.211 482.463 482.716 482.973 483.258 483.638 484.196 484.996 486.183 487.103 487.793 488.266 488.788 488.883 488.696 488.268 487.966 487.963 487.981 487.993 487.948 487.833 487.691 487.808 488.326 488.583 488.908 489.338 490.098 491.111 492.008 492.716 493.586 494.203 494.921 495.746 496.231 496.496 496.708 496.953 497.301 497.721 498.131 498.453 498.683 498.941 499.231 499.443
470.613 471.303 472.106 472.951 473.571 474.491 475.333 475.941 476.653 477.478 478.163 478.188 478.706 479.451 479.933 480.288 480.616 481.076 481.393 481.738 482.038 482.341 482.578 482.936 483.391 484.066 484.926 485.828 486.898 487.493 487.993 488.368 488.508 488.281 487.771 487.538 487.533 487.548 487.516 487.391 487.223 487.286 487.881 488.301 488.526 488.898 489.561 490.486 491.628 492.428 493.168 493.903 494.666 495.506 496.293 496.566 496.683 496.713 496.888 497.228 497.631 497.956 498.218 498.433 498.666 498.908 499.113
470.426 471.018 471.711 472.526 473.291 474.083 475.028 475.746 476.403 477.183 477.893 477.891 478.328 479.058 479.651 480.076 480.348 480.658 480.943 481.273 481.671 482.023 482.393 482.633 483.201 484.001 484.903 485.666 486.478 487.173 487.323 487.578 487.781 487.701 487.301 487.091 487.101 487.033 486.986 486.921 487.006 487.456 487.813 488.086 488.331 488.921 489.838 490.871 492.043 492.871 493.521 494.326 495.116 495.981 496.528 496.653 496.688 496.703 496.863 497.178 497.556 497.811 498.003 498.203 498.353 498.613 498.826
470.036 470.698 471.438 472.173 472.948 473.738 474.646 475.346 476.073 476.931 477.666 477.713 477.883 478.656 479.211 479.708 480.096 480.253 480.561 480.861 481.353 481.768 482.068 482.476 483.143 483.926 484.808 485.553 486.238 486.858 487.038 486.948 487.193 487.178 486.843 486.643 486.616 486.533 486.541 486.561 486.771 487.253 487.561 487.768 488.186 489.013 490.091 491.193 492.298 493.146 493.868 494.788 495.633 496.168 496.526 496.648 496.671 496.723 496.856 497.121 497.416 497.611 497.821 498.003 498.173 498.383 498.598
469.643 470.401 471.151 471.896 472.623 473.418 474.291 474.818 475.653 476.561 477.298 477.528 477.561 478.198 478.736 479.276 479.613 479.781 480.053 480.498 481.023 481.466 481.841 482.348 482.986 483.691 484.441 485.266 485.901 486.333 486.573 486.523 486.518 486.491 486.271 486.076 486.018 486.133 486.281 486.316 486.691 487.018 487.366 487.656 487.998 488.996 490.131 491.203 492.186 493.106 494.198 495.301 496.116 496.386 496.568 496.668 496.693 496.743 496.826 497.026 497.216 497.496 497.746 497.906 498.048 498.268 498.411
469.348 470.093 470.906 471.638 472.406 473.133 474.011 474.533 475.181 476.081 476.773 477.213 477.121 477.651 478.201 478.778 479.151 479.333 479.536 479.938 480.591 481.193 481.753 482.313 482.958 483.503 484.071 484.626 485.273 485.626 486.003 485.918 485.843 485.806 485.678 485.436 485.508 485.661 485.956 486.178 486.516 486.766 487.096 487.331 487.891 488.983 490.136 491.203 492.203 493.183 494.383 495.613 496.443 496.603 496.641 496.693 496.728 496.743 496.843 496.993 497.191 497.436 497.618 497.793 497.941 498.146 498.233
469.011 469.731 470.596 471.358 472.076 472.876 473.693 474.308 474.911 475.596 476.233 476.771 476.886 477.078 477.681 478.233 478.718 478.876 478.951 479.471 480.188 480.918 481.596 482.276 482.921 483.363 483.798 484.111 484.546 484.838 485.171 485.256 485.046 484.961 484.806 484.808 485.128 485.471 485.723 485.991 486.201 486.393 486.678 487.071 487.933 489.171 490.223 491.396 492.211 493.241 494.508 495.758 496.516 496.698 496.618 496.596 496.793 496.736 496.838 496.973 497.098 497.288 497.441 497.598 497.801 498.001 498.111
468.696 469.521 470.271 471.031 471.723 472.496 473.341 473.963 474.543 475.181 475.753 476.266 476.656 476.671 477.086 477.651 478.256 478.433 478.568 479.201 480.133 480.911 481.623 482.253 482.836 483.253 483.601 483.733 483.881 484.106 484.193 484.358 484.326 484.208 484.153 484.458 484.973 485.311 485.443 485.571 485.736 486.021 486.318 487.086 488.088 489.276 490.428 491.401 492.193 493.321 494.716 495.863 496.568 496.606 496.506 496.536 496.613 496.643 496.791 496.878 497.016 497.171 497.296 497.471 497.628 497.811 498.003
468.513 469.371 470.043 470.706 471.411 472.106 472.766 473.441 474.166 474.766 475.263 475.791 476.231 476.283 476.528 477.058 477.621 477.951 478.218 479.188 480.286 481.116 481.751 482.213 482.663 483.138 483.393 483.423 483.376 483.411 483.341 483.373 483.433 483.553 483.703 484.231 484.868 485.001 485.123 485.273 485.523 485.803 486.236 487.103 488.061 489.176 490.386 491.278 492.216 493.433 494.823 495.938 496.478 496.503 496.463 496.411 496.488 496.601 496.686 496.773 496.863 497.076 497.146 497.273 497.413 497.686 497.898
468.511 469.346 469.843 470.408 471.036 471.623 472.203 472.913 473.686 474.306 474.823 475.296 475.798 475.936 475.986 476.466 476.918 477.353 477.981 479.258 480.218 480.938 481.496 481.951 482.326 482.696 482.891 482.951 482.806 482.591 482.451 482.468 482.611 482.978 483.396 484.058 484.428 484.596 484.876 485.136 485.371 485.831 486.293 487.073 487.901 489.016 490.156 491.111 492.201 493.586 494.733 495.701 496.323 496.271 496.143 496.206 496.358 496.468 496.518 496.606 496.668 496.821 496.928 497.116 497.228 497.463 497.616
468.403 469.156 469.601 470.163 470.766 471.286 471.886 472.523 473.068 473.656 474.191 474.718 475.158 475.558 475.511 475.823 476.221 476.716 477.713 478.941 479.756 480.471 480.996 481.486 481.916 482.138 482.193 482.133 481.956 481.706 481.566 481.756 482.116 482.686 483.271 483.721 484.038 484.383 484.668 484.973 485.181 485.626 486.216 487.078 488.111 489.061 489.956 490.853 492.083 493.551 494.558 495.453 496.018 495.993 495.948 496.113 496.211 496.286 496.313 496.356 496.426 496.511 496.708 496.936 496.948 497.183 497.336
468.161 468.838 469.331 469.911 470.623 471.186 471.793 472.233 472.718 473.246 473.566 473.943 474.343 474.726 475.061 475.228 475.691 476.003 476.866 478.118 478.948 479.741 480.258 480.741 481.136 481.206 481.186 481.068 480.986 480.968 481.086 481.461 482.031 482.611 483.128 483.438 483.803 484.156 484.416 484.688 485.006 485.493 486.251 487.438 488.506 489.308 489.991 490.798 492.048 493.333 494.448 495.256 495.658 495.638 495.788 495.926 496.023 496.086 496.021 496.061 496.098 496.196 496.361 496.581 496.766 497.051 497.478
467.866 468.416 469.048 469.736 470.451 471.051 471.601 471.921 472.318 472.696 472.866 473.088 473.321 473.773 474.288 474.766 475.093 475.401 475.791 476.903 477.923 478.606 479.236 479.613 479.906 480.086 480.171 480.238 480.336 480.563 480.986 481.308 481.881 482.473 482.831 483.143 483.531 483.831 484.048 484.383 484.778 485.376 486.433 487.666 488.783 489.466 490.161 491.026 492.143 493.126 494.131 494.766 495.123 495.398 495.611 495.753 495.773 495.726 495.653 495.658 495.696 495.861 496.126 496.473 496.821 497.138 497.448
467.346 468.003 468.766 469.543 470.136 470.716 471.226 471.543 471.713 471.906 472.083 472.258 472.576 473.126 473.768 474.258 474.603 474.926 475.328 476.036 476.961 477.716 478.228 478.638 478.918 479.183 479.363 479.691 480.153 480.533 480.816 481.246 481.763 482.271 482.598 482.923 483.233 483.586 483.783 484.153 484.661 485.421 486.551 487.721 488.776 489.731 490.516 491.418 492.248 492.878 493.668 494.318 494.753 495.166 495.343 495.423 495.403 495.438 495.228 495.136 495.431 495.738 496.123 496.671 497.028 497.351 497.613
466.968 467.706 468.416 469.016 469.588 470.163 470.681 470.966 471.038 471.256 471.508 471.753 472.153 472.661 473.333 473.878 474.151 474.463 474.791 475.448 476.318 476.821 477.253 477.773 478.048 478.401 478.873 479.621 480.183 480.458 480.603 481.083 481.651 482.108 482.421 482.686 483.006 483.273 483.621 484.031 484.576 485.626 486.833 488.031 489.153 490.121 491.106 491.711 492.343 492.951 493.461 493.978 494.386 494.653 494.938 494.893 494.768 494.701 494.718 494.841 495.383 495.841 496.353 496.816 497.206 497.576 497.918
467.028 467.771 468.493 468.846 469.023 469.608 470.086 470.323 470.493 470.741 471.078 471.443 471.848 472.396 472.998 473.486 473.698 473.988 474.286 474.543 475.043 475.823 476.308 476.928 477.456 478.191 478.921 479.688 480.126 480.383 480.538 480.918 481.413 481.841 482.206 482.501 482.718 483.066 483.513 483.913 484.768 485.946 487.206 488.586 489.791 490.781 491.343 491.666 492.318 492.896 493.188 493.183 493.478 493.778 494.046 493.976 494.116 494.171 494.666 495.183 495.646 496.088 496.646 497.178 497.608 497.916 498.196
466.661 467.451 468.261 468.576 468.418 468.771 469.221 469.666 470.056 470.398 470.791 471.133 471.643 472.178 472.803 473.293 473.608 473.898 474.141 474.676 475.123 475.888 476.786 477.613 478.013 478.513 479.071 479.533 480.013 480.318 480.521 480.861 481.248 481.711 481.908 482.188 482.513 482.971 483.443 483.931 484.848 486.216 487.616 488.981 490.136 490.768 491.078 491.331 491.943 492.003 492.126 492.363 492.626 492.918 493.111 493.538 493.926 494.391 494.926 495.536 495.996 496.456 497.018 497.633 498.003 498.288 498.518
466.073 466.731 467.356 467.786 468.061 468.618 468.998 469.368 469.776 470.198 470.526 471.011 471.676 472.303 472.748 473.203 473.453 473.706 474.263 475.453 475.998 476.473 477.083 477.631 477.978 478.418 478.786 479.208 479.728 480.058 480.381 480.653 480.926 481.258 481.538 481.808 482.256 482.846 483.456 483.941 484.886 486.416 487.881 489.006 489.796 490.153 490.486 490.928 491.183 491.368 491.606 491.881 492.253 492.713 493.246 493.851 494.451 494.961 495.471 495.933 496.343 496.786 497.351 497.896 498.238 498.586 498.783
465.513 466.126 466.731 467.363 467.813 468.306 468.911 469.231 469.613 469.996 470.543 471.336 472.093 472.636 472.918 473.038 473.248 473.618 474.606 475.603 476.146 476.486 476.936 477.353 477.723 478.108 478.418 478.803 479.191 479.631 479.991 480.288 480.581 480.711 481.071 481.321 481.786 482.556 483.293 483.981 484.851 486.313 487.591 488.556 489.136 489.643 490.186 490.771 491.081 491.506 491.988 492.481 492.983 493.448 493.843 494.306 494.996 495.486 495.928 496.381 496.738 497.146 497.631 498.053 498.478 498.768 498.986
464.368 465.338 466.276 467.036 467.851 468.546 469.031 469.388 469.751 470.208 470.921 471.673 472.088 472.473 472.731 472.751 473.001 473.876 474.798 475.461 475.953 476.343 476.668 477.031 477.401 477.733 477.881 478.173 478.416 478.861 479.353 479.723 479.998 480.361 480.866 481.246 481.741 482.466 483.108 483.971 484.833 485.781 486.906 487.948 488.748 489.326 489.981 490.616 491.228 491.851 492.543 493.196 493.691 493.966 494.253 494.858 495.553 495.951 496.336 496.688 497.038 497.366 497.756 498.146 498.498 498.836 499.093
