20220701_namedtuples/mapdata/sd8776_DSM_2M.asc
ncols 500
nrows 500
xllcorner    387000
yllcorner    476000
cellsize     2
NODATA_value -9999
[rows 330 to 359 of 500, columns 340 to 407 of 500]
308.263 308.2 308.105 307.945 307.798 307.603 307.41 307.18 306.973 306.72 306.443 306.2 305.89 305.643 305.328 305.09 304.908 304.788 304.695 304.453 304.703 304.245 303.58 303.315 303.19 303.1 302.96 302.805 302.72 302.635 302.593 302.528 302.39 302.243 302.18 302.08 301.913 301.715 301.575 301.375 301.528 301.468 300.605 300.45 300.303 300.083 299.8 299.418 299.055 298.758 298.54 298.398 298.165 297.855 297.508 297.193 296.865 296.518 296.175 295.885 295.673 295.538 295.462 295.427 295.378 295.362 295.372 295.348
308.608 308.488 308.363 308.208 308.028 307.823 307.648 307.425 307.18 306.965 306.725 306.44 306.148 305.918 305.56 305.258 305.043 304.835 304.605 304.398 304.225 304.13 304.015 303.42 303.283 303.24 303.098 302.988 302.88 302.798 302.77 302.735 302.658 302.52 302.39 302.288 302.115 301.918 301.783 301.88 301.775 301.085 300.805 300.595 300.44 300.258 300.003 299.625 299.248 298.925 298.745 298.58 298.36 298.04 297.698 297.375 297.065 296.723 296.383 296.03 295.758 295.598 295.525 295.488 295.462 295.43 295.438 295.38
308.888 308.758 308.618 308.445 308.263 308.045 307.823 307.618 307.398 307.17 306.905 306.678 306.393 306.093 305.785 305.535 305.213 305.003 304.758 304.545 304.255 303.93 303.725 303.535 303.878 303.733 303.338 303.238 303.108 302.975 302.913 302.868 302.823 302.73 302.62 302.468 302.255 302.085 302.1 302.22 301.553 301.243 300.97 300.735 300.548 300.338 300.14 299.825 299.5 299.163 298.93 298.748 298.563 298.273 297.933 297.598 297.325 296.973 296.59 296.23 295.9 295.71 295.587 295.553 295.525 295.49 295.475 295.452
309.165 309.003 308.86 308.675 308.473 308.295 308.068 307.828 307.598 307.36 307.13 306.845 306.563 306.305 306.013 305.723 305.445 305.198 304.918 304.63 304.39 304.08 303.905 303.765 303.875 303.978 303.998 303.815 303.825 303.67 303.518 303.373 303.63 303.205 302.875 302.66 302.458 302.448 302.673 302.438 301.723 301.323 301.07 300.855 300.615 300.418 300.24 300.028 299.76 299.42 299.095 298.945 298.695 298.405 298.108 297.788 297.51 297.18 296.855 296.485 296.142 295.87 295.705 295.645 295.58 295.522 295.495 295.483
309.37 309.268 309.108 308.935 308.72 308.525 308.273 308.023 307.81 307.578 307.283 307.023 306.805 306.518 306.228 305.955 305.673 305.41 305.103 304.748 304.505 304.275 304.133 304.058 303.94 303.858 303.763 303.633 303.478 303.335 303.28 303.183 303.155 303.245 303.47 303.343 303.013 303.05 302.148 301.955 301.93 301.425 301.17 300.935 300.738 300.523 300.33 300.198 299.978 299.7 299.383 299.115 298.815 298.533 298.27 297.92 297.67 297.395 297.093 296.7 296.36 296.052 295.848 295.717 295.637 295.573 295.55 295.533
309.65 309.498 309.355 309.158 308.933 308.675 308.428 308.255 308.043 307.793 307.53 307.25 306.985 306.688 306.418 306.15 305.885 305.638 305.298 304.918 304.698 304.48 304.328 304.235 304.148 303.995 303.873 303.793 303.673 303.52 303.378 303.285 303.19 303.145 303.075 303.14 303.758 302.59 302.27 301.998 301.868 302.26 301.305 301.048 300.863 300.668 300.498 300.333 300.158 299.94 299.625 299.315 298.973 298.7 298.4 298.108 297.8 297.568 297.293 296.885 296.543 296.24 295.997 295.845 295.73 295.652 295.615 295.595
309.865 309.733 309.558 309.363 309.13 308.923 308.685 308.48 308.27 308.04 307.73 307.395 307.125 306.87 306.57 306.31 306.078 305.785 305.443 305.14 304.89 304.718 304.585 304.448 304.298 304.145 303.975 303.875 303.775 303.638 303.515 303.36 303.25 303.175 303.193 303.46 302.97 302.61 302.308 302.01 301.745 301.648 301.728 301.193 301.015 300.84 300.648 300.443 300.26 300.053 299.818 299.52 299.175 298.85 298.59 298.26 297.945 297.698 297.468 297.105 296.755 296.443 296.158 295.997 295.848 295.75 295.7 295.645
310.073 309.92 309.743 309.555 309.335 309.103 308.9 308.698 308.428 308.2 307.898 307.608 307.298 307.06 306.76 306.505 306.198 305.91 305.603 305.36 305.115 304.945 304.768 304.57 304.42 304.225 304.085 303.943 303.855 303.723 303.593 303.443 303.275 303.215 303.45 302.883 302.7 302.545 302.35 302.078 301.855 301.64 301.623 301.638 301.133 300.943 300.725 300.488 300.318 300.153 299.943 299.693 299.34 299.018 298.745 298.408 298.13 297.87 297.64 297.353 297.035 296.69 296.375 296.128 295.995 295.878 295.78 295.73
310.263 310.118 309.943 309.73 309.545 309.335 309.123 308.875 308.618 308.35 308.068 307.78 307.53 307.233 306.913 306.625 306.325 306.065 305.805 305.57 305.32 305.118 304.913 304.748 304.548 304.37 304.22 304.058 303.925 303.808 303.685 303.523 303.38 303.94 303.21 302.78 302.548 302.398 302.253 302.073 301.895 301.705 301.515 301.655 301.285 300.9 300.693 300.545 300.363 300.185 300.045 299.845 299.578 299.228 298.92 298.575 298.283 298.02 297.808 297.575 297.33 296.97 296.585 296.332 296.15 296.015 295.892 295.842
310.425 310.278 310.118 309.943 309.758 309.495 309.288 309.013 308.735 308.445 308.218 307.915 307.683 307.408 307.128 306.808 306.52 306.278 306.025 305.795 305.578 305.325 305.055 304.845 304.675 304.49 304.275 304.138 304.02 303.855 303.755 303.64 303.868 303.525 303.015 302.74 302.53 302.3 302.15 302.033 301.868 301.675 301.435 301.225 301.575 301.123 300.703 300.595 300.455 300.275 300.12 299.948 299.728 299.435 299.083 298.758 298.455 298.203 297.968 297.753 297.505 297.21 296.78 296.505 296.295 296.132 296.025 295.978
310.563 310.433 310.308 310.14 309.92 309.675 309.43 309.17 308.908 308.613 308.335 308.038 307.815 307.583 307.273 306.98 306.725 306.453 306.225 305.975 305.728 305.45 305.205 305.015 304.805 304.578 304.373 304.21 304.093 303.925 303.808 303.95 303.908 303.26 303.035 302.84 302.608 302.308 302.035 301.923 301.8 301.62 301.373 301.173 301.043 301.14 301.2 300.69 300.53 300.33 300.173 300.048 299.865 299.63 299.36 299.01 298.675 298.438 298.22 298 297.733 297.45 297.055 296.712 296.465 296.318 296.198 296.095
310.693 310.545 310.413 310.315 310.12 309.833 309.598 309.373 309.068 308.748 308.46 308.173 307.903 307.643 307.39 307.15 306.918 306.628 306.393 306.16 305.853 305.573 305.358 305.145 304.9 304.678 304.533 304.348 304.135 304.03 304.37 303.985 303.518 303.305 303.093 302.918 302.715 302.428 302.085 301.815 301.738 301.545 301.37 301.23 301.083 300.988 301.11 301.06 300.623 300.498 300.315 300.148 299.958 299.768 299.593 299.293 298.99 298.685 298.43 298.21 297.99 297.69 297.345 296.99 296.673 296.492 296.355 296.24
310.828 310.71 310.59 310.44 310.225 309.988 309.758 309.508 309.168 308.855 308.62 308.318 308.088 307.84 307.588 307.348 307.08 306.783 306.548 306.27 306.025 305.725 305.463 305.205 305.01 304.825 304.613 304.393 304.233 304.283 304.268 303.745 303.543 303.358 303.213 303.09 302.815 302.54 302.188 301.885 301.668 301.538 301.408 301.3 301.19 301.07 300.928 301.093 301.358 300.675 300.433 300.26 300.058 299.883 299.743 299.513 299.243 298.99 298.703 298.45 298.215 297.908 297.622 297.29 296.925 296.652 296.51 296.408
310.97 310.865 310.738 310.56 310.32 310.113 309.86 309.61 309.265 309 308.73 308.478 308.233 307.983 307.77 307.55 307.305 306.973 306.74 306.448 306.153 305.87 305.633 305.345 305.075 304.903 304.688 304.5 304.398 304.55 303.98 303.763 303.625 303.428 303.32 303.14 302.895 302.578 302.255 301.975 301.743 301.583 301.445 301.368 301.258 301.155 301.02 300.878 300.898 301.293 300.585 300.413 300.228 300.043 299.858 299.675 299.438 299.258 299.01 298.705 298.438 298.147 297.835 297.48 297.142 296.878 296.7 296.562
311.103 310.963 310.835 310.668 310.42 310.2 310 309.665 309.365 309.1 308.873 308.625 308.395 308.155 307.963 307.713 307.48 307.135 306.9 306.603 306.298 306 305.748 305.495 305.215 305.015 304.815 304.803 304.798 304.278 304.015 303.848 303.698 303.533 303.368 303.15 302.93 302.613 302.35 302.105 301.885 301.7 301.555 301.453 301.35 301.24 301.095 300.99 300.903 300.978 301.328 300.57 300.388 300.173 299.965 299.795 299.608 299.473 299.253 299.008 298.682 298.363 298.062 297.707 297.36 297.075 296.895 296.772
311.248 311.103 310.928 310.753 310.558 310.32 310.063 309.753 309.445 309.21 308.988 308.77 308.555 308.355 308.12 307.873 307.605 307.328 307.05 306.818 306.525 306.195 305.915 305.628 305.328 305.12 305.108 305.233 304.595 304.31 304.12 303.913 303.755 303.628 303.38 303.163 302.95 302.698 302.485 302.263 302.038 301.848 301.705 301.545 301.428 301.298 301.203 301.093 301.008 300.918 300.98 301.168 300.52 300.353 300.13 299.978 299.813 299.645 299.445 299.253 298.938 298.6 298.293 297.945 297.63 297.387 297.155 296.997
311.363 311.19 311.045 310.843 310.655 310.42 310.123 309.858 309.565 309.325 309.135 308.903 308.735 308.51 308.235 308.015 307.76 307.523 307.23 306.97 306.658 306.353 306.063 305.793 305.53 305.375 305.708 304.995 304.628 304.398 304.173 303.953 303.825 303.605 303.38 303.208 303.01 302.808 302.63 302.41 302.18 302.018 301.843 301.653 301.543 301.4 301.278 301.175 301.08 301.028 300.888 301.198 300.958 300.503 300.348 300.153 299.96 299.823 299.615 299.415 299.138 298.818 298.495 298.188 297.842 297.613 297.372 297.223
311.48 311.308 311.128 310.91 310.705 310.515 310.195 309.928 309.715 309.46 309.263 309.09 308.863 308.64 308.423 308.15 307.92 307.678 307.44 307.11 306.835 306.548 306.26 305.983 305.745 306.178 305.658 304.998 304.733 304.46 304.208 304.005 303.825 303.635 303.473 303.275 303.083 302.933 302.743 302.553 302.348 302.158 301.98 301.808 301.655 301.505 301.398 301.285 301.16 301.08 300.995 300.875 301 301.14 300.495 300.34 300.175 300 299.793 299.553 299.272 299 298.717 298.4 298.025 297.755 297.57 297.425
311.633 311.423 311.235 311.018 310.805 310.558 310.333 310.055 309.815 309.62 309.42 309.25 308.988 308.773 308.59 308.358 308.088 307.833 307.603 307.325 306.993 306.715 306.445 306.2 306.25 306.393 305.383 305.118 304.838 304.543 304.28 304.1 303.933 303.713 303.55 303.36 303.17 303.008 302.865 302.675 302.5 302.318 302.123 301.948 301.803 301.688 301.545 301.428 301.305 301.213 301.098 301.015 300.898 301.193 301.12 300.468 300.375 300.213 300.005 299.753 299.48 299.225 298.913 298.625 298.21 297.94 297.762 297.935
311.68 311.49 311.343 311.103 310.893 310.663 310.455 310.248 310.053 309.818 309.58 309.365 309.185 308.968 308.743 308.545 308.288 308.028 307.75 307.485 307.203 306.883 306.6 306.595 306.843 305.773 305.423 305.183 304.913 304.645 304.43 304.215 303.998 303.78 303.648 303.463 303.288 303.153 302.988 302.793 302.635 302.433 302.25 302.103 301.975 301.853 301.715 301.59 301.483 301.358 301.22 301.11 301.03 300.97 301.355 300.898 300.533 300.41 300.21 299.985 299.725 299.46 299.14 298.797 298.397 298.1 298.01 298.452
311.773 311.603 311.418 311.193 310.998 310.798 310.618 310.438 310.195 309.955 309.715 309.548 309.348 309.113 308.96 308.753 308.518 308.303 308.005 307.708 307.39 307.083 307.098 306.963 306.263 305.8 305.515 305.265 304.99 304.755 304.52 304.308 304.12 303.95 303.775 303.583 303.43 303.278 303.095 302.915 302.748 302.568 302.39 302.275 302.125 302 301.875 301.775 301.668 301.55 301.398 301.318 301.21 301.148 301.05 301.433 300.748 300.583 300.428 300.173 299.95 299.735 299.418 299.03 298.605 298.37 298.233 298.053
311.843 311.695 311.485 311.288 311.135 310.983 310.82 310.638 310.373 310.14 309.915 309.708 309.525 309.303 309.125 308.935 308.735 308.498 308.233 307.915 307.538 307.443 307.33 306.598 306.193 305.895 305.643 305.363 305.138 304.913 304.638 304.443 304.265 304.08 303.928 303.723 303.57 303.428 303.183 303.015 302.855 302.698 302.55 302.425 302.285 302.175 302.043 301.935 301.823 301.73 301.605 301.513 301.42 301.36 301.19 300.958 300.91 300.855 300.705 300.478 300.2 299.945 299.63 299.23 298.818 298.628 298.323 298.15
311.943 311.803 311.58 311.438 311.32 311.17 311.005 310.815 310.588 310.333 310.088 309.89 309.688 309.523 309.355 309.188 308.98 308.683 308.368 308 307.668 307.893 306.953 306.583 306.3 305.988 305.758 305.538 305.293 305.08 304.843 304.61 304.385 304.223 304.038 303.875 303.69 303.528 303.348 303.133 302.975 302.863 302.685 302.565 302.473 302.333 302.215 302.123 302.013 301.918 301.813 301.733 301.635 301.528 301.368 301.17 301.2 301.57 301.013 300.685 300.383 300.088 299.758 299.4 299.135 298.573 298.398 298.285
312.058 311.905 311.745 311.603 311.505 311.313 311.143 310.963 310.733 310.52 310.273 310.083 309.918 309.768 309.603 309.393 309.155 308.803 308.43 308.18 308.31 307.683 307.033 306.708 306.42 306.12 305.885 305.66 305.43 305.218 305.025 304.805 304.55 304.37 304.173 304 303.828 303.655 303.49 303.323 303.135 302.96 302.843 302.703 302.578 302.505 302.395 302.318 302.203 302.118 302.018 301.92 301.843 301.713 301.613 301.525 301.428 301.51 301.45 300.868 300.37 300.015 299.843 299.815 298.89 298.648 298.468 298.318
312.213 312.038 311.91 311.778 311.665 311.515 311.378 311.183 310.935 310.71 310.483 310.315 310.148 310.015 309.788 309.525 309.245 308.888 308.603 308.858 307.94 307.463 307.16 306.82 306.548 306.283 306.018 305.765 305.545 305.328 305.145 304.918 304.715 304.508 304.313 304.125 303.928 303.79 303.585 303.408 303.295 303.13 302.98 302.865 302.775 302.673 302.565 302.465 302.358 302.28 302.173 302.09 301.998 301.92 301.86 301.773 301.62 301.458 301.715 301.018 300.368 300.283 300.463 299.593 298.895 298.763 298.618 298.44
312.353 312.178 312.1 311.96 311.84 311.71 311.615 311.42 311.158 310.943 310.71 310.558 310.388 310.175 309.96 309.615 309.278 308.993 309.505 308.495 307.943 307.593 307.295 306.955 306.683 306.453 306.188 305.935 305.7 305.463 305.268 305.088 304.868 304.635 304.433 304.265 304.123 303.978 303.775 303.6 303.428 303.3 303.158 303.068 302.975 302.868 302.748 302.653 302.543 302.443 302.34 302.245 302.188 302.105 302.025 301.885 301.763 301.585 301.425 301.793 300.785 300.863 299.825 299.143 298.963 298.828 298.435 298.16
312.513 312.383 312.25 312.108 312.018 311.895 311.793 311.67 311.413 311.173 310.945 310.805 310.533 310.335 310.123 309.753 309.408 309.76 309.085 308.38 308.088 307.77 307.44 307.128 306.855 306.628 306.32 306.095 305.845 305.58 305.38 305.203 304.973 304.778 304.598 304.405 304.295 304.158 304.003 303.783 303.578 303.483 303.375 303.233 303.13 303.023 302.913 302.793 302.733 302.628 302.538 302.44 302.39 302.305 302.213 302.07 301.903 301.738 301.51 301.433 301.39 300.03 299.473 299.235 298.95 298.613 298.473 298.39
312.675 312.548 312.388 312.255 312.148 312.08 311.978 311.84 311.65 311.403 311.148 311.005 310.73 310.46 310.193 309.903 309.898 309.733 308.873 308.503 308.195 307.87 307.588 307.305 306.983 306.723 306.495 306.23 306.013 305.743 305.533 305.343 305.09 304.905 304.76 304.613 304.46 304.353 304.218 304.035 303.823 303.673 303.593 303.46 303.34 303.188 303.12 302.983 302.925 302.828 302.748 302.653 302.59 302.498 302.353 302.223 302.06 301.883 301.755 301.438 300.728 300.058 299.565 299.318 298.968 298.93 299.06 298.965
312.828 312.668 312.548 312.405 312.323 312.188 312.115 312.01 311.878 311.653 311.428 311.23 310.963 310.678 310.373 310.23 310.548 309.398 308.99 308.675 308.348 308.003 307.728 307.47 307.133 306.898 306.628 306.408 306.178 305.93 305.7 305.458 305.213 305.053 304.925 304.79 304.665 304.57 304.42 304.213 304.02 303.885 303.773 303.668 303.513 303.375 303.28 303.175 303.073 303.018 302.928 302.83 302.76 302.628 302.498 302.353 302.223 302.148 301.82 301.215 300.56 300.08 299.65 299.365 299.025 299.335 299.503 299.533
312.945 312.793 312.675 312.523 312.448 312.328 312.248 312.14 312.005 311.858 311.655 311.433 311.18 310.883 310.77 311.05 309.973 309.53 309.165 308.845 308.485 308.19 307.865 307.63 307.335 307.078 306.828 306.548 306.34 306.098 305.848 305.625 305.39 305.21 305.048 304.92 304.81 304.698 304.568 304.373 304.218 304.06 303.943 303.845 303.698 303.565 303.48 303.353 303.293 303.193 303.095 302.998 302.905 302.763 302.675 302.555 302.47 302.55 301.833 301.143 300.4 300.015 299.813 299.478 299.36 299.683 299.87 299.973
