20220701_namedtuples/mapdata/sd8777_DSM_2M.asc
ncols 500
nrows 500
xllcorner    387000
yllcorner    477000
cellsize     2
NODATA_value -9999
[rows 232 to 260 of 500, columns 201 to 267 of 500]
452.931 453.198 453.538 453.843 454.033 454.273 454.466 454.913 455.808 456.843 457.886 459.098 460.361 461.621 462.686 463.816 465.116 465.906 466.651 467.508 468.051 468.343 468.988 469.383 469.701 470.046 470.551 470.988 471.328 471.598 471.881 472.258 472.501 472.816 473.278 473.628 474.068 474.553 474.866 475.396 475.771 476.173 476.471 476.676 476.908 477.216 477.523 477.778 477.951 478.088 478.358 478.681 478.986 479.358 479.816 480.138 480.626 480.991 481.346 481.858 482.261 482.533 482.788 482.906 483.153 483.308 483.393
452.876 452.996 453.201 453.586 453.961 454.306 454.541 454.963 455.518 456.448 457.426 458.811 460.296 461.556 462.853 464.038 465.191 466.186 466.873 467.483 468.023 468.343 468.853 469.286 469.736 470.201 470.693 471.101 471.443 471.691 471.971 472.278 472.483 472.676 473.166 473.623 474.101 474.541 474.941 475.458 475.898 476.376 476.611 476.826 477.086 477.406 477.676 477.928 478.091 478.156 478.573 478.843 479.028 479.263 479.636 479.951 480.526 480.928 481.411 481.961 482.431 482.881 483.061 483.276 483.488 483.521 483.398
453.153 453.241 453.418 453.838 454.196 454.478 454.826 455.201 455.468 455.866 456.621 458.078 459.921 461.501 462.878 464.113 465.213 466.056 466.883 467.076 467.638 468.236 468.856 469.338 469.768 470.301 470.773 471.156 471.421 471.703 471.913 472.078 472.341 472.673 473.078 473.451 473.901 474.466 474.991 475.596 475.868 476.266 476.438 476.828 477.166 477.536 477.756 478.106 478.298 478.526 478.858 479.113 479.211 479.326 479.606 480.093 480.596 481.038 481.443 481.986 482.626 483.031 483.241 483.466 483.671 483.593 483.308
453.141 453.341 453.581 453.911 454.286 454.473 454.876 455.301 455.551 455.568 455.998 457.498 459.343 461.273 462.971 464.176 464.993 465.751 466.441 466.931 467.678 468.366 468.888 469.351 469.786 470.313 470.711 471.028 471.323 471.581 471.791 472.023 472.201 472.586 473.061 473.446 473.863 474.488 475.048 475.491 475.761 475.996 476.473 476.846 477.261 477.743 477.821 478.186 478.511 479.003 479.368 479.518 479.423 479.463 479.686 480.181 480.691 481.128 481.451 482.101 482.736 482.943 483.158 483.463 483.686 483.348 483.201
452.996 453.443 453.668 454.201 454.516 454.671 455.021 455.398 455.661 455.706 456.038 457.213 459.133 460.913 462.783 463.961 464.688 465.633 466.081 467.036 467.816 468.413 468.986 469.343 469.723 470.113 470.466 470.778 471.173 471.428 471.701 472.011 472.336 472.701 472.923 473.343 473.876 474.473 474.826 475.303 475.606 475.888 476.291 476.926 477.361 477.808 477.953 478.328 478.821 479.243 479.473 479.583 479.493 479.533 479.788 480.276 480.783 481.168 481.641 482.413 482.873 483.036 483.303 483.458 483.498 482.928 482.883
452.933 453.338 453.686 454.421 454.863 455.123 455.373 455.606 455.781 455.921 456.261 457.148 458.746 460.386 462.083 463.521 464.426 465.113 465.861 467.141 467.841 468.486 468.978 469.306 469.618 469.926 470.201 470.541 470.983 471.296 471.636 472.056 472.418 472.696 472.958 473.388 473.798 474.373 474.553 474.903 475.416 475.726 476.151 476.938 477.458 477.836 478.273 478.548 478.976 479.238 479.428 479.673 479.663 479.898 480.126 480.426 480.778 481.308 482.076 482.671 482.991 483.256 483.536 483.688 483.598 483.203 483.038
452.973 453.381 453.656 454.296 454.926 455.383 455.668 455.898 455.921 456.293 456.513 457.058 458.318 459.788 461.186 462.748 463.876 464.633 465.523 466.938 467.786 468.521 468.876 469.178 469.601 469.911 470.093 470.466 470.941 471.381 471.828 472.278 472.536 472.816 473.201 473.571 473.971 474.093 474.256 474.588 475.186 475.881 476.213 476.701 477.251 477.678 478.293 478.713 479.023 479.228 479.376 479.621 479.908 480.206 480.561 480.633 480.973 481.628 482.393 482.731 482.988 483.263 483.626 483.881 483.883 483.671 483.631
453.033 453.356 453.653 454.186 454.756 455.323 455.856 456.261 456.206 456.563 456.713 456.981 457.928 459.301 460.538 461.946 463.241 464.113 465.086 466.433 467.568 468.346 468.741 469.096 469.446 469.793 470.048 470.563 471.041 471.486 471.981 472.353 472.726 472.921 473.371 473.548 473.828 474.011 474.158 474.473 475.233 476.101 476.411 476.791 476.956 477.483 478.043 478.456 478.713 478.948 479.333 479.763 480.128 480.476 480.551 480.736 481.098 481.808 482.158 482.478 482.806 483.248 483.633 484.036 484.023 483.821 483.911
452.918 453.186 453.463 453.883 454.516 455.096 455.803 456.393 456.663 456.901 457.018 457.011 457.548 458.673 459.688 460.993 462.343 463.286 464.588 465.926 467.248 468.151 468.633 468.958 469.283 469.721 470.248 470.866 471.138 471.461 471.911 472.468 472.848 473.053 473.463 473.641 473.961 474.221 474.488 474.506 475.173 475.996 476.443 476.611 476.873 477.333 477.803 477.963 478.356 478.721 479.153 479.581 480.051 480.371 480.516 480.706 481.026 481.471 481.816 482.246 482.623 483.153 483.726 484.126 484.196 484.113 484.093
452.663 453.131 453.421 453.701 454.376 455.071 455.741 456.253 456.696 457.021 457.173 457.206 457.441 457.858 458.798 459.831 461.373 462.571 463.976 465.323 466.673 467.903 468.523 468.963 469.316 469.883 470.463 470.918 471.228 471.511 471.891 472.438 472.871 473.261 473.528 473.778 474.096 474.418 474.613 474.846 475.168 475.778 476.141 476.423 476.778 476.858 477.358 477.731 478.306 478.728 479.158 479.593 479.948 480.251 480.486 480.671 480.868 481.221 481.636 482.126 482.671 483.118 483.743 484.301 484.478 484.326 484.331
452.676 453.131 453.478 453.711 454.258 454.933 455.546 456.036 456.513 456.943 457.096 457.248 457.258 457.598 458.313 459.586 461.266 462.343 463.258 464.753 466.123 467.708 468.628 469.141 469.541 470.091 470.728 470.941 471.286 471.598 472.003 472.386 472.781 473.178 473.466 473.858 474.238 474.626 474.666 474.941 475.316 475.538 475.816 476.273 476.616 476.813 477.238 477.686 478.128 478.638 479.041 479.386 479.573 479.888 480.188 480.453 480.796 481.241 481.793 482.293 482.853 483.351 483.981 484.601 484.713 484.618 484.546
452.751 453.066 453.293 453.536 453.976 454.718 455.236 455.656 456.163 456.696 456.943 457.188 457.183 457.611 458.428 459.523 460.633 461.878 462.906 464.351 465.733 467.113 468.676 469.246 469.766 470.298 470.736 470.993 471.223 471.496 471.876 472.246 472.611 473.011 473.346 473.923 474.571 474.683 474.661 474.851 475.393 475.673 475.896 476.158 476.273 476.591 476.908 477.293 477.546 478.056 478.531 478.851 479.141 479.621 479.916 480.303 480.731 481.213 481.918 482.528 483.093 483.603 484.106 484.666 484.868 484.886 485.006
452.811 452.986 453.306 453.666 453.863 454.371 454.966 455.388 455.853 456.596 456.956 457.313 457.461 457.908 458.313 459.258 460.248 461.266 462.636 463.948 465.361 466.796 468.458 469.298 469.858 470.413 470.768 470.933 471.143 471.378 471.781 472.183 472.613 473.078 473.496 474.078 474.526 474.693 474.763 474.903 475.461 475.836 475.781 476.191 476.276 476.608 476.888 477.058 477.176 477.516 478.093 478.421 478.816 479.266 479.693 480.336 480.806 481.156 481.768 482.516 483.281 483.958 484.448 484.723 484.918 485.036 485.443
452.973 453.103 453.401 453.576 453.686 453.993 454.556 455.061 455.666 456.413 456.916 457.278 457.436 457.921 458.256 458.958 460.041 461.041 462.543 464.001 465.311 466.648 468.336 469.381 469.926 470.373 470.631 470.833 471.056 471.388 471.831 472.208 472.636 473.071 473.568 474.091 474.461 474.733 474.863 475.063 475.463 475.841 475.916 476.161 476.433 476.573 476.788 476.906 477.131 477.496 477.831 478.126 478.518 478.933 479.638 480.596 480.878 481.153 481.673 482.441 483.316 484.256 484.808 484.911 484.911 485.186 485.626
453.188 453.296 453.403 453.456 453.488 453.608 453.998 454.446 455.111 455.813 456.451 456.871 457.166 457.851 458.163 458.821 460.033 461.118 462.653 464.118 465.391 466.631 467.926 469.106 469.733 470.216 470.513 470.708 471.041 471.388 471.846 472.228 472.643 473.053 473.566 474.133 474.468 474.638 474.858 475.228 475.673 475.973 476.153 476.298 476.596 476.631 476.733 476.831 476.983 477.193 477.436 477.718 478.138 478.466 479.066 480.163 480.861 481.361 481.731 482.263 483.233 484.378 485.101 485.113 484.913 485.293 485.908
453.281 453.451 453.521 453.458 453.381 453.341 453.558 453.948 454.511 455.121 455.821 456.478 456.868 457.423 457.736 458.511 459.913 461.493 463.048 464.366 465.351 466.703 467.738 468.573 469.333 469.923 470.306 470.698 471.118 471.403 471.761 472.266 472.536 473.003 473.571 474.056 474.498 474.731 475.003 475.373 475.813 476.148 476.423 476.558 476.551 476.593 476.691 476.733 476.743 476.923 477.011 477.148 477.488 477.828 478.376 479.358 480.353 481.321 481.786 482.243 483.088 484.246 485.223 485.303 484.941 485.121 485.828
453.311 453.476 453.558 453.471 453.201 453.041 453.116 453.421 454.028 454.681 455.433 456.153 456.741 457.203 457.521 458.483 460.068 461.818 463.248 464.478 465.261 466.696 467.663 468.201 468.986 469.551 470.016 470.466 471.013 471.351 471.856 472.296 472.368 472.791 473.333 473.726 474.371 474.871 475.213 475.526 475.891 476.201 476.548 476.761 476.853 476.801 476.868 476.801 476.668 476.678 476.516 476.583 476.881 477.333 477.966 478.776 479.653 480.876 481.293 481.881 482.571 483.506 484.753 485.266 485.001 484.966 485.561
453.196 453.398 453.463 453.263 453.036 452.728 452.806 452.971 453.518 454.263 455.131 455.911 456.571 457.071 457.821 459.136 460.861 462.198 463.173 464.368 465.166 466.436 467.353 467.926 468.738 469.231 469.613 470.061 470.653 471.103 471.748 472.123 472.193 472.643 473.173 473.831 474.563 475.038 475.578 475.761 476.001 476.321 476.713 476.948 476.943 476.988 477.003 476.918 476.646 476.308 476.136 476.286 476.586 477.208 477.858 478.536 479.276 480.338 480.846 481.373 482.248 482.936 483.898 484.826 484.993 484.913 485.191
452.858 453.101 453.138 452.898 452.731 452.581 452.598 452.756 453.143 453.868 454.811 455.708 456.646 457.328 458.658 460.266 461.423 462.401 463.286 464.638 465.253 465.916 467.081 467.606 468.413 468.966 469.328 469.841 470.391 470.893 471.463 471.808 472.126 472.676 473.376 474.218 474.663 475.318 475.811 476.013 476.211 476.428 476.806 476.946 477.018 476.966 476.908 476.953 476.561 476.133 476.001 476.108 476.408 477.076 477.993 478.676 479.221 480.056 480.648 480.791 481.708 482.513 483.166 484.091 484.726 484.851 485.078
452.543 452.738 452.686 452.706 452.518 452.466 452.451 452.633 453.038 453.723 454.986 456.028 457.141 458.183 459.528 460.828 461.783 462.753 463.626 464.801 465.231 465.826 466.696 467.278 468.248 468.718 469.128 469.746 470.303 470.853 471.476 471.888 472.306 472.891 473.758 474.468 474.788 475.376 475.881 475.948 476.183 476.413 476.786 476.936 476.928 476.701 476.593 476.718 476.536 476.181 476.021 476.023 476.228 476.806 477.526 478.346 478.853 479.858 480.491 480.586 480.771 481.706 482.528 483.441 484.398 484.753 484.971
452.186 452.358 452.286 452.216 452.073 452.151 452.303 452.601 453.241 454.088 455.601 456.708 457.871 458.796 460.086 461.108 462.126 462.998 463.798 464.576 465.128 465.691 466.318 467.156 467.991 468.503 468.946 469.703 470.378 471.013 471.621 471.998 472.476 473.048 473.818 474.428 474.841 475.401 475.913 475.936 476.023 476.298 476.633 476.783 476.701 476.523 476.488 476.613 476.538 476.338 476.073 476.013 476.116 476.666 477.416 478.158 478.673 479.606 480.181 480.426 480.491 481.021 481.761 482.781 483.823 484.608 484.948
451.638 451.831 451.816 451.806 451.718 452.021 452.123 452.423 453.516 454.648 456.323 457.561 458.601 459.356 460.338 461.348 462.293 463.181 463.968 464.353 464.961 465.401 466.076 467.068 467.788 468.358 468.931 469.718 470.431 471.033 471.648 472.061 472.568 473.111 473.636 474.416 474.783 475.343 475.668 475.833 475.958 476.208 476.471 476.556 476.456 476.368 476.471 476.478 476.451 476.321 476.148 476.051 476.191 476.523 477.111 477.903 478.286 478.938 479.646 480.058 480.441 480.606 481.106 482.106 483.306 484.451 484.978
451.071 451.231 451.276 451.448 451.616 451.803 451.911 452.418 453.938 455.211 456.756 458.033 458.786 459.801 460.636 461.533 462.463 463.231 463.661 464.126 464.716 465.351 466.158 466.948 467.593 468.286 468.833 469.663 470.391 470.996 471.683 472.193 472.643 473.103 473.521 474.176 474.696 475.048 475.321 475.566 475.773 476.056 476.328 476.343 476.306 476.333 476.436 476.541 476.448 476.366 476.203 476.223 476.123 476.326 476.633 477.296 477.906 478.266 478.836 479.606 480.051 480.686 480.718 481.586 482.916 484.376 485.033
450.678 450.901 451.071 451.271 451.418 451.493 451.728 452.471 454.141 455.428 457.023 458.046 458.738 459.606 460.523 461.566 462.403 462.781 463.388 464.138 464.731 465.433 466.176 466.763 467.453 468.201 468.646 469.558 470.293 470.876 471.633 472.353 472.661 473.116 473.573 474.191 474.601 474.851 475.238 475.386 475.638 475.801 476.073 476.251 476.273 476.306 476.316 476.531 476.458 476.578 476.338 476.173 475.946 476.171 476.326 476.468 477.166 477.756 478.118 478.923 479.731 480.198 480.373 481.048 482.343 484.051 485.166
450.493 450.646 450.891 451.083 451.173 451.338 451.553 452.531 454.316 455.503 456.988 457.923 458.771 459.708 460.858 461.531 462.001 462.558 463.503 464.176 464.773 465.433 466.076 466.651 467.346 468.068 468.503 469.318 470.121 470.846 471.588 472.151 472.683 473.248 473.771 474.213 474.578 474.851 475.101 475.283 475.588 475.696 475.826 476.038 476.288 476.286 476.228 476.318 476.381 476.523 476.526 476.133 475.726 475.933 475.866 476.048 476.508 477.058 477.488 478.206 479.406 479.828 480.073 480.648 481.883 483.588 484.916
450.276 450.486 450.731 450.911 451.046 451.288 451.686 453.066 454.593 455.998 457.398 458.226 459.111 460.003 460.751 461.251 461.991 462.723 463.476 464.186 464.836 465.448 465.966 466.561 467.208 467.941 468.438 469.143 470.018 470.738 471.371 472.016 472.696 473.163 473.608 474.063 474.473 474.856 475.061 475.078 475.268 475.563 475.576 475.708 475.991 476.036 476.153 476.161 476.258 476.556 476.486 476.048 475.601 475.306 475.301 475.391 475.933 476.556 477.023 478.046 478.768 479.388 479.798 480.458 481.566 483.311 484.671
450.151 450.456 450.693 450.903 450.973 451.443 452.338 453.988 455.083 456.646 457.718 458.436 459.333 459.981 460.648 461.418 462.113 462.688 463.576 464.241 464.831 465.316 465.813 466.358 467.053 467.823 468.348 469.028 469.901 470.568 471.146 471.771 472.441 472.956 473.278 473.878 474.303 474.703 475.113 475.098 475.173 475.386 475.433 475.466 475.606 475.728 475.923 476.028 476.113 476.266 476.306 476.056 475.646 475.121 474.946 474.933 475.453 476.166 476.738 477.408 478.321 479.001 479.478 480.318 481.288 482.953 484.426
450.111 450.438 450.701 450.998 451.391 452.243 453.321 454.508 455.478 456.793 457.638 458.413 459.396 460.123 460.826 461.521 462.191 462.751 463.441 464.133 464.646 465.081 465.591 466.236 467.016 467.753 468.288 468.891 469.696 470.281 470.881 471.366 471.978 472.543 473.201 473.576 474.068 474.493 474.856 475.088 475.171 475.266 475.266 475.271 475.166 475.231 475.493 475.753 475.931 476.116 476.191 475.918 475.756 475.316 474.833 474.603 474.866 475.438 476.326 476.933 477.678 478.523 479.131 479.818 480.823 482.253 483.898
450.033 450.398 450.856 451.638 452.278 452.986 453.623 454.613 455.518 456.783 457.958 458.733 459.623 460.313 461.081 461.728 462.388 462.863 463.261 463.821 464.371 464.838 465.341 466.091 466.903 467.551 468.221 468.676 469.466 470.068 470.608 471.116 471.828 472.366 472.753 473.018 473.628 474.126 474.478 474.786 475.021 475.101 474.991 474.926 474.761 474.846 475.048 475.438 475.836 475.921 475.948 475.633 475.688 475.523 474.831 474.358 474.313 474.776 475.743 476.496 477.323 478.033 478.691 479.426 480.358 481.608 483.053
