20220701_namedtuples/mapdata/sd8776_DSM_2M.asc
ncols 500
nrows 500
xllcorner    387000
yllcorner    476000
cellsize     2
NODATA_value -9999
[rows 390 to 419 of 500, columns 136 to 203 of 500]
377.77 377.53 377.225 376.933 376.613 376.3 376.05 375.773 375.62 375.323 375.053 374.788 374.585 374.308 373.763 373.35 372.998 372.513 372.193 371.855 371.443 371.125 370.858 370.558 370.655 370.055 369.723 369.42 369.168 368.908 368.675 368.46 368.288 368.103 368.023 367.92 367.738 367.545 367.235 366.77 366.365 366.1 365.853 365.61 365.425 365.248 365.08 364.963 364.798 364.618 364.45 364.31 364.235 364.18 364.128 363.905 363.69 363.603 363.325 363.128 362.933 362.85 362.553 362.313 362.083 361.888 361.655 361.303
378.063 377.823 377.518 377.22 376.953 376.645 376.398 376.105 375.8 375.578 375.323 375.103 374.803 374.558 374.013 373.405 373.178 372.87 372.455 372.123 371.743 371.41 371.103 370.828 370.658 371.033 370.075 369.758 369.45 369.21 368.978 368.79 368.61 368.46 368.295 368.178 368.098 368.035 367.72 367.203 366.865 366.63 366.355 366.17 365.948 365.74 365.563 365.373 365.195 365.05 364.848 364.653 364.535 364.385 364.323 364.188 363.983 363.763 363.685 363.483 363.3 363.293 363.025 362.68 362.488 362.255 361.938 361.61
378.39 378.098 377.818 377.555 377.288 376.99 376.715 376.42 376.1 375.84 375.59 375.358 375.125 374.843 374.185 373.485 373.23 373.135 372.79 372.395 372.045 371.685 371.413 371.145 370.828 370.743 371.02 370.128 369.748 369.52 369.318 369.108 368.968 368.803 368.628 368.44 368.335 368.238 368.015 367.645 367.318 367.128 366.905 366.83 366.625 366.335 366.068 365.85 365.64 365.473 365.28 365.093 364.923 364.78 364.563 364.423 364.293 364.055 363.895 363.738 363.66 363.678 363.383 363.133 362.985 362.568 362.3 361.908
378.573 378.383 378.143 377.863 377.588 377.305 377.023 376.708 376.41 376.105 375.848 375.6 375.383 375.098 374.37 373.82 373.345 373.22 373.058 372.685 372.373 372.025 371.748 371.44 371.185 370.865 371.483 370.675 370.108 369.863 369.66 369.463 369.333 369.173 368.958 368.8 368.62 368.483 368.28 368.075 367.91 367.75 367.575 367.55 367.36 366.978 366.718 366.403 366.143 365.9 365.638 365.463 365.248 365.068 364.87 364.713 364.533 364.408 364.313 364.14 364.015 364.013 363.813 363.555 363.34 362.975 362.613 362.253
378.81 378.595 378.393 378.135 377.863 377.585 377.31 377.005 376.718 376.423 376.155 375.853 375.62 375.408 374.865 374.17 373.728 373.528 373.338 372.973 372.74 372.385 372.053 371.778 371.518 371.24 371.03 371.253 370.508 370.255 370.008 369.843 369.71 369.575 369.378 369.178 368.998 368.83 368.65 368.45 368.36 368.215 368.113 368.07 367.988 367.793 367.178 366.825 366.668 366.358 366.093 365.803 365.57 365.34 365.15 365.01 364.875 364.708 364.558 364.455 364.355 364.285 364.158 363.89 363.67 363.465 363.193 362.698
378.983 378.81 378.613 378.413 378.148 377.863 377.57 377.295 376.978 376.703 376.415 376.158 375.825 375.588 375.245 374.64 374.368 374.168 373.765 373.328 373.1 372.778 372.425 372.135 371.878 371.598 371.335 371.45 371.628 370.67 370.405 370.22 370.05 369.935 369.823 369.633 369.365 369.19 369.035 368.965 368.875 368.738 368.613 368.455 368.26 368.138 367.848 367.338 367.028 366.695 366.4 366.123 365.85 365.643 365.483 365.305 365.165 365.03 364.878 364.76 364.675 364.535 364.388 364.205 363.953 363.69 363.503 363.1
379.113 378.988 378.78 378.588 378.363 378.073 377.808 377.543 377.228 376.968 376.67 376.428 376.113 375.82 375.485 375.195 374.86 374.503 374.07 373.728 373.45 373.133 372.818 372.548 372.265 371.965 371.73 371.508 371.615 371.213 370.805 370.57 370.435 370.265 370.143 369.975 369.755 369.583 369.425 369.43 369.375 369.283 369.183 368.92 368.648 368.4 368.21 368.03 367.5 367.065 366.735 366.55 366.21 366.003 365.793 365.633 365.483 365.37 365.188 365.078 364.95 364.803 364.718 364.465 364.213 363.988 363.643 363.298
379.338 379.13 378.93 378.74 378.525 378.268 378.05 377.775 377.498 377.205 376.968 376.73 376.36 376.113 375.82 375.533 375.278 374.855 374.5 374.068 373.745 373.483 373.213 372.998 372.668 372.365 372.18 371.908 371.65 372.008 371.368 371.018 370.828 370.583 370.44 370.31 370.14 369.96 369.855 369.785 369.748 369.675 369.578 369.448 369.155 368.815 368.51 368.27 368.088 367.52 367.105 366.965 366.675 366.375 366.138 365.953 365.87 365.683 365.563 365.41 365.283 365.12 365.005 364.783 364.53 364.28 363.978 363.645
379.535 379.305 379.1 378.89 378.685 378.468 378.243 377.973 377.755 377.493 377.22 376.95 376.668 376.42 376.133 375.795 375.518 375.208 374.768 374.408 374.1 373.863 373.6 373.385 373.143 372.878 372.598 372.29 372.02 371.835 372.1 371.388 371.13 370.91 370.745 370.6 370.468 370.305 370.195 370.13 370.09 370 369.933 369.773 369.605 369.338 368.855 368.495 368.22 367.868 367.495 367.343 367.14 366.79 366.56 366.34 366.215 366.078 365.923 365.773 365.655 365.423 365.275 365.055 364.78 364.645 364.29 363.923
379.718 379.503 379.278 379.058 378.875 378.608 378.4 378.18 377.955 377.753 377.518 377.23 376.993 376.723 376.413 376.1 375.765 375.485 375.115 374.82 374.503 374.315 374.07 373.845 373.605 373.32 373.008 372.713 372.463 372.155 372.125 372.343 371.523 371.3 371.11 370.95 370.82 370.708 370.59 370.463 370.353 370.265 370.155 370.045 369.96 369.703 369.263 368.76 368.46 368.153 367.973 367.685 367.443 367.165 366.943 366.745 366.543 366.393 366.243 366.118 365.95 365.82 365.67 365.44 365.088 364.838 364.565 364.173
379.885 379.658 379.445 379.218 379.005 378.82 378.608 378.388 378.16 377.96 377.775 377.555 377.285 377.045 376.748 376.488 376.155 375.76 375.445 375.173 374.888 374.703 374.53 374.253 374.043 373.775 373.45 373.123 372.83 372.593 372.335 372.623 372.155 371.675 371.458 371.28 371.148 371.068 370.913 370.8 370.663 370.543 370.43 370.318 370.158 369.908 369.588 369.183 368.778 368.528 368.413 368.23 368.038 367.67 367.29 367.09 366.893 366.733 366.56 366.408 366.258 366.01 365.763 365.528 365.283 365.073 364.848 364.603
380.075 379.833 379.583 379.368 379.183 378.983 378.753 378.568 378.375 378.16 377.995 377.828 377.59 377.36 377.083 376.848 376.593 376.183 375.795 375.563 375.273 375.06 374.908 374.758 374.523 374.298 373.968 373.475 373.233 372.988 372.71 372.48 373.01 372.085 371.878 371.693 371.515 371.398 371.31 371.11 370.945 370.818 370.66 370.513 370.358 370.19 369.838 369.573 369.143 368.843 368.69 368.563 368.488 368.19 367.683 367.443 367.235 367.018 366.91 366.705 366.535 366.348 366.098 365.803 365.535 365.295 365.043 364.745
380.288 380.008 379.798 379.573 379.4 379.195 378.98 378.77 378.585 378.433 378.248 378.093 377.908 377.675 377.395 377.173 376.915 376.583 376.248 375.913 375.698 375.48 375.265 375.108 374.95 374.79 374.49 374.038 373.638 373.4 373.135 372.845 372.79 372.953 372.255 372.008 371.873 371.693 371.593 371.47 371.265 371.068 370.895 370.715 370.533 370.353 370.108 369.8 369.533 369.245 368.97 368.775 368.598 368.355 368.125 367.855 367.61 367.37 367.283 367.06 366.838 366.648 366.39 366.113 365.848 365.548 365.233 364.995
380.613 380.32 380.105 379.86 379.615 379.435 379.223 379.05 378.845 378.68 378.498 378.343 378.18 377.953 377.715 377.51 377.245 376.95 376.633 376.363 376.103 375.87 375.64 375.435 375.275 375.118 374.888 374.535 374.113 373.82 373.553 373.298 373.08 373.038 373.068 372.288 372.175 372.125 371.848 371.725 371.53 371.348 371.155 370.933 370.75 370.54 370.32 370.12 369.85 369.59 369.325 369.08 368.823 368.608 368.448 368.373 368.12 367.775 367.625 367.375 367.185 366.98 366.65 366.398 366.183 365.858 365.453 365.203
380.885 380.625 380.378 380.178 379.89 379.698 379.465 379.285 379.133 378.968 378.788 378.605 378.443 378.263 378.063 377.848 377.673 377.408 377.113 376.793 376.518 376.258 376.053 375.798 375.628 375.445 375.273 374.945 374.625 374.22 373.923 373.7 373.468 373.265 373.483 372.983 372.723 372.483 372.2 372.01 371.79 371.588 371.395 371.205 370.96 370.755 370.565 370.385 370.16 369.91 369.633 369.33 369.078 368.868 368.71 368.61 368.543 368.335 367.98 367.778 367.535 367.27 367.048 366.718 366.438 366.125 365.75 365.435
381.178 380.875 380.648 380.433 380.225 380.003 379.793 379.6 379.383 379.235 379.073 378.935 378.77 378.61 378.41 378.193 377.995 377.8 377.563 377.243 376.943 376.7 376.478 376.228 375.993 375.77 375.61 375.383 375.098 374.728 374.37 374.083 373.81 373.553 373.393 373.835 373.053 372.753 372.505 372.295 372.083 371.86 371.645 371.433 371.215 371.023 370.82 370.635 370.418 370.198 369.93 369.595 369.33 369.145 368.993 368.853 368.778 368.655 368.438 368.123 368.04 367.655 367.35 367.093 366.793 366.583 366.29 365.75
381.51 381.233 380.98 380.805 380.578 380.375 380.155 379.96 379.758 379.563 379.39 379.215 379.058 378.888 378.735 378.56 378.325 378.113 377.935 377.663 377.4 377.165 376.883 376.625 376.395 376.14 375.848 375.69 375.438 375.11 374.75 374.418 374.125 373.9 373.665 373.728 373.708 373.045 372.793 372.495 372.338 372.11 371.898 371.705 371.46 371.273 371.06 370.85 370.635 370.425 370.158 369.803 369.528 369.428 369.32 369.218 369.09 368.908 368.733 368.55 368.36 368.068 367.708 367.475 367.233 367.038 366.873 366.478
381.83 381.555 381.343 381.083 380.845 380.74 380.54 380.345 380.14 379.935 379.74 379.55 379.383 379.225 379.058 378.888 378.665 378.45 378.223 378.043 377.79 377.56 377.288 377.02 376.743 376.53 376.193 375.958 375.775 375.47 375.123 374.843 374.565 374.24 373.988 373.683 373.835 373.7 373.095 372.82 372.568 372.413 372.173 371.95 371.755 371.54 371.293 371.078 370.835 370.605 370.325 369.985 369.76 369.753 369.708 369.69 369.483 369.315 369.063 368.828 368.673 368.533 368.098 367.988 367.76 367.583 367.305 366.88
382.3 381.98 381.71 381.56 381.303 381.093 380.9 380.7 380.503 380.333 380.15 379.913 379.745 379.575 379.413 379.223 379.04 378.823 378.605 378.395 378.2 377.97 377.735 377.43 377.12 376.843 376.573 376.275 376.018 375.8 375.538 375.308 375.028 374.638 374.328 374.013 373.765 374.268 373.533 373.13 372.883 372.678 372.463 372.228 371.98 371.785 371.583 371.358 371.073 370.788 370.47 370.175 370.05 370.055 370.013 369.945 369.865 369.68 369.398 369.113 368.885 368.73 368.535 368.488 368.368 368 367.543 367.093
382.72 382.44 382.098 381.925 381.755 381.525 381.275 381.105 380.953 380.76 380.548 380.34 380.175 380.013 379.803 379.613 379.415 379.198 378.978 378.778 378.533 378.35 378.085 377.83 377.518 377.255 376.98 376.66 376.315 376.058 375.85 375.673 375.32 374.96 374.66 374.433 374.068 373.875 374.07 373.493 373.158 372.9 372.683 372.518 372.303 372.055 371.78 371.568 371.308 370.998 370.625 370.418 370.403 370.378 370.285 370.245 370.173 369.983 369.703 369.415 369.16 368.955 368.803 368.755 368.648 368.298 367.923 367.45
383.125 382.84 382.528 382.275 382.1 381.928 381.688 381.473 381.3 381.235 380.998 380.843 380.62 380.418 380.223 379.995 379.785 379.583 379.395 379.173 378.9 378.715 378.49 378.208 377.95 377.64 377.36 377.013 376.64 376.363 376.13 375.875 375.493 374.968 374.778 374.735 374.41 374.078 374.015 374.138 373.513 373.2 372.978 372.83 372.58 372.31 372.063 371.753 371.52 371.21 370.873 370.768 370.79 370.728 370.615 370.46 370.363 370.25 370 369.743 369.523 369.258 369.085 369.018 368.908 368.695 368.398 367.925
383.475 383.165 382.888 382.625 382.498 382.228 382.015 381.85 381.723 381.565 381.495 381.305 381.11 380.883 380.645 380.393 380.14 379.928 379.753 379.545 379.313 379.068 378.86 378.603 378.333 378.02 377.693 377.378 376.978 376.668 376.358 376.138 375.86 375.405 375.15 374.85 374.678 374.413 374.125 374.208 374.075 373.49 373.23 373.038 372.808 372.523 372.3 372.005 371.748 371.525 371.275 371.23 371.203 371.08 370.935 370.77 370.593 370.433 370.265 370.068 369.815 369.6 369.395 369.2 369.073 368.923 368.738 368.603
383.86 383.5 383.245 382.995 382.74 382.538 382.373 382.215 382.09 381.923 381.833 381.683 381.478 381.288 381.033 380.773 380.535 380.343 380.11 379.89 379.68 379.395 379.168 378.955 378.693 378.39 378.07 377.728 377.348 377.013 376.643 376.388 376.148 375.93 375.62 375.16 374.87 374.718 374.428 374.19 374.533 373.768 373.515 373.273 373.065 372.775 372.54 372.238 372.068 371.875 371.75 371.723 371.628 371.475 371.32 371.128 370.933 370.723 370.513 370.35 370.09 369.848 369.653 369.405 369.223 369.078 368.953 368.865
384.265 383.878 383.608 383.37 383.145 382.888 382.698 382.553 382.4 382.26 382.115 381.99 381.775 381.575 381.368 381.113 380.895 380.688 380.45 380.213 380 379.768 379.47 379.213 378.943 378.668 378.345 378 377.7 377.328 377.013 376.688 376.388 376.165 375.95 375.605 375.025 374.948 374.738 374.475 374.433 374.623 373.83 373.59 373.333 373.09 372.848 372.573 372.385 372.273 372.213 372.13 371.99 371.833 371.65 371.423 371.205 370.99 370.79 370.58 370.295 370.098 369.868 369.648 369.433 369.273 369.175 369.015
384.613 384.26 383.978 383.715 383.493 383.305 383.033 382.835 382.66 382.553 382.405 382.25 382.083 381.878 381.645 381.46 381.228 381.005 380.785 380.508 380.298 380.045 379.823 379.54 379.215 378.903 378.608 378.29 377.985 377.635 377.315 376.993 376.695 376.413 376.243 375.998 375.648 375.315 375.118 374.833 374.578 374.705 374.613 373.853 373.585 373.435 373.193 372.93 372.72 372.678 372.62 372.47 372.305 372.193 371.94 371.708 371.478 371.243 371.023 370.778 370.535 370.303 370.098 369.883 369.708 369.483 369.298 369.125
384.963 384.608 384.328 384.055 383.803 383.603 383.378 383.19 382.968 382.825 382.638 382.46 382.283 382.093 381.918 381.735 381.535 381.31 381.12 380.878 380.633 380.38 380.133 379.818 379.485 379.205 378.855 378.543 378.26 377.918 377.638 377.288 376.943 376.708 376.468 376.233 376 375.765 375.505 375.218 374.93 374.663 374.965 374.24 373.933 373.745 373.543 373.295 373.148 373.078 372.92 372.783 372.655 372.475 372.3 371.998 371.743 371.553 371.303 371.018 370.795 370.55 370.36 370.14 369.97 369.745 369.523 369.295
385.368 384.97 384.645 384.395 384.14 383.893 383.653 383.453 383.283 383.05 382.883 382.68 382.508 382.283 382.13 381.988 381.803 381.62 381.445 381.215 380.998 380.735 380.423 380.088 379.75 379.413 379.108 378.788 378.505 378.195 377.888 377.573 377.273 376.948 376.743 376.495 376.278 376.068 375.805 375.595 375.31 375.073 374.75 374.975 374.255 374.078 373.878 373.67 373.565 373.428 373.34 373.17 372.94 372.763 372.555 372.285 372.025 371.788 371.548 371.303 371.028 370.803 370.578 370.408 370.228 369.99 369.78 369.5
385.74 385.375 385.058 384.773 384.48 384.19 383.965 383.703 383.49 383.315 383.105 382.93 382.76 382.523 382.37 382.223 382.018 381.865 381.705 381.5 381.298 381.05 380.73 380.365 379.998 379.675 379.345 379.003 378.79 378.52 378.235 377.905 377.633 377.35 377.043 376.825 376.658 376.425 376.13 375.883 375.63 375.368 375.035 374.873 374.965 374.4 374.243 374.055 373.905 373.748 373.62 373.535 373.373 373.108 372.823 372.618 372.4 372.113 371.858 371.58 371.288 371.08 370.853 370.638 370.453 370.25 369.988 369.768
386.145 385.805 385.485 385.17 384.845 384.52 384.26 383.958 383.718 383.498 383.32 383.15 382.983 382.843 382.61 382.423 382.255 382.098 381.94 381.765 381.53 381.305 380.963 380.643 380.28 379.89 379.57 379.283 379.013 378.763 378.553 378.28 378.023 377.77 377.433 377.188 376.993 376.815 376.545 376.19 375.92 375.653 375.453 375.08 375.255 374.853 374.59 374.398 374.203 374.083 373.958 373.823 373.688 373.425 373.133 372.9 372.67 372.463 372.203 371.913 371.633 371.363 371.155 370.935 370.715 370.505 370.255 370.023
386.518 386.213 385.895 385.593 385.245 384.905 384.585 384.27 384.003 383.74 383.543 383.365 383.183 382.98 382.76 382.618 382.465 382.288 382.103 381.955 381.695 381.47 381.093 380.753 380.39 380.088 379.813 379.535 379.25 379.048 378.833 378.605 378.39 378.108 377.86 377.575 377.325 377.088 376.865 376.51 376.198 375.92 375.66 375.418 375.29 375.658 374.92 374.718 374.55 374.42 374.273 374.133 373.983 373.77 373.473 373.208 372.905 372.708 372.553 372.325 372.063 371.758 371.408 371.19 370.99 370.783 370.598 370.32
