20220701_namedtuples/mapdata/sd8779_DSM_2M.asc
ncols 500
nrows 500
xllcorner    387000
yllcorner    479000
cellsize     2
NODATA_value -9999
[rows 319 to 347 of 500, columns 335 to 401 of 500]
427.886 427.756 427.654 427.474 427.409 427.314 427.234 427.261 427.209 426.871 426.809 425.959 425.721 426.011 426.511 426.251 425.909 425.649 425.394 425.271 425.124 424.899 424.826 424.959 425.106 425.021 424.889 424.749 424.686 424.531 424.476 424.379 424.309 424.291 424.264 424.214 424.219 424.136 424.094 423.966 423.824 423.604 423.461 423.351 423.371 423.441 423.336 423.074 422.866 422.866 423.011 423.079 423.029 422.956 422.841 422.764 422.714 422.586 422.401 422.229 422.084 421.809 421.526 421.326 421.169 421.024 420.856
428.284 428.159 428.064 427.969 427.871 427.714 427.586 427.436 427.306 427.126 426.901 426.206 425.936 426.119 426.481 426.031 425.874 425.771 425.589 425.496 425.319 425.196 425.326 425.481 425.534 425.381 425.241 425.066 424.974 424.876 424.839 424.771 424.746 424.714 424.709 424.669 424.631 424.529 424.419 424.236 423.971 423.791 423.731 423.821 423.869 423.919 423.821 423.579 423.376 423.286 423.361 423.409 423.391 423.301 423.174 423.076 423.034 422.899 422.744 422.621 422.436 422.306 422.079 421.769 421.524 421.364 421.134
428.679 428.526 428.384 428.196 428.039 427.854 427.721 427.484 427.369 427.379 427.169 426.514 426.136 426.324 426.651 426.236 426.011 425.884 425.719 425.544 425.496 425.489 425.641 425.759 425.711 425.629 425.521 425.399 425.321 425.259 425.184 425.166 425.151 425.091 425.054 424.916 424.884 424.759 424.629 424.581 424.484 424.301 424.201 424.129 424.094 424.119 424.129 424.024 423.829 423.786 423.809 423.799 423.776 423.709 423.604 423.536 423.366 423.239 423.076 422.894 422.621 422.471 422.341 422.084 421.879 421.689 421.424
428.831 428.731 428.611 428.464 428.319 428.186 427.806 427.416 427.326 427.436 427.351 426.609 426.301 426.526 426.726 426.274 426.094 426.034 425.949 425.839 425.644 425.786 425.899 425.976 425.956 425.889 425.831 425.766 425.731 425.706 425.591 425.431 425.444 425.336 425.291 425.321 425.291 425.146 424.981 424.864 424.759 424.664 424.564 424.479 424.409 424.389 424.584 424.434 424.216 424.194 424.259 424.226 424.164 424.079 424.046 424.004 423.809 423.656 423.474 423.294 423.014 422.731 422.571 422.416 422.224 421.956 421.719
429.116 428.979 428.861 428.716 428.521 428.296 427.901 427.414 427.309 427.391 427.369 426.616 426.451 426.771 426.846 426.421 426.286 426.299 426.106 425.936 425.881 426.031 426.176 426.224 426.251 426.164 426.094 426.126 425.949 425.851 425.971 425.949 425.886 425.859 425.776 425.674 425.606 425.529 425.276 425.026 424.974 424.936 424.894 424.821 424.821 424.836 424.871 424.616 424.536 424.546 424.651 424.651 424.479 424.406 424.371 424.366 424.246 424.059 423.909 423.634 423.411 423.224 423.026 422.841 422.721 422.566 422.209
429.289 429.214 429.099 428.934 428.741 428.506 428.159 427.731 427.461 427.551 427.614 426.789 426.576 426.926 426.931 426.621 426.431 426.341 426.269 426.121 426.204 426.361 426.534 426.471 426.431 426.376 426.381 426.446 426.371 426.316 426.286 426.271 426.211 426.174 426.126 426.014 425.944 425.839 425.686 425.384 425.279 425.221 425.131 425.119 425.174 425.181 425.121 424.911 424.864 424.866 424.941 424.984 424.926 424.781 424.656 424.604 424.474 424.361 424.209 423.949 423.714 423.534 423.386 423.159 423.011 422.871 422.666
429.446 429.354 429.249 429.104 428.926 428.736 428.454 428.084 427.924 427.991 427.891 426.874 426.504 427.096 427.226 426.731 426.594 426.539 426.361 426.326 426.521 426.596 426.696 426.709 426.706 426.674 426.666 426.676 426.639 426.579 426.516 426.519 426.464 426.394 426.361 426.294 426.251 426.214 426.114 425.856 425.671 425.601 425.499 425.496 425.589 425.564 425.461 425.334 425.241 425.236 425.246 425.244 425.219 425.191 425.064 424.884 424.801 424.636 424.489 424.229 424.009 423.826 423.609 423.391 423.234 423.121 423.001
429.619 429.489 429.391 429.331 429.139 428.921 428.594 428.221 428.116 428.269 428.049 426.854 426.636 427.316 427.394 426.824 426.709 426.679 426.489 426.616 426.639 426.761 426.861 426.989 426.989 426.906 426.871 426.869 426.859 426.824 426.694 426.674 426.679 426.619 426.571 426.544 426.546 426.561 426.564 426.379 426.179 426.024 426.031 426.009 425.986 426.011 425.964 425.756 425.644 425.574 425.569 425.539 425.456 425.389 425.289 425.186 425.104 424.931 424.711 424.474 424.239 424.029 423.871 423.654 423.414 423.334 423.209
429.809 429.696 429.629 429.516 429.346 429.051 428.596 428.021 427.614 428.066 428.051 427.061 426.866 427.494 427.346 426.926 426.886 426.856 426.699 426.804 426.826 427.116 427.264 427.214 427.194 427.176 427.104 427.184 427.066 427.024 426.941 426.889 426.884 426.846 426.834 426.881 426.906 426.854 426.844 426.756 426.604 426.486 426.459 426.414 426.396 426.419 426.259 426.091 425.956 425.856 425.816 425.776 425.719 425.644 425.571 425.516 425.424 425.234 424.959 424.684 424.474 424.271 424.056 423.849 423.626 423.524 423.424
430.061 429.931 429.866 429.766 429.519 429.196 428.719 428.134 427.614 427.986 427.979 427.236 426.971 427.354 427.474 427.044 427.046 426.819 426.909 426.981 427.109 427.426 427.541 427.529 427.401 427.389 427.414 427.339 427.321 427.254 427.189 427.101 427.089 427.044 427.066 427.139 427.166 427.129 427.109 427.056 426.959 426.891 426.879 426.826 426.834 426.741 426.629 426.394 426.224 426.126 426.074 426.044 426.046 425.991 425.906 425.874 425.746 425.446 425.119 424.871 424.639 424.441 424.306 424.159 424.029 423.881 423.729
430.281 430.201 430.049 429.951 429.739 429.411 428.989 428.559 428.209 428.036 427.741 427.159 426.909 427.236 427.434 427.169 427.174 427.031 427.066 427.154 427.451 427.749 427.784 427.679 427.601 427.554 427.459 427.489 427.461 427.441 427.364 427.326 427.274 427.264 427.289 427.336 427.359 427.336 427.289 427.251 427.206 427.184 427.226 427.294 427.324 427.126 426.891 426.711 426.474 426.364 426.264 426.256 426.199 426.126 426.061 425.989 425.981 425.896 425.699 425.384 425.164 424.894 424.649 424.474 424.261 424.159 423.949
430.494 430.414 430.309 430.191 429.939 429.701 429.334 428.954 428.539 427.984 427.434 427.061 427.054 427.249 427.454 427.319 427.276 427.419 427.301 427.501 427.806 427.924 427.914 427.861 427.791 427.731 427.659 427.711 427.629 427.639 427.609 427.559 427.584 427.501 427.494 427.491 427.524 427.484 427.474 427.421 427.484 427.476 427.401 427.381 427.424 427.259 427.151 426.979 426.811 426.754 426.646 426.596 426.636 426.649 426.489 426.396 426.344 426.106 425.916 425.656 425.424 425.166 424.904 424.706 424.601 424.396 424.201
430.736 430.669 430.576 430.436 430.236 430.011 429.689 429.294 428.714 427.806 427.291 427.401 427.436 427.664 427.706 427.581 427.351 427.426 427.594 427.884 428.146 428.106 428.059 428.009 427.884 427.874 427.944 427.904 427.874 427.929 427.864 427.876 427.761 427.624 427.599 427.566 427.574 427.581 427.544 427.579 427.669 427.726 427.746 427.784 427.706 427.579 427.416 427.176 427.076 426.956 426.876 426.859 426.849 426.851 426.796 426.694 426.586 426.389 426.184 425.936 425.696 425.429 425.094 424.856 424.756 424.579 424.409
430.954 430.889 430.831 430.671 430.471 430.274 429.904 429.446 428.836 427.994 427.284 427.584 427.799 427.894 427.961 427.769 427.534 427.529 427.879 428.359 428.499 428.359 428.216 428.116 428.104 428.074 428.076 428.126 428.039 428.079 428.196 428.289 428.219 428.174 428.124 428.109 427.924 427.834 427.819 427.829 427.856 427.934 428.089 428.066 427.871 427.696 427.541 427.431 427.389 427.331 427.184 427.071 427.011 426.976 426.914 426.884 426.801 426.661 426.424 426.234 426.071 425.779 425.444 425.139 424.874 424.664 424.451
431.179 431.141 431.046 430.904 430.706 430.456 430.111 429.594 428.939 428.179 427.406 427.761 427.999 428.086 428.061 427.861 427.766 427.961 428.374 428.626 428.669 428.594 428.501 428.404 428.431 428.364 428.179 428.156 428.224 428.351 428.484 428.654 428.631 428.494 428.394 428.374 428.324 428.361 428.181 428.041 428.109 428.376 428.366 428.219 427.991 427.906 427.829 427.791 427.816 427.784 427.619 427.399 427.244 427.201 427.149 427.064 427.031 426.931 426.709 426.494 426.224 425.991 425.661 425.336 424.994 424.754 424.501
431.396 431.356 431.254 431.094 430.934 430.681 430.279 429.706 429.024 428.306 427.779 427.964 428.156 428.221 428.056 428.074 428.254 428.561 428.939 429.019 428.881 428.704 428.644 428.606 428.459 428.284 428.249 428.304 428.409 428.564 428.761 428.946 428.999 428.879 428.769 428.739 428.794 428.804 428.739 428.676 428.676 428.699 428.589 428.334 428.194 428.149 428.194 428.191 428.214 428.209 428.141 427.959 427.679 427.566 427.504 427.399 427.294 427.154 426.959 426.791 426.594 426.251 425.866 425.476 425.164 424.924 424.641
431.616 431.526 431.439 431.329 431.131 430.891 430.496 429.861 429.099 428.326 428.179 428.074 428.326 428.321 428.401 428.756 429.141 429.294 429.409 429.321 429.169 429.001 428.946 428.734 428.529 428.349 428.284 428.359 428.576 428.789 428.991 429.194 429.206 429.189 429.134 429.121 429.234 429.294 429.246 429.101 429.046 428.966 428.641 428.419 428.379 428.446 428.574 428.729 428.594 428.521 428.516 428.464 428.291 428.009 427.929 427.776 427.601 427.439 427.189 426.976 426.776 426.509 426.111 425.751 425.416 425.189 424.981
431.784 431.686 431.616 431.571 431.364 431.091 430.624 429.964 429.241 428.531 428.231 428.559 428.676 428.529 428.766 429.421 429.761 429.886 429.809 429.694 429.526 429.319 429.106 429.091 428.944 428.596 428.316 428.426 428.804 429.066 429.159 429.216 429.311 429.389 429.419 429.506 429.636 429.671 429.586 429.451 429.294 429.061 428.691 428.581 428.614 428.759 428.946 429.064 428.946 428.874 428.889 428.839 428.676 428.514 428.306 428.146 428.061 427.876 427.634 427.264 427.031 426.851 426.439 426.074 425.806 425.529 425.346
431.946 431.889 431.809 431.704 431.564 431.281 430.746 430.016 429.246 428.624 428.564 429.001 428.834 429.009 429.491 429.829 430.001 430.099 430.091 429.986 429.814 429.504 429.241 429.334 429.301 428.964 428.406 428.449 428.974 429.236 429.279 429.294 429.421 429.566 429.674 429.869 429.971 429.931 429.836 429.701 429.379 429.019 428.834 428.871 428.994 429.149 429.176 429.231 429.344 429.311 429.279 429.164 429.009 428.824 428.671 428.541 428.409 428.134 427.751 427.361 427.279 427.181 426.696 426.266 426.216 425.959 425.566
432.129 432.104 432.014 431.876 431.734 431.396 430.811 430.016 429.179 428.726 428.879 429.204 429.154 429.406 429.989 430.031 430.101 430.184 430.191 430.181 430.016 429.516 429.299 429.596 429.506 429.081 428.509 428.466 428.921 429.341 429.374 429.426 429.611 429.844 430.019 430.166 430.199 430.094 429.996 429.759 429.359 429.054 428.996 429.094 429.371 429.549 429.621 429.621 429.756 429.709 429.596 429.471 429.316 429.046 428.924 428.884 428.681 428.354 427.859 427.479 427.576 427.404 426.769 426.394 426.544 426.381 426.036
432.294 432.289 432.199 432.014 431.829 431.414 430.819 430.034 429.179 429.009 429.304 429.811 429.419 429.861 430.306 430.174 430.196 430.241 430.236 430.311 430.149 429.576 429.416 429.799 429.799 429.234 428.691 428.566 428.779 429.366 429.731 429.901 430.059 430.219 430.351 430.374 430.384 430.256 429.971 429.569 429.209 429.139 429.101 429.241 429.659 429.914 430.041 430.144 430.134 430.041 429.906 429.794 429.519 429.279 429.124 429.059 428.876 428.654 428.379 428.174 428.106 427.646 426.944 426.631 426.931 427.004 426.851
432.519 432.464 432.364 432.236 431.974 431.449 430.804 429.984 429.234 429.386 429.914 430.131 429.741 430.289 430.664 430.631 430.539 430.399 430.321 430.409 430.231 429.741 429.529 429.854 430.104 429.539 428.911 428.626 428.699 429.191 429.936 430.304 430.489 430.606 430.636 430.624 430.576 430.376 429.844 429.349 429.189 429.109 428.991 429.059 429.446 429.996 430.241 430.309 430.359 430.359 430.254 430.126 429.794 429.524 429.336 429.274 429.154 429.006 428.864 428.729 428.529 428.059 427.439 427.241 427.509 427.634 427.586
432.759 432.646 432.556 432.421 432.089 431.484 430.781 429.876 429.446 429.889 430.624 430.914 430.119 430.556 430.994 431.141 431.069 430.941 430.729 430.696 430.609 430.091 429.881 430.219 430.426 430.106 429.516 428.889 428.514 428.881 430.039 430.626 430.784 430.861 430.901 430.869 430.861 430.491 429.821 429.409 429.159 429.146 428.884 428.716 428.926 429.859 430.414 430.496 430.521 430.556 430.531 430.394 430.111 429.821 429.604 429.396 429.241 429.154 429.106 429.109 428.886 428.444 427.869 427.901 428.224 428.301 428.281
432.966 432.894 432.794 432.586 432.224 431.584 430.679 429.859 429.886 430.711 431.364 431.381 430.351 430.729 431.159 431.234 431.146 431.041 431.016 431.159 431.161 430.884 430.674 430.814 430.866 430.561 430.061 429.324 428.764 429.124 430.371 430.944 431.034 431.044 431.099 431.129 431.091 430.716 430.011 429.611 429.136 428.879 428.674 428.566 428.659 429.684 430.504 430.691 430.676 430.694 430.714 430.641 430.471 430.196 429.906 429.486 429.359 429.301 429.331 429.401 429.114 428.684 428.266 428.481 428.756 428.884 428.864
433.149 433.036 432.936 432.726 432.421 431.781 430.731 430.146 430.336 431.446 431.874 431.484 430.616 430.961 431.454 431.386 431.129 431.026 431.154 431.471 431.556 431.456 431.279 431.314 431.309 431.061 430.559 429.911 429.474 430.004 430.831 431.079 430.999 431.039 431.166 431.274 431.319 431.089 430.466 429.751 429.209 428.891 428.651 428.516 428.674 429.644 430.484 430.659 430.589 430.724 430.934 430.951 430.839 430.619 430.299 429.774 429.474 429.441 429.514 429.511 429.154 428.699 428.564 428.809 429.029 429.259 429.304
433.359 433.281 433.089 432.894 432.606 431.981 430.904 430.334 430.554 431.601 432.129 431.941 430.986 431.221 431.856 431.876 431.591 431.416 431.554 431.859 431.929 431.831 431.689 431.724 431.716 431.534 431.156 430.586 430.321 430.714 431.039 430.736 430.269 430.404 430.759 431.264 431.469 431.506 430.986 430.189 429.384 429.096 429.101 429.456 429.774 430.439 430.704 430.221 430.056 430.594 431.116 431.299 431.219 431.014 430.724 430.199 429.701 429.339 429.561 429.509 429.071 428.716 428.751 429.016 429.254 429.561 429.716
433.596 433.479 433.364 433.116 432.776 431.994 430.946 430.616 431.166 432.056 432.551 432.389 431.371 431.429 432.156 432.279 432.151 431.924 431.879 431.936 432.074 432.031 432.006 432.031 432.046 431.949 431.704 431.176 431.034 431.289 431.179 430.374 429.729 429.921 430.356 430.871 431.196 431.296 431.349 430.616 429.654 429.399 429.924 430.649 431.096 431.314 431.064 430.709 430.686 431.096 431.411 431.491 431.456 431.324 431.044 430.661 430.031 429.504 429.476 429.354 428.951 428.791 428.914 429.186 429.454 429.791 430.076
433.826 433.704 433.606 433.501 433.066 431.944 431.114 431.206 432.179 432.791 432.719 432.479 431.554 431.641 432.421 432.579 432.306 431.831 431.391 431.016 431.584 432.119 432.266 432.336 432.344 432.294 432.099 431.684 431.686 431.846 431.631 431.014 430.386 430.271 430.751 431.279 431.564 431.649 431.506 430.891 430.051 429.796 430.431 431.309 431.804 431.856 431.716 431.576 431.576 431.659 431.756 431.724 431.671 431.579 431.201 431.001 430.589 430.126 429.881 429.509 429.064 429.056 429.074 429.324 429.629 429.989 430.399
434.064 433.999 433.864 433.619 433.076 431.891 431.404 431.799 432.904 433.196 433.109 432.819 431.631 431.951 432.811 432.794 432.401 431.869 431.256 430.784 431.404 432.209 432.544 432.616 432.651 432.624 432.449 432.139 432.209 432.334 432.249 431.881 431.431 431.191 431.606 431.996 432.181 432.169 431.864 431.246 430.591 430.309 430.591 431.414 431.991 432.139 432.119 432.001 431.914 431.931 432.001 431.969 431.886 431.644 430.849 431.039 431.226 430.869 430.534 430.051 429.431 429.166 429.244 429.536 429.826 430.226 430.644
