20220701_namedtuples/mapdata/sd8777_DSM_2M.asc
ncols 500
nrows 500
xllcorner    387000
yllcorner    477000
cellsize     2
NODATA_value -9999
[rows 319 to 347 of 500, columns 402 to 468 of 500]
498.984 499.191 499.219 499.356 499.414 499.461 499.374 499.279 499.176 499.111 499.089 498.934 498.769 498.629 498.524 498.464 498.506 498.659 499.066 499.284 499.351 499.391 499.406 499.374 499.379 499.351 499.364 499.391 499.379 499.226 499.479 499.451 499.371 499.251 499.121 498.891 498.851 498.941 499.106 499.314 499.484 499.659 499.791 499.829 499.774 499.794 499.979 500.134 500.276 500.344 500.391 500.431 500.574 500.654 500.681 500.721 500.741 500.711 500.701 500.734 500.699 500.546 500.864 501.251 501.374 501.346 501.129
498.516 498.749 498.894 498.959 498.959 498.936 499.011 499.011 498.926 498.816 498.729 498.611 498.459 498.339 498.241 498.209 498.244 498.361 498.786 498.974 498.999 499.019 499.001 498.966 498.946 498.946 498.924 499.026 498.994 498.816 498.859 498.951 498.931 498.784 498.621 498.474 498.419 498.361 498.374 498.561 498.746 498.939 499.046 499.136 499.191 499.201 499.161 499.404 499.574 499.664 499.711 499.731 499.826 499.869 499.869 499.844 499.764 499.624 499.621 499.656 499.406 499.069 499.491 499.931 499.949 499.926 499.726
498.009 498.226 498.364 498.516 498.539 498.641 498.694 498.659 498.579 498.476 498.381 498.224 498.124 497.994 497.849 497.899 497.866 497.936 498.331 498.561 498.611 498.601 498.584 498.559 498.536 498.539 498.524 498.614 498.646 498.436 498.336 498.376 498.429 498.384 498.254 498.079 497.946 497.851 497.784 497.909 498.064 498.239 498.356 498.444 498.524 498.631 498.639 498.711 498.866 499.011 499.039 499.061 499.099 499.156 499.171 499.039 498.876 498.689 498.591 498.471 498.246 498.034 498.131 498.439 498.471 498.499 498.566
497.504 497.641 497.734 497.971 498.151 498.236 498.284 498.229 498.119 498.029 497.926 497.824 497.721 497.564 497.491 497.424 497.374 497.469 497.724 498.114 498.171 498.179 498.184 498.156 498.119 498.156 498.184 498.221 498.236 498.096 498.026 498.009 497.944 497.881 497.836 497.656 497.519 497.421 497.314 497.239 497.366 497.511 497.659 497.741 497.784 497.966 498.091 498.151 498.166 498.329 498.424 498.494 498.506 498.576 498.561 498.439 498.161 497.974 497.736 497.556 497.424 497.366 497.271 497.381 497.424 497.544 497.744
496.966 497.094 497.214 497.336 497.424 497.469 497.609 497.569 497.546 497.516 497.419 497.331 497.286 497.134 497.131 496.941 496.909 497.171 497.136 497.641 497.736 497.756 497.761 497.769 497.749 497.764 497.791 497.839 497.831 497.741 497.701 497.724 497.714 497.666 497.569 497.391 497.236 497.071 496.931 496.774 496.736 496.871 496.964 497.031 497.069 497.261 497.444 497.591 497.694 497.759 497.834 497.881 497.954 497.989 497.931 497.889 497.689 497.381 497.071 496.909 496.836 496.749 496.581 496.691 496.799 496.881 497.096
496.416 496.499 496.571 496.624 496.599 496.596 496.649 496.749 496.854 497.026 496.921 496.844 496.789 496.451 496.654 496.476 496.419 496.714 496.694 497.119 497.346 497.351 497.329 497.341 497.386 497.401 497.411 497.454 497.436 497.396 497.319 497.356 497.409 497.396 497.291 497.149 497.006 496.821 496.646 496.501 496.399 496.421 496.434 496.511 496.576 496.671 496.776 496.876 497.076 497.339 497.344 497.321 497.336 497.349 497.369 497.364 497.139 496.829 496.546 496.404 496.319 496.239 496.186 496.291 496.366 496.451 496.596
495.901 495.891 495.896 495.904 495.876 495.901 495.934 496.014 496.141 496.359 496.349 496.121 495.966 495.831 496.064 496.086 495.996 496.244 496.251 496.561 496.889 496.919 496.946 496.989 497.041 497.066 497.061 497.066 497.044 497.014 496.971 497.046 497.104 497.104 497.039 496.906 496.804 496.646 496.481 496.294 496.224 496.181 496.176 496.179 496.184 496.211 496.279 496.376 496.561 496.806 496.939 496.964 496.904 496.894 496.896 496.836 496.651 496.309 496.119 496.009 495.939 495.906 495.851 495.921 496.059 496.204 496.324
495.571 495.409 495.334 495.334 495.266 495.289 495.274 495.291 495.394 495.521 495.671 495.569 495.379 495.414 495.666 495.749 495.514 495.821 495.899 496.114 496.436 496.506 496.544 496.644 496.716 496.746 496.746 496.729 496.681 496.651 496.659 496.761 496.801 496.844 496.776 496.699 496.594 496.511 496.349 496.196 496.106 496.054 496.019 496.119 496.011 496.009 496.046 496.094 496.216 496.356 496.574 496.729 496.691 496.679 496.609 496.481 496.271 496.026 495.831 495.809 495.686 495.566 495.601 495.786 495.816 495.926 495.994
495.119 495.029 494.856 494.691 494.594 494.571 494.559 494.616 494.694 494.701 494.794 495.029 494.951 495.016 495.326 495.346 494.981 495.374 495.541 495.721 496.004 496.104 496.189 496.299 496.386 496.414 496.421 496.429 496.344 496.331 496.361 496.486 496.509 496.549 496.499 496.436 496.404 496.314 496.186 496.076 495.949 495.886 495.881 496.044 496.026 495.874 495.874 495.876 495.951 496.061 496.234 496.424 496.554 496.526 496.481 496.311 496.059 495.816 495.659 495.561 495.496 495.384 495.429 495.576 495.589 495.681 495.741
494.584 494.526 494.446 494.214 494.051 493.949 493.904 493.964 494.069 494.239 494.426 494.651 494.546 494.624 494.884 494.866 494.644 494.821 495.076 495.309 495.601 495.711 495.804 495.924 496.034 496.081 496.099 496.126 496.071 496.086 496.141 496.226 496.251 496.259 496.259 496.194 496.146 496.089 496.006 495.879 495.804 495.759 495.774 495.809 495.779 495.731 495.699 495.666 495.686 495.776 495.954 496.226 496.364 496.364 496.319 496.121 495.884 495.664 495.489 495.336 495.211 495.164 495.179 495.241 495.319 495.419 495.419
493.846 493.809 493.824 493.769 493.691 493.609 493.476 493.561 493.711 493.901 494.131 494.256 494.156 494.264 494.444 494.429 494.236 494.449 494.624 494.976 495.224 495.326 495.414 495.519 495.664 495.746 495.799 495.784 495.774 495.806 495.911 495.949 495.981 496.011 496.001 495.939 495.904 495.921 495.776 495.719 495.626 495.621 495.621 495.636 495.616 495.606 495.589 495.534 495.541 495.624 495.806 495.989 496.164 496.149 496.039 495.829 495.684 495.501 495.281 495.131 495.001 494.914 494.889 494.926 495.009 495.099 495.079
493.074 493.131 493.179 493.251 493.229 493.146 493.154 493.221 493.329 493.556 493.731 493.771 493.801 493.911 493.949 493.889 493.824 494.159 494.314 494.704 494.856 494.924 495.051 495.191 495.346 495.446 495.529 495.531 495.481 495.484 495.626 495.704 495.736 495.761 495.764 495.726 495.726 495.641 495.566 495.536 495.501 495.514 495.466 495.491 495.506 495.469 495.461 495.434 495.421 495.506 495.616 495.776 495.916 495.864 495.809 495.689 495.581 495.461 495.249 494.996 494.826 494.714 494.684 494.666 494.676 494.839 494.856
492.294 492.454 492.591 492.696 492.741 492.754 492.816 492.886 492.994 493.176 493.349 493.429 493.516 493.541 493.539 493.419 493.561 493.894 493.971 494.286 494.494 494.604 494.736 494.876 495.001 495.134 495.214 495.249 495.219 495.216 495.319 495.451 495.481 495.491 495.489 495.456 495.431 495.459 495.416 495.394 495.371 495.349 495.324 495.306 495.326 495.339 495.304 495.281 495.314 495.401 495.526 495.651 495.681 495.634 495.621 495.666 495.546 495.421 495.141 494.904 494.721 494.569 494.484 494.421 494.389 494.501 494.551
491.469 491.691 491.951 492.109 492.229 492.344 492.421 492.546 492.691 492.869 493.061 493.144 493.126 493.084 493.046 492.999 493.404 493.529 493.644 493.944 494.116 494.271 494.411 494.574 494.724 494.846 494.941 494.994 494.991 494.974 495.049 495.141 495.174 495.219 495.229 495.211 495.186 495.231 495.249 495.214 495.206 495.206 495.161 495.094 495.089 495.111 495.114 495.144 495.246 495.329 495.374 495.461 495.489 495.481 495.504 495.534 495.494 495.276 494.954 494.696 494.624 494.441 494.341 494.276 494.216 494.224 494.341
490.801 491.126 491.384 491.579 491.759 491.804 491.919 492.121 492.326 492.514 492.679 492.761 492.674 492.626 492.599 492.786 493.076 493.014 493.291 493.591 493.714 493.941 494.079 494.256 494.404 494.561 494.586 494.654 494.681 494.754 494.776 494.891 494.906 494.919 494.929 494.944 494.959 495.009 495.041 495.076 495.039 495.034 494.961 494.911 494.844 495.009 494.906 494.919 495.036 495.134 495.204 495.279 495.341 495.346 495.356 495.296 495.214 495.034 494.714 494.476 494.386 494.271 494.189 494.141 494.069 493.961 493.844
490.424 490.726 490.914 491.054 491.234 491.194 491.399 491.659 491.864 492.076 492.291 492.359 492.269 492.249 492.324 492.549 492.729 492.616 493.021 493.196 493.354 493.554 493.759 493.881 494.014 494.189 494.301 494.329 494.361 494.431 494.436 494.539 494.599 494.641 494.686 494.739 494.786 494.806 494.854 494.866 494.854 494.859 494.769 494.726 494.741 494.611 494.636 494.709 494.789 494.886 494.989 495.121 495.176 495.186 495.119 494.994 494.864 494.699 494.426 494.216 494.214 494.061 494.001 493.941 493.824 493.661 493.681
489.986 490.171 490.221 490.324 490.479 490.631 490.874 491.111 491.376 491.621 491.826 491.871 491.889 491.884 492.066 492.326 492.511 492.379 492.676 492.869 493.009 493.146 493.334 493.436 493.719 493.941 494.029 494.059 494.096 494.109 494.124 494.251 494.386 494.421 494.496 494.561 494.656 494.691 494.686 494.674 494.644 494.644 494.564 494.464 494.459 494.426 494.446 494.504 494.631 494.699 494.739 494.836 494.919 494.929 494.831 494.694 494.551 494.349 494.131 493.976 493.924 493.851 493.794 493.711 493.534 493.434 493.454
489.256 489.456 489.596 489.779 490.009 490.226 490.454 490.736 490.954 491.189 491.336 491.479 491.544 491.624 491.839 492.109 492.291 492.174 492.444 492.556 492.701 492.926 493.129 493.276 493.484 493.634 493.689 493.841 493.884 493.926 493.936 494.074 494.176 494.239 494.316 494.424 494.469 494.474 494.521 494.466 494.431 494.419 494.369 494.314 494.296 494.274 494.291 494.314 494.404 494.451 494.489 494.546 494.641 494.604 494.464 494.354 494.169 494.059 493.846 493.736 493.729 493.711 493.629 493.451 493.301 493.321 493.269
488.926 489.086 489.316 489.511 489.719 489.956 490.159 490.384 490.669 490.914 491.101 491.254 491.289 491.414 491.589 491.791 491.894 491.981 492.146 492.321 492.496 492.679 492.886 493.024 493.174 493.259 493.406 493.596 493.689 493.709 493.766 493.911 494.014 494.089 494.161 494.244 494.281 494.299 494.314 494.314 494.249 494.171 494.146 494.151 494.146 494.139 494.141 494.121 494.161 494.191 494.214 494.211 494.269 494.234 494.179 494.091 493.886 493.799 493.661 493.546 493.579 493.546 493.379 493.211 493.166 493.139 493.061
488.739 488.846 489.099 489.294 489.501 489.681 489.836 490.034 490.339 490.561 490.739 490.879 490.959 491.171 491.349 491.504 491.616 491.769 491.969 492.126 492.256 492.409 492.611 492.684 492.751 492.884 493.146 493.346 493.454 493.516 493.634 493.789 493.889 493.944 494.014 494.089 494.144 494.176 494.144 494.124 494.079 493.999 493.969 493.901 493.919 493.961 493.974 493.959 493.931 493.929 493.919 493.871 493.869 493.926 493.931 493.821 493.694 493.616 493.431 493.334 493.384 493.341 493.191 493.071 492.924 492.851 492.849
488.596 488.739 488.956 489.151 489.329 489.521 489.741 489.991 490.214 490.421 490.579 490.694 490.816 490.994 491.131 491.254 491.409 491.644 491.744 491.904 492.034 492.171 492.279 492.334 492.456 492.701 492.966 493.149 493.254 493.329 493.516 493.636 493.736 493.856 493.916 493.976 494.016 493.996 493.974 493.934 493.881 493.846 493.806 493.699 493.751 493.799 493.789 493.756 493.719 493.671 493.611 493.584 493.626 493.629 493.614 493.536 493.466 493.309 493.221 493.266 493.174 493.046 492.944 492.816 492.719 492.666 492.646
488.486 488.641 488.819 489.004 489.191 489.379 489.571 489.809 490.054 490.239 490.404 490.594 490.686 490.801 490.904 491.111 491.209 491.419 491.561 491.679 491.751 491.874 491.959 492.089 492.301 492.556 492.741 492.884 492.991 493.201 493.381 493.521 493.661 493.736 493.786 493.841 493.844 493.831 493.801 493.754 493.701 493.641 493.604 493.554 493.561 493.596 493.569 493.574 493.521 493.474 493.404 493.369 493.346 493.321 493.241 493.226 493.166 493.094 493.036 492.956 492.899 492.816 492.659 492.564 492.541 492.506 492.486
488.426 488.561 488.684 488.924 489.099 489.276 489.441 489.661 489.884 490.121 490.239 490.346 490.484 490.636 490.726 490.884 491.101 491.199 491.299 491.441 491.534 491.621 491.734 491.914 492.166 492.366 492.536 492.684 492.841 493.066 493.281 493.424 493.556 493.611 493.659 493.681 493.699 493.686 493.629 493.576 493.486 493.414 493.389 493.379 493.396 493.379 493.394 493.349 493.314 493.256 493.174 493.141 493.146 493.079 493.004 492.914 492.901 492.851 492.789 492.706 492.619 492.524 492.439 492.381 492.331 492.349 492.359
488.309 488.434 488.604 488.786 488.936 489.121 489.306 489.486 489.706 489.946 490.046 490.151 490.274 490.421 490.561 490.769 490.951 491.004 491.096 491.199 491.294 491.356 491.534 491.789 492.004 492.161 492.299 492.449 492.711 492.919 493.136 493.284 493.389 493.444 493.486 493.546 493.529 493.476 493.436 493.346 493.269 493.211 493.199 493.249 493.224 493.191 493.131 493.114 493.094 493.031 492.984 492.934 492.896 492.939 492.816 492.759 492.679 492.631 492.609 492.531 492.476 492.381 492.276 492.196 492.159 492.169 492.181
488.206 488.344 488.466 488.626 488.796 488.946 489.116 489.309 489.526 489.761 489.854 489.981 490.094 490.226 490.376 490.654 490.706 490.819 490.941 491.004 490.969 491.114 491.354 491.591 491.831 491.979 492.089 492.349 492.629 492.789 493.009 493.154 493.271 493.251 493.309 493.334 493.299 493.264 493.226 493.131 493.039 493.016 493.046 493.054 493.051 493.009 492.949 492.936 492.874 492.826 492.811 492.766 492.741 492.786 492.584 492.504 492.416 492.404 492.471 492.426 492.301 492.214 492.084 492.006 491.941 491.956 492.024
488.071 488.196 488.329 488.484 488.659 488.814 489.006 489.176 489.386 489.586 489.646 489.829 489.964 490.099 490.254 490.451 490.506 490.594 490.691 490.701 490.791 490.959 491.206 491.506 491.716 491.814 491.976 492.296 492.414 492.624 492.864 493.054 493.121 493.101 493.199 493.119 493.091 493.079 493.041 492.921 492.839 492.844 492.904 492.896 492.871 492.801 492.744 492.714 492.669 492.634 492.589 492.556 492.524 492.459 492.356 492.289 492.234 492.164 492.181 492.209 492.119 492.059 491.956 491.791 491.759 491.799 491.871
487.911 488.034 488.184 488.349 488.504 488.656 488.816 488.994 489.181 489.241 489.344 489.619 489.844 489.941 490.049 490.136 490.271 490.319 490.411 490.481 490.646 490.879 491.144 491.404 491.586 491.636 491.796 492.141 492.261 492.476 492.684 492.831 492.886 492.911 493.041 492.964 492.899 492.861 492.819 492.769 492.681 492.701 492.721 492.699 492.691 492.636 492.579 492.506 492.431 492.426 492.401 492.366 492.336 492.234 492.149 492.109 492.074 491.999 491.984 492.024 491.954 491.859 491.731 491.571 491.564 491.631 491.724
487.746 487.864 488.026 488.184 488.274 488.429 488.626 488.801 488.939 488.984 489.071 489.344 489.596 489.636 489.724 489.836 489.981 490.059 490.164 490.324 490.569 490.816 491.029 491.231 491.344 491.481 491.684 491.911 492.024 492.246 492.426 492.534 492.614 492.696 492.776 492.721 492.681 492.651 492.546 492.581 492.571 492.576 492.561 492.531 492.511 492.459 492.376 492.331 492.279 492.224 492.209 492.226 492.176 492.051 491.969 491.979 491.954 491.824 491.794 491.804 491.771 491.654 491.474 491.316 491.326 491.456 491.584
487.574 487.671 487.809 487.976 488.081 488.204 488.361 488.509 488.654 488.716 488.844 489.029 489.139 489.251 489.319 489.466 489.649 489.806 489.939 490.161 490.476 490.654 490.834 491.006 491.086 491.299 491.556 491.711 491.836 492.004 492.104 492.261 492.364 492.469 492.531 492.496 492.449 492.381 492.299 492.361 492.399 492.389 492.314 492.321 492.274 492.241 492.219 492.154 492.039 492.026 492.019 492.044 492.026 491.891 491.821 491.801 491.764 491.741 491.639 491.669 491.534 491.426 491.194 491.056 491.111 491.259 491.481
