20220701_namedtuples/mapdata/sd8777_DSM_2M.asc
ncols 500
nrows 500
xllcorner    387000
yllcorner    477000
cellsize     2
NODATA_value -9999
[rows 348 to 376 of 500, columns 402 to 468 of 500]
487.401 487.509 487.569 487.639 487.781 487.939 488.121 488.354 488.354 488.416 488.531 488.661 488.764 488.881 489.016 489.144 489.334 489.541 489.679 489.979 490.274 490.406 490.596 490.671 490.786 491.096 491.354 491.511 491.644 491.766 491.851 492.026 492.114 492.201 492.266 492.271 492.194 492.169 492.131 492.116 492.044 492.101 492.154 492.171 492.194 492.156 492.096 491.981 491.951 491.876 491.851 491.916 491.816 491.724 491.681 491.611 491.551 491.499 491.441 491.451 491.309 491.156 490.939 490.829 490.899 491.111 491.351
487.186 487.229 487.314 487.359 487.456 487.621 487.791 487.936 488.071 488.144 488.211 488.364 488.504 488.614 488.769 488.911 489.091 489.271 489.454 489.726 489.951 490.159 490.334 490.391 490.579 490.909 491.154 491.349 491.489 491.649 491.756 491.806 491.874 491.974 492.041 492.021 491.939 491.921 491.931 492.019 491.976 492.094 492.101 492.044 492.006 492.006 491.974 491.889 491.819 491.756 491.696 491.721 491.556 491.516 491.491 491.401 491.399 491.351 491.249 491.129 491.046 490.879 490.671 490.549 490.629 490.869 491.029
486.841 486.919 486.946 486.951 487.064 487.191 487.289 487.486 487.534 487.739 487.854 487.989 488.149 488.339 488.484 488.711 488.841 489.036 489.244 489.366 489.579 489.819 490.004 490.166 490.461 490.689 490.889 491.124 491.259 491.409 491.496 491.549 491.614 491.694 491.736 491.714 491.731 491.924 491.899 491.884 491.836 491.984 491.976 491.974 491.939 491.864 491.841 491.789 491.686 491.596 491.586 491.486 491.391 491.336 491.299 491.246 491.209 491.169 491.116 490.966 490.839 490.571 490.356 490.204 490.179 490.469 490.607
486.599 486.531 486.524 486.609 486.719 486.866 487.081 487.306 487.341 487.509 487.624 487.769 487.964 488.191 488.331 488.551 488.671 488.984 489.141 489.286 489.429 489.471 489.751 490.019 490.226 490.486 490.679 490.841 491.044 491.079 491.206 491.374 491.509 491.571 491.616 491.616 491.636 491.689 491.746 491.764 491.749 491.861 491.879 491.844 491.889 491.766 491.706 491.651 491.561 491.496 491.404 491.349 491.239 491.156 491.141 491.164 491.104 491.041 491.042 490.906 490.649 490.406 490.164 489.961 489.819 490.009 490.174
486.381 486.224 486.196 486.246 486.431 486.586 486.789 486.971 487.106 487.259 487.429 487.589 487.756 487.909 488.069 488.219 488.376 488.566 488.836 488.971 489.146 489.331 489.571 489.876 490.101 490.349 490.551 490.734 490.836 491.019 491.116 491.224 491.336 491.414 491.426 491.496 491.524 491.536 491.574 491.636 491.654 491.736 491.756 491.741 491.704 491.666 491.616 491.514 491.431 491.354 491.279 491.236 491.132 491.039 491.029 491.024 491.029 490.986 490.961 490.746 490.471 490.209 489.929 489.646 489.441 489.501 489.641
485.984 485.861 485.849 485.974 486.234 486.389 486.569 486.729 486.826 487.074 487.199 487.426 487.604 487.634 487.749 487.909 488.054 488.326 488.571 488.744 488.984 489.236 489.549 489.746 489.934 490.151 490.304 490.474 490.639 490.771 490.934 491.069 491.189 491.254 491.331 491.356 491.366 491.426 491.436 491.514 491.604 491.651 491.679 491.651 491.626 491.591 491.571 491.444 491.266 491.201 491.216 491.161 491.026 490.994 491.016 490.977 490.969 490.839 490.644 490.489 490.256 489.977 489.674 489.364 489.077 488.996 489.074
485.659 485.631 485.651 485.849 486.054 486.201 486.326 486.381 486.581 486.791 486.859 487.129 487.284 487.356 487.444 487.636 487.806 488.026 488.271 488.489 488.786 489.056 489.366 489.521 489.766 489.939 490.086 490.279 490.466 490.589 490.794 490.891 490.954 491.144 491.271 491.329 491.369 491.394 491.401 491.456 491.564 491.579 491.586 491.601 491.541 491.484 491.411 491.251 491.151 491.099 491.109 491.054 490.956 490.989 490.949 490.869 490.784 490.511 490.389 490.161 489.884 489.581 489.322 488.991 488.612 488.439 488.511
485.364 485.396 485.444 485.634 485.811 485.911 486.014 486.101 486.299 486.411 486.621 486.854 487.009 487.061 487.111 487.334 487.494 487.749 487.969 488.314 488.606 488.854 489.089 489.331 489.524 489.731 489.889 490.039 490.274 490.346 490.571 490.729 490.799 490.991 491.194 491.311 491.369 491.296 491.274 491.431 491.554 491.596 491.581 491.544 491.519 491.444 491.304 491.116 490.956 490.886 490.901 490.896 490.829 490.849 490.824 490.672 490.482 490.234 490.061 489.809 489.434 489.061 488.784 488.477 488.209 488.079 488.042
485.121 485.116 485.219 485.409 485.564 485.661 485.719 485.751 485.966 486.139 486.416 486.591 486.684 486.694 486.829 487.054 487.246 487.509 487.796 488.159 488.406 488.659 488.841 489.036 489.196 489.411 489.549 489.666 489.909 490.146 490.341 490.459 490.731 490.939 491.246 491.446 491.581 491.549 491.579 491.569 491.609 491.629 491.581 491.531 491.424 491.359 491.194 491.004 490.876 490.691 490.681 490.677 490.649 490.644 490.529 490.362 490.096 489.854 489.639 489.292 488.899 488.546 488.276 488.011 487.846 487.704 487.619
484.909 484.856 484.986 485.159 485.271 485.356 485.349 485.439 485.599 485.941 486.134 486.279 486.351 486.374 486.476 486.799 486.989 487.299 487.666 487.929 488.216 488.449 488.669 488.871 488.989 489.136 489.291 489.521 490.026 490.366 490.536 490.676 490.989 491.316 491.571 491.874 492.169 492.186 492.196 492.104 491.884 491.754 491.671 491.531 491.441 491.256 491.146 491.071 490.904 490.679 490.521 490.444 490.396 490.359 490.246 490.016 489.729 489.404 489.161 488.824 488.454 488.119 487.799 487.499 487.417 487.289 487.164
484.616 484.539 484.741 484.904 484.951 484.991 485.059 485.109 485.271 485.604 485.779 485.931 486.006 486.116 486.151 486.426 486.701 487.011 487.379 487.739 488.024 488.306 488.519 488.734 488.936 489.194 489.474 489.834 490.451 490.761 491.051 491.394 491.754 491.966 492.169 492.514 492.649 492.644 492.604 492.514 492.244 492.066 491.871 491.621 491.466 491.254 491.079 491.051 490.841 490.589 490.447 490.264 490.151 490.064 489.889 489.701 489.404 489.091 488.739 488.311 487.991 487.611 487.232 487.034 486.994 486.882 486.754
484.334 484.339 484.466 484.611 484.684 484.694 484.776 484.844 485.084 485.331 485.449 485.591 485.681 485.819 485.939 486.194 486.531 486.896 487.204 487.614 487.956 488.259 488.526 488.864 489.234 489.554 490.044 490.559 491.006 491.256 491.646 492.094 492.454 492.506 492.561 492.731 492.866 492.791 492.654 492.549 492.321 492.044 491.761 491.534 491.371 491.124 490.916 490.776 490.621 490.411 490.251 489.996 489.841 489.714 489.574 489.419 489.161 488.809 488.434 487.984 487.606 487.141 486.811 486.639 486.604 486.526 486.391
484.029 484.031 484.224 484.299 484.374 484.434 484.476 484.579 484.811 485.036 485.164 485.299 485.456 485.651 485.756 486.054 486.354 486.786 487.214 487.709 488.179 488.624 488.989 489.331 489.726 490.116 490.594 491.081 491.491 491.821 492.176 492.529 492.754 492.749 492.714 492.726 492.759 492.664 492.504 492.299 492.056 491.724 491.444 491.266 491.021 490.851 490.694 490.484 490.349 490.239 489.966 489.751 489.559 489.391 489.186 489.047 488.781 488.422 487.959 487.576 487.081 486.801 486.576 486.324 486.241 486.184 486.091
483.759 483.796 483.979 483.994 484.111 484.171 484.246 484.379 484.546 484.754 484.949 485.081 485.201 485.404 485.626 485.766 486.229 486.794 487.466 487.929 488.501 489.051 489.531 489.931 490.361 490.754 491.079 491.454 491.829 492.184 492.466 492.571 492.969 492.719 492.659 492.549 492.389 492.246 492.049 491.799 491.549 491.376 491.134 490.899 490.609 490.369 490.266 490.169 489.911 489.676 489.519 489.396 489.186 488.947 488.757 488.634 488.359 487.974 487.524 487.056 486.596 486.297 486.224 486.059 485.931 485.831 485.792
483.484 483.484 483.666 483.746 483.836 483.924 484.034 484.191 484.371 484.556 484.724 484.861 485.024 485.256 485.314 485.691 486.334 486.954 487.551 488.239 488.819 489.446 489.979 490.316 490.664 490.931 491.144 491.446 491.761 492.041 492.329 492.464 492.486 492.334 492.286 492.139 491.919 491.731 491.531 491.256 491.069 490.931 490.679 490.489 490.166 489.814 489.649 489.616 489.479 489.271 489.061 488.917 488.721 488.534 488.289 488.014 487.906 487.586 487.239 486.736 486.264 485.921 485.809 485.734 485.619 485.531 485.441
483.314 483.189 483.331 483.486 483.601 483.659 483.811 484.001 484.201 484.361 484.536 484.681 484.824 485.049 485.296 485.876 486.574 487.076 487.751 488.431 489.051 489.614 490.019 490.319 490.571 490.751 490.946 491.121 491.329 491.526 491.734 491.891 492.024 491.859 491.756 491.544 491.339 491.151 490.969 490.751 490.571 490.344 490.056 489.741 489.521 489.364 489.109 489.009 488.954 488.764 488.514 488.371 488.224 488.024 487.729 487.509 487.529 487.289 486.946 486.512 486.016 485.632 485.499 485.439 485.339 485.266 485.154
482.981 482.934 483.061 483.186 483.294 483.386 483.566 483.764 483.986 484.211 484.384 484.471 484.591 484.881 485.429 486.029 486.606 487.224 487.961 488.584 488.976 489.294 489.614 489.899 490.166 490.364 490.529 490.646 490.696 490.769 490.961 491.051 491.086 491.039 490.956 490.779 490.521 490.309 490.266 490.179 490.011 489.714 489.481 489.251 489.056 488.926 488.694 488.571 488.466 488.284 488.061 487.879 487.732 487.514 487.364 487.229 487.111 486.879 486.574 486.174 485.774 485.449 485.236 485.249 485.126 485.017 484.861
482.676 482.719 482.756 482.894 482.994 483.179 483.434 483.654 483.854 484.036 484.226 484.266 484.416 484.916 485.549 486.119 486.656 487.264 487.911 488.306 488.636 488.801 489.016 489.296 489.536 489.689 489.771 489.881 489.886 489.964 490.206 490.244 490.199 490.174 490.051 489.894 489.746 489.664 489.659 489.579 489.384 489.186 488.936 488.811 488.559 488.396 488.306 488.109 488.036 487.779 487.612 487.389 487.221 487.034 486.901 486.792 486.754 486.499 486.174 485.882 485.586 485.349 485.089 484.891 484.804 484.716 484.574
482.424 482.489 482.504 482.654 482.824 483.051 483.319 483.591 483.774 483.929 484.019 484.029 484.419 485.019 485.649 486.129 486.579 487.111 487.564 487.949 488.156 488.249 488.381 488.559 488.731 488.959 489.016 489.064 489.161 489.279 489.474 489.484 489.431 489.354 489.316 489.261 489.171 489.079 489.059 488.941 488.761 488.631 488.416 488.271 488.076 487.881 487.826 487.676 487.556 487.384 487.124 486.951 486.824 486.679 486.536 486.401 486.344 486.094 485.834 485.589 485.294 484.982 484.819 484.614 484.426 484.324 484.219
482.091 482.304 482.374 482.454 482.754 483.039 483.304 483.451 483.656 483.809 483.786 483.971 484.489 485.024 485.504 485.884 486.319 486.716 487.001 487.331 487.531 487.674 487.741 487.899 488.081 488.226 488.354 488.449 488.594 488.634 488.636 488.761 488.721 488.651 488.756 488.619 488.521 488.489 488.444 488.304 488.159 488.044 487.841 487.746 487.626 487.501 487.381 487.239 487.034 486.889 486.706 486.576 486.449 486.309 486.139 485.984 485.901 485.699 485.514 485.241 484.969 484.714 484.536 484.284 484.129 483.936 483.879
481.789 482.021 482.146 482.361 482.669 482.991 483.211 483.354 483.516 483.611 483.621 483.956 484.344 484.851 485.149 485.514 485.901 486.139 486.376 486.624 486.839 486.939 487.024 487.181 487.344 487.509 487.674 487.784 487.919 487.914 487.896 487.916 487.896 487.851 487.931 487.794 487.784 487.851 487.744 487.676 487.539 487.366 487.306 487.214 487.114 487.016 486.931 486.786 486.626 486.486 486.346 486.276 486.201 486.026 485.841 485.614 485.461 485.306 485.064 484.834 484.599 484.422 484.102 483.584 483.331 483.306 483.526
481.464 481.724 481.914 482.296 482.696 482.964 483.131 483.261 483.321 483.391 483.459 483.854 484.164 484.604 484.856 485.151 485.411 485.531 485.776 486.026 486.249 486.331 486.311 486.501 486.674 486.856 486.909 486.976 487.091 487.104 487.216 487.239 487.136 487.196 487.184 487.204 487.176 487.146 487.124 487.049 486.926 486.801 486.741 486.619 486.631 486.569 486.491 486.344 486.249 486.189 486.061 486.009 485.941 485.761 485.561 485.284 485.049 484.874 484.659 484.549 484.364 483.944 483.124 482.471 482.316 482.542 483.119
481.166 481.589 482.084 482.604 482.924 483.091 483.089 483.094 483.099 483.166 483.379 483.726 483.959 484.196 484.484 484.734 484.886 485.014 485.159 485.361 485.606 485.741 485.824 485.926 486.079 486.179 486.176 486.256 486.371 486.456 486.556 486.581 486.461 486.539 486.566 486.624 486.521 486.494 486.539 486.464 486.396 486.301 486.249 486.211 486.249 486.159 486.034 485.871 485.816 485.816 485.719 485.686 485.617 485.459 485.241 484.996 484.746 484.569 484.359 484.286 484.154 483.551 482.144 481.352 481.339 481.931 482.866
481.136 481.749 482.246 482.636 482.949 483.041 482.984 482.994 483.009 482.949 483.059 483.364 483.549 483.806 484.046 484.319 484.506 484.616 484.684 484.831 485.006 485.149 485.276 485.396 485.514 485.609 485.599 485.671 485.819 485.851 485.959 486.049 486.049 486.091 486.196 486.156 486.139 486.079 486.089 486.031 485.929 485.956 485.934 485.911 485.864 485.756 485.604 485.486 485.411 485.376 485.304 485.234 485.164 485.051 484.831 484.591 484.431 484.276 484.136 484.066 483.869 483.477 482.357 481.499 481.584 482.297 482.824
481.076 481.666 481.961 482.281 482.549 482.619 482.584 482.606 482.634 482.639 482.751 482.989 483.181 483.426 483.656 483.891 484.081 484.219 484.326 484.411 484.491 484.604 484.691 484.841 484.956 485.109 485.174 485.211 485.289 485.376 485.561 485.679 485.724 485.794 485.854 485.836 485.859 485.821 485.849 485.774 485.661 485.674 485.601 485.546 485.496 485.364 485.251 485.139 485.049 485.024 484.924 484.799 484.669 484.594 484.417 484.301 484.139 484.052 483.951 483.799 483.607 483.434 483.086 482.659 482.429 482.604 482.596
480.879 481.216 481.379 481.571 481.689 481.824 482.029 482.201 482.239 482.339 482.524 482.689 482.926 483.126 483.374 483.561 483.676 483.824 483.959 484.021 484.081 484.189 484.274 484.369 484.461 484.601 484.719 484.806 484.956 485.109 485.256 485.391 485.406 485.471 485.489 485.369 485.484 485.569 485.511 485.446 485.316 485.281 485.231 485.149 485.074 484.981 484.896 484.784 484.729 484.664 484.626 484.484 484.399 484.369 484.114 483.982 483.859 483.814 483.711 483.569 483.391 483.237 483.024 482.811 482.697 482.534 482.471
480.536 480.754 480.901 481.016 481.216 481.379 481.621 481.766 481.959 482.106 482.299 482.461 482.591 482.824 483.066 483.251 483.374 483.491 483.589 483.631 483.764 483.846 483.881 483.911 484.001 484.126 484.266 484.426 484.609 484.689 484.834 484.899 484.914 484.941 485.129 485.171 485.254 485.171 485.066 485.026 484.906 484.851 484.809 484.791 484.774 484.689 484.574 484.499 484.426 484.354 484.299 484.211 484.111 484.046 483.859 483.694 483.599 483.561 483.477 483.349 483.199 482.996 482.746 482.531 482.409 482.299 482.239
480.174 480.474 480.599 480.729 480.924 481.099 481.349 481.546 481.726 481.871 482.059 482.206 482.294 482.454 482.741 482.929 483.006 483.106 483.159 483.221 483.411 483.424 483.486 483.559 483.666 483.794 483.896 484.001 484.141 484.204 484.371 484.479 484.489 484.589 484.749 484.864 484.746 484.671 484.584 484.576 484.526 484.454 484.469 484.474 484.424 484.421 484.319 484.256 484.194 484.151 484.044 483.926 483.811 483.679 483.556 483.409 483.336 483.299 483.199 483.079 482.917 482.679 482.401 482.204 482.189 482.044 481.919
479.819 480.146 480.386 480.554 480.739 480.881 481.074 481.279 481.426 481.526 481.711 481.861 481.981 482.081 482.336 482.551 482.534 482.636 482.724 482.866 482.906 482.974 483.159 483.204 483.269 483.314 483.414 483.544 483.666 483.749 483.926 484.091 484.191 484.216 484.236 484.274 484.186 484.164 484.161 484.251 484.234 484.171 484.231 484.141 484.124 484.111 484.111 483.966 483.949 483.909 483.759 483.674 483.531 483.436 483.294 483.176 483.102 483.072 482.977 482.831 482.636 482.406 482.232 482.076 481.964 481.891 481.804
