20220701_namedtuples/mapdata/sd8779_DSM_2M.asc
ncols 500
nrows 500
xllcorner    387000
yllcorner    479000
cellsize     2
NODATA_value -9999
[rows 0 to 28 of 500, columns 402 to 468 of 500]
324.315 324.118 323.973 323.778 323.688 323.578 323.423 323.333 323.223 323.145 323.075 323 323.018 323.085 323.098 323.125 323.198 323.165 323.068 322.968 322.85 322.75 322.61 322.445 322.323 322.13 321.983 321.823 321.795 321.74 321.655 321.488 321.26 321.038 320.843 320.678 320.58 320.41 320.29 320.12 319.963 319.76 319.593 319.468 319.36 319.403 319.49 319.52 319.585 319.595 319.628 319.685 319.813 320.123 320.46 320.608 320.685 320.588 320.34 320.233 320.008 319.633 319.24 318.758 318.4 317.955 317.393
324.713 324.543 324.405 324.218 324.055 323.953 323.85 323.77 323.695 323.648 323.57 323.52 323.513 323.595 323.598 323.62 323.645 323.65 323.57 323.483 323.385 323.325 323.233 323.055 322.87 322.683 322.533 322.43 322.388 322.34 322.298 322.158 321.848 321.638 321.41 321.173 320.993 320.87 320.81 320.678 320.543 320.38 320.213 320.093 319.998 320.085 320.128 320.2 320.323 320.328 320.308 320.24 320.293 320.465 320.848 320.848 320.868 320.833 320.65 320.493 320.295 319.89 319.548 319.21 318.795 318.233 317.728
325.203 325.028 324.88 324.688 324.538 324.355 324.263 324.168 324.15 324.13 324.083 324.05 324.02 324.108 324.138 324.215 324.188 324.158 324.04 324.018 323.933 323.875 323.828 323.685 323.555 323.353 323.183 323.108 323.06 323.033 322.905 322.738 322.438 322.31 322.075 321.848 321.64 321.48 321.393 321.248 321.168 320.938 320.795 320.658 320.63 320.733 320.85 320.87 320.955 320.973 320.93 320.82 320.76 320.88 320.995 321.113 321.223 321.225 321.015 320.75 320.495 320.18 319.918 319.628 319.088 318.555 318.08
325.673 325.498 325.318 325.143 325.018 324.828 324.715 324.625 324.645 324.615 324.605 324.593 324.598 324.563 324.628 324.648 324.663 324.625 324.52 324.463 324.45 324.395 324.4 324.298 324.148 323.96 323.843 323.723 323.65 323.61 323.49 323.278 323.068 322.98 322.72 322.538 322.31 322.09 322.05 322.003 321.858 321.56 321.378 321.213 321.158 321.3 321.395 321.54 321.62 321.593 321.508 321.438 321.33 321.3 321.36 321.46 321.64 321.58 321.365 321.073 320.815 320.598 320.293 320.658 319.478 318.955 318.523
326.153 325.965 325.753 325.608 325.498 325.345 325.203 325.175 325.203 325.205 325.13 325.133 325.143 325.173 325.178 325.223 325.183 325.098 324.983 324.928 324.93 324.908 324.91 324.885 324.75 324.603 324.475 324.34 324.253 324.215 324.028 323.788 323.59 323.428 323.285 323.093 322.905 322.713 322.68 322.66 322.505 322.293 322.053 321.82 321.763 321.888 322 322.135 322.21 322.118 322.135 321.933 321.958 321.855 321.86 321.958 322.058 321.915 321.688 321.415 321.205 320.888 320.53 320.388 319.838 319.415 319.068
326.623 326.493 326.358 326.133 325.973 325.843 325.75 325.71 325.753 325.745 325.708 325.668 325.695 325.778 325.758 325.748 325.753 325.683 325.58 325.528 325.483 325.425 325.415 325.395 325.28 325.165 325.073 324.975 324.853 324.825 324.668 324.413 324.155 323.918 323.823 323.668 323.488 323.36 323.293 323.248 323.133 322.933 322.74 322.498 322.37 322.45 322.513 322.663 322.7 322.958 322.655 322.39 322.7 322.363 322.39 322.505 322.415 322.238 322.013 321.828 321.553 321.278 320.845 320.548 320.383 320.043 319.745
327.055 326.953 326.808 326.675 326.528 326.468 326.345 326.313 326.348 326.353 326.298 326.21 326.225 326.25 326.283 326.28 326.25 326.195 326.133 326.113 326.003 325.938 325.923 325.858 325.805 325.7 325.678 325.64 325.563 325.493 325.305 325.05 324.738 324.483 324.393 324.193 324.02 323.928 323.85 323.808 323.685 323.475 323.275 322.985 323 323.123 323.023 323.165 323.153 323.07 323.045 323.005 322.963 322.95 322.915 322.97 322.773 322.558 322.383 322.185 321.883 321.543 321.278 320.993 320.78 320.528 320.293
327.548 327.428 327.295 327.17 327.073 326.985 326.88 326.893 326.778 326.863 326.87 326.808 326.745 326.825 326.853 326.838 326.733 326.698 326.655 326.658 326.545 326.478 326.47 326.45 326.403 326.278 326.27 326.23 326.15 326.068 325.945 325.715 325.45 325.15 324.988 324.79 324.633 324.49 324.378 324.285 324.155 323.988 323.668 323.465 323.435 324.408 323.843 323.713 323.73 323.565 324.193 323.61 323.61 323.538 323.443 323.408 323.198 322.955 322.74 322.605 322.268 322.025 321.7 321.4 321.225 321.03 320.843
328.088 327.94 327.85 327.733 327.658 327.535 327.528 327.465 327.208 327.433 327.433 327.375 327.368 327.38 327.345 327.295 327.265 327.218 327.203 327.143 327.063 327 327 327.003 326.993 326.885 326.863 326.83 326.783 326.71 326.543 326.325 326.115 325.87 325.66 325.415 325.273 325.095 324.955 324.823 324.628 324.398 324.113 323.965 323.865 323.948 324.013 323.993 324.073 324.133 324.163 324.243 324.263 324.155 323.993 323.853 323.625 323.405 323.165 322.965 322.655 322.398 322.265 321.903 321.693 321.558 321.33
328.513 328.433 328.318 328.243 328.195 328.093 328.09 328.058 328.005 328.078 328.04 327.95 327.903 327.898 327.918 327.903 327.793 327.76 327.725 327.69 327.623 327.565 327.578 327.61 327.575 327.568 327.51 327.44 327.385 327.318 327.16 326.958 326.79 326.535 326.29 326.108 325.913 325.718 325.538 325.403 325.225 325.023 324.793 324.573 324.433 324.47 324.54 324.483 324.693 324.72 324.828 324.88 324.83 324.72 324.555 324.385 324.125 323.905 323.613 323.308 323 322.84 322.65 322.243 322.218 322.078 321.88
328.923 328.865 328.76 328.685 328.66 328.655 328.645 328.64 328.653 328.653 328.593 328.563 328.46 328.438 328.468 328.513 328.425 328.373 328.258 328.228 328.153 328.113 328.153 328.18 328.103 328.078 328.023 328.008 327.925 327.89 327.738 327.535 327.348 327.118 326.898 326.713 326.478 326.27 326.068 325.98 325.818 325.573 325.27 324.948 324.86 324.985 325.045 325.09 325.19 325.305 325.408 325.408 325.388 325.313 325.188 324.98 324.728 324.513 324.153 323.758 323.603 323.385 323.155 322.855 322.738 322.63 322.535
329.423 329.325 329.205 329.113 329.143 329.163 329.143 329.185 329.213 329.145 329.11 329.055 329.058 329.078 329.143 329.055 329.005 328.918 328.865 328.815 328.72 328.638 328.665 328.653 328.61 328.568 328.56 328.535 328.47 328.385 328.183 328.053 327.863 327.655 327.448 327.225 327.028 326.868 326.713 326.55 326.473 326.253 325.92 325.585 325.38 325.463 325.56 325.585 325.698 325.825 325.928 325.955 325.883 325.835 325.645 325.46 325.225 324.988 324.67 324.248 324.14 323.96 323.77 323.548 323.393 323.285 323.23
329.895 329.795 329.703 329.695 329.69 329.65 329.668 329.658 329.68 329.678 329.62 329.578 329.605 329.64 329.645 329.608 329.583 329.518 329.453 329.373 329.303 329.21 329.195 329.173 329.133 329.083 329.025 329.043 329.018 328.903 328.735 328.578 328.393 328.17 327.928 327.715 327.545 327.473 327.358 327.19 327.065 326.85 326.48 326.145 325.97 325.915 325.94 326.023 326.115 326.268 326.383 326.445 326.413 326.408 326.178 325.955 325.72 325.485 325.173 324.86 324.648 324.495 324.378 324.208 324.178 324.095 323.963
330.358 330.29 330.233 330.248 330.258 330.118 330.07 330.108 330.115 330.155 330.138 330.158 330.133 330.175 330.208 330.16 330.115 330.058 330.04 329.955 329.868 329.823 329.78 329.773 329.618 329.593 329.62 329.585 329.525 329.435 329.24 329.073 328.908 328.733 328.56 328.3 328.16 328.035 327.943 327.763 327.62 327.35 327.013 326.695 326.498 326.433 326.345 326.405 326.483 326.708 326.86 326.963 326.945 326.88 326.685 326.46 326.198 325.875 325.603 325.303 325.058 324.95 324.955 324.833 324.79 324.75 324.598
330.75 330.733 330.718 330.685 330.715 330.605 330.63 330.64 330.653 330.663 330.703 330.66 330.675 330.743 330.73 330.7 330.633 330.6 330.573 330.515 330.39 330.38 330.35 330.328 330.15 330.138 330.203 330.133 330.085 329.968 329.778 329.593 329.405 329.273 329.075 328.925 328.818 328.638 328.493 328.265 328.028 327.765 327.47 327.208 327.013 326.91 326.838 326.88 326.868 327.045 327.26 327.425 327.43 327.283 327.14 326.963 326.693 326.318 326.053 325.79 325.595 325.583 325.525 325.545 325.475 325.333 325.188
331.088 331.188 331.073 331.138 331.085 331.12 331.13 331.23 331.135 331.13 331.16 331.14 331.18 331.238 331.31 331.265 331.223 331.115 331.113 331.078 331.048 331.015 331.023 330.918 330.903 330.843 330.805 330.75 330.65 330.518 330.355 330.165 329.943 329.763 329.548 329.478 329.385 329.23 329.043 328.805 328.583 328.255 327.993 327.713 327.53 327.428 327.26 327.198 327.31 327.4 327.628 327.808 327.898 327.775 327.595 327.41 327.163 326.848 326.61 326.348 326.193 326.238 326.213 326.185 326.198 325.968 325.865
331.628 331.623 331.55 331.415 331.683 331.738 331.725 331.72 331.595 331.608 331.62 331.628 331.65 331.758 331.723 331.773 331.735 331.693 331.695 331.7 331.69 331.67 331.755 331.64 331.525 331.485 331.448 331.403 331.238 331.04 330.888 330.728 330.518 330.348 330.148 329.978 329.803 329.688 329.58 329.293 329.06 328.728 328.483 328.255 328.018 327.878 327.738 327.628 327.695 327.838 328.033 328.233 328.353 328.295 328.098 327.898 327.613 327.395 327.163 326.915 326.893 326.938 326.985 326.908 326.833 326.68 326.575
332.17 332.173 332.055 331.938 331.965 331.97 332.073 332.12 332.07 332.063 332.168 332.143 332.148 332.215 332.22 332.233 332.268 332.273 332.243 332.28 332.273 332.308 332.34 332.288 332.198 332.193 332.128 332.063 331.885 331.665 331.548 331.398 331.17 331.02 330.813 330.54 330.328 330.125 329.815 329.588 329.485 329.268 328.99 328.753 328.543 328.395 328.323 328.15 328.138 328.248 328.37 328.65 328.783 328.733 328.593 328.43 328.168 327.883 327.718 327.56 327.628 327.693 327.685 327.64 327.54 327.473 327.338
332.67 332.673 332.663 332.723 332.48 332.513 332.488 332.43 332.423 332.525 332.61 332.66 332.7 332.783 332.79 332.825 332.843 332.873 332.898 332.86 332.915 332.945 332.938 332.913 332.92 332.85 332.76 332.7 332.568 332.38 332.21 332.055 331.85 331.645 331.385 331.153 330.848 330.618 330.415 330.105 329.988 329.843 329.575 329.338 329.108 328.99 328.923 328.718 328.66 328.645 328.808 329.03 329.203 329.183 329.043 328.875 328.708 328.53 328.41 328.295 328.36 328.448 328.508 328.37 328.303 328.205 328.1
333.148 333.113 333.035 332.958 333 333.07 332.978 332.815 332.725 332.98 333.113 333.193 333.233 333.278 333.413 333.44 333.425 333.455 333.48 333.52 333.545 333.56 333.52 333.518 333.498 333.44 333.385 333.365 333.223 333.053 332.875 332.67 332.485 332.265 332.003 331.768 331.468 331.208 330.988 330.705 330.545 330.455 330.268 330.065 329.818 329.625 329.455 329.22 329.15 329.17 329.175 329.355 329.533 329.648 329.53 329.343 329.313 329.213 329.13 329.075 329.085 329.188 329.165 329.045 329.048 329.025 328.838
333.495 333.548 333.595 333.513 333.533 333.525 333.458 333.358 333.318 333.383 333.47 333.635 333.738 333.828 333.928 334 334.035 334.06 334.09 334.05 334.075 334.095 334.128 334.07 334.05 334.028 334.008 333.965 333.873 333.785 333.585 333.35 333.113 332.868 332.613 332.338 332.148 331.875 331.63 331.37 331.248 331.09 330.938 330.738 330.575 330.408 330.118 329.75 329.698 329.763 329.69 329.88 330.035 330.14 330.115 330.035 330.01 329.983 329.935 329.865 329.87 329.948 329.83 329.783 329.758 329.75 329.6
333.963 333.975 333.993 333.988 333.975 334.08 334.068 334.088 333.993 333.975 334.02 334.12 334.21 334.285 334.4 334.485 334.578 334.648 334.65 334.628 334.598 334.638 334.615 334.62 334.63 334.59 334.563 334.578 334.493 334.383 334.228 334.015 333.735 333.485 333.263 333.023 332.78 332.558 332.363 332.113 331.863 331.643 331.488 331.323 331.125 330.938 330.638 330.34 330.285 330.275 330.235 330.323 330.538 330.61 330.603 330.608 330.703 330.78 330.668 330.565 330.553 330.633 330.568 330.553 330.493 330.373 330.23
334.48 334.41 334.37 334.358 334.345 334.41 334.535 334.563 334.565 334.565 334.633 334.595 334.703 334.86 334.888 334.945 335.045 335.143 335.22 335.18 335.143 335.12 335.105 335.148 335.153 335.108 335.115 335.083 335.068 334.92 334.793 334.595 334.413 334.198 333.968 333.665 333.393 333.185 332.965 332.78 332.528 332.28 332.063 331.928 331.69 331.44 331.115 330.885 330.78 330.725 330.698 330.795 330.983 331.05 331.135 331.22 331.37 331.425 331.313 331.235 331.275 331.295 331.198 331.17 331.055 330.968 330.825
334.908 334.813 334.79 334.773 334.735 334.77 334.82 335.003 335.09 335.108 335.075 335.085 335.123 335.383 335.398 335.468 335.53 335.618 335.673 335.675 335.663 335.683 335.665 335.67 335.643 335.67 335.673 335.658 335.603 335.485 335.325 335.208 335.015 334.83 334.623 334.325 334.078 333.85 333.61 333.308 333.103 332.89 332.68 332.645 332.4 332.02 331.683 331.505 331.435 331.26 331.198 331.238 331.395 331.553 331.715 331.978 332.02 332.005 332.008 331.988 331.975 331.945 331.795 331.67 331.56 331.478 331.398
335.265 335.223 335.22 335.265 335.243 335.24 335.26 335.325 335.335 335.425 335.48 335.568 335.638 335.753 335.785 335.86 336.01 336.11 336.155 336.143 336.123 336.098 336.105 336.185 336.155 336.15 336.163 336.135 336.088 336.023 335.885 335.745 335.61 335.425 335.215 334.968 334.778 334.488 334.145 333.768 333.643 333.48 333.308 333.223 332.788 332.455 332.168 332.055 331.933 331.785 331.75 331.818 331.908 332.048 332.338 332.608 332.758 332.77 332.72 332.743 332.645 332.55 332.425 332.238 332.085 331.993 331.873
335.86 335.815 335.753 335.748 335.735 335.74 335.743 335.765 335.733 335.703 335.708 335.88 336.003 336.108 336.24 336.225 336.413 336.62 336.675 336.563 336.553 336.493 336.478 336.578 336.65 336.735 336.71 336.705 336.615 336.52 336.408 336.323 336.19 335.993 335.758 335.565 335.44 335.11 334.573 334.255 334.103 333.865 333.695 333.398 333.07 332.795 332.673 332.563 332.423 332.313 332.29 332.318 332.375 332.495 332.865 333.218 333.365 333.433 333.425 333.408 333.325 333.19 333.023 332.803 332.725 332.605 332.38
336.213 336.32 336.348 336.318 336.225 336.243 336.238 336.22 336.208 336.175 336.18 336.178 336.23 336.328 336.575 336.743 336.915 337.003 337.073 336.975 337.04 337.118 337.125 337.16 337.315 337.175 337.303 337.24 337.183 337.07 336.97 336.843 336.72 336.568 336.385 336.198 336.053 335.655 335.083 334.595 334.413 334.2 334.018 333.605 333.325 333.105 333.133 333.035 332.968 332.94 332.808 332.9 332.978 333.023 333.305 333.69 333.935 334.03 334.058 334.048 333.998 333.868 333.628 333.353 333.283 333.143 332.873
336.753 336.775 336.798 336.823 336.795 336.825 336.81 336.688 336.66 336.668 336.675 336.64 336.708 336.735 336.803 336.923 337.165 337.338 337.378 337.483 337.553 337.753 337.768 337.81 337.675 337.67 337.71 337.698 337.645 337.528 337.42 337.36 337.295 337.158 337.045 336.883 336.558 336.12 335.54 335.018 334.673 334.435 334.19 333.823 333.515 333.383 333.388 333.39 333.355 333.35 333.4 333.333 333.453 333.523 333.748 334.19 334.51 334.653 334.705 334.708 334.683 334.56 334.29 334.053 333.893 333.7 333.385
337.393 337.353 337.403 337.46 337.39 337.368 337.35 337.29 337.283 337.233 337.165 337.183 337.29 337.328 337.353 337.345 337.473 337.658 337.81 337.91 337.898 338.01 338.133 338.175 338.23 338.153 338.208 338.198 338.14 338.028 337.915 337.838 337.82 337.788 337.713 337.563 337.285 336.805 336.215 335.64 335.185 334.788 334.593 334.333 333.968 333.643 333.545 333.598 333.663 333.683 333.675 333.77 333.91 334.1 334.355 334.723 335.008 335.218 335.32 335.325 335.37 335.235 334.995 334.815 334.57 334.28 334
