20220701_namedtuples/mapdata/sd8775_DSM_2M.asc
ncols 500
nrows 500
xllcorner    387000
yllcorner    475000
cellsize     2
NODATA_value -9999
[rows 90 to 119 of 500, columns 0 to 66 of 500]
440.688 440.303 440.096 440.036 440.231 440.281 440.131 439.936 439.796 439.693 439.588 439.448 439.318 439.156 439.013 438.928 438.823 438.798 438.711 438.561 438.458 438.406 438.261 438.071 437.918 437.696 437.431 437.178 436.938 436.693 436.348 436.123 435.838 435.563 435.298 435.043 434.786 434.606 434.441 434.293 434.198 433.911 433.643 433.373 433.093 432.748 432.428 432.073 431.943 431.873 431.793 431.67 431.495 431.37 431.253 431.13 431.22 431.298 431.235 431.075 431.048 430.94 430.79 430.775 430.673 430.493 430.43
440.711 440.426 440.308 440.408 440.456 440.381 440.243 440.056 439.918 439.858 439.721 439.568 439.431 439.256 439.118 439.011 438.926 438.856 438.773 438.661 438.548 438.463 438.391 438.271 438.133 437.988 437.816 437.628 437.431 437.108 436.723 436.488 436.201 435.893 435.621 435.313 435.153 434.986 434.723 434.458 434.258 434.028 433.756 433.536 433.266 432.943 432.598 432.321 432.188 432.106 431.98 431.9 431.71 431.57 431.543 431.535 431.528 431.55 431.483 431.315 431.205 431.135 430.945 430.855 430.733 430.608 430.508
440.966 440.748 440.886 440.841 440.786 440.561 440.353 440.211 440.143 439.971 439.816 439.643 439.516 439.393 439.288 439.136 439.063 438.963 438.838 438.721 438.608 438.526 438.478 438.366 438.216 438.093 437.996 437.891 437.876 437.568 437.188 436.923 436.756 436.416 436.181 435.901 435.651 435.486 435.153 434.871 434.493 434.163 433.886 433.671 433.473 433.136 432.868 432.693 432.498 432.388 432.178 432.048 431.923 431.793 431.82 431.795 431.76 431.718 431.653 431.55 431.345 431.233 431.083 430.923 430.79 430.68 430.555
441.533 441.268 441.106 441.118 441.103 440.806 440.576 440.356 440.291 440.058 439.863 439.696 439.561 439.461 439.323 439.228 439.193 439.018 438.883 438.766 438.691 438.591 438.503 438.396 438.308 438.258 438.178 438.061 437.973 437.773 437.628 437.446 437.218 437.143 436.898 436.643 436.331 435.958 435.613 435.311 434.926 434.441 434.083 433.811 433.611 433.371 433.203 432.996 432.806 432.698 432.433 432.23 432.093 432.038 432.03 432.045 431.99 431.848 431.743 431.69 431.493 431.348 431.22 430.988 430.785 430.623 430.453
442.068 441.768 441.596 441.511 441.413 441.061 440.721 440.503 440.313 440.073 439.883 439.751 439.621 439.481 439.406 439.326 439.291 439.068 439.006 438.823 438.726 438.646 438.566 438.516 438.436 438.408 438.331 438.193 438.096 437.963 437.991 437.806 437.616 437.483 437.441 437.221 436.951 436.581 436.131 435.918 435.458 434.908 434.463 434.123 433.838 433.638 433.451 433.281 433.178 432.961 432.703 432.49 432.325 432.335 432.37 432.368 432.295 432.12 431.933 431.728 431.535 431.425 431.288 431.143 430.998 430.733 430.47
442.678 442.318 442.108 441.928 441.671 441.331 441.021 440.708 440.451 440.223 439.993 439.881 439.783 439.688 439.576 439.383 439.233 439.111 439.056 438.921 438.796 438.728 438.646 438.608 438.541 438.486 438.448 438.316 438.191 438.108 438.053 437.946 437.896 437.868 437.913 437.771 437.521 437.246 436.753 436.226 435.913 435.516 435.071 434.606 434.176 433.903 433.643 433.526 433.411 433.193 433.013 432.748 432.558 432.593 432.555 432.48 432.42 432.295 432.113 431.88 431.675 431.49 431.353 431.248 431.083 430.843 430.555
443.241 442.898 442.533 442.216 441.978 441.751 441.403 441.061 440.768 440.548 440.356 440.201 440.048 439.923 439.758 439.541 439.358 439.156 439.083 438.976 438.848 438.756 438.716 438.683 438.641 438.583 438.576 438.453 438.323 438.186 438.123 438.063 438.001 438.023 438.111 438.078 437.916 437.606 437.033 436.691 436.623 436.248 435.741 435.193 434.713 434.276 433.926 433.731 433.566 433.388 433.28 432.995 432.865 432.815 432.74 432.625 432.508 432.395 432.213 432 431.89 431.713 431.533 431.335 431.165 430.99 430.668
443.646 443.306 442.911 442.498 442.303 442.133 441.818 441.541 441.241 440.978 440.773 440.538 440.381 440.188 439.996 439.768 439.548 439.313 439.131 439.046 438.891 438.796 438.958 438.861 438.801 438.671 438.621 438.541 438.423 438.266 438.223 438.173 438.151 438.133 438.153 438.201 438.151 437.988 437.508 437.163 437.178 436.863 436.433 435.768 435.148 434.631 434.263 434.036 433.868 433.748 433.51 433.2 433.295 433.143 433.003 432.83 432.66 432.43 432.283 432.098 431.98 431.885 431.718 431.555 431.24 431.038 430.778
444.008 443.593 443.206 442.826 442.581 442.373 442.153 441.911 441.613 441.378 441.171 440.896 440.673 440.451 440.291 440.061 439.826 439.553 439.253 439.113 439.008 438.936 439.051 439.011 438.956 438.791 438.686 438.581 438.481 438.381 438.358 438.371 438.308 438.243 438.213 438.256 438.218 438.098 437.906 437.811 437.518 437.168 436.881 436.261 435.676 435.088 434.673 434.326 434.106 433.966 433.69 433.503 433.523 433.418 433.18 432.993 432.72 432.463 432.278 432.258 432.083 431.968 431.79 431.605 431.423 431.205 430.848
444.291 443.878 443.413 443.123 442.878 442.641 442.476 442.143 441.901 441.708 441.491 441.243 440.978 440.743 440.518 440.311 440.093 439.851 439.526 439.306 439.216 439.146 439.213 439.128 439.046 438.993 438.736 438.586 438.518 438.478 438.508 438.473 438.466 438.411 438.366 438.273 438.208 438.171 438.096 437.936 437.796 437.636 437.313 436.661 436.181 435.588 435.111 434.733 434.403 434.178 433.975 433.875 433.738 433.548 433.288 433.013 432.89 432.778 432.61 432.495 432.335 432.105 431.873 431.648 431.513 431.303 430.985
444.491 444.023 443.651 443.503 443.336 443.081 442.861 442.508 442.218 441.938 441.746 441.576 441.321 441.111 440.841 440.573 440.353 440.133 439.806 439.586 439.541 439.463 439.353 439.291 439.171 439.063 438.808 438.666 438.608 438.588 438.613 438.583 438.571 438.533 438.448 438.388 438.318 438.268 438.206 438.098 437.951 437.871 437.731 437.226 436.743 436.261 435.621 435.066 434.706 434.511 434.338 434.138 433.948 433.738 433.423 433.231 433.146 432.986 432.816 432.668 432.498 432.281 432.113 431.876 431.631 431.393 431.113
444.758 444.331 444.021 443.948 443.826 443.593 443.238 442.886 442.626 442.286 442.061 441.878 441.683 441.426 441.201 440.928 440.616 440.311 440.026 439.893 439.843 439.781 439.676 439.551 439.298 439.146 438.933 438.773 438.726 438.743 438.696 438.673 438.641 438.616 438.581 438.521 438.463 438.388 438.313 438.211 438.101 437.973 437.886 437.646 437.318 436.771 436.106 435.538 435.216 435.033 434.786 434.451 434.223 433.973 433.646 433.438 433.303 433.133 432.978 432.808 432.583 432.441 432.298 432.066 431.886 431.638 431.356
445.206 444.993 444.701 444.568 444.346 444.011 443.633 443.266 443.046 442.868 442.458 442.183 441.953 441.711 441.468 441.293 440.978 440.583 440.296 440.171 440.108 439.996 439.898 439.796 439.448 439.166 438.978 438.903 438.911 438.836 438.788 438.761 438.721 438.676 438.643 438.616 438.578 438.496 438.431 438.346 438.231 438.106 438.028 437.876 437.618 437.131 436.598 436.103 435.803 435.486 435.133 434.756 434.438 434.143 433.936 433.831 433.728 433.481 433.161 432.871 432.616 432.513 432.368 432.176 432.058 431.826 431.573
445.891 445.636 445.383 445.036 444.811 444.443 444.053 443.778 443.448 443.088 442.796 442.481 442.236 442.083 441.831 441.641 441.326 440.913 440.641 440.468 440.338 440.201 440.026 439.766 439.453 439.221 439.056 438.988 439.023 438.978 438.913 438.888 438.826 438.786 438.783 438.703 438.618 438.566 438.496 438.436 438.353 438.253 438.126 438.001 437.881 437.403 436.821 436.541 436.341 435.921 435.476 435.061 434.728 434.491 434.368 434.226 434.058 433.816 433.451 433.093 432.828 432.706 432.631 432.538 432.318 432.101 431.891
446.298 446.118 445.933 445.583 445.231 444.818 444.488 444.276 443.828 443.573 443.076 442.761 442.568 442.273 442.078 441.851 441.548 441.236 440.941 440.803 440.633 440.403 440.173 439.826 439.516 439.313 439.276 439.243 439.171 439.116 439.043 439.001 438.966 438.908 438.893 438.811 438.706 438.653 438.556 438.558 438.448 438.351 438.211 438.023 437.948 437.511 436.856 436.761 436.866 436.351 436.028 435.661 435.358 435.051 434.893 434.743 434.481 434.161 433.738 433.341 433.056 433.043 433.041 432.981 432.771 432.476 432.293
446.666 446.486 446.343 446.063 445.653 445.318 444.836 444.593 444.233 443.901 443.533 443.263 443.058 442.643 442.331 442.063 441.753 441.476 441.298 441.173 440.931 440.598 440.266 439.901 439.611 439.591 439.566 439.491 439.376 439.293 439.166 439.096 439.073 438.973 439.011 438.931 438.823 438.718 438.661 438.626 438.556 438.433 438.283 438.126 438.013 437.761 437.041 436.896 436.821 436.748 436.701 436.393 435.981 435.658 435.478 435.241 434.901 434.468 434.013 433.706 433.516 433.461 433.358 433.253 433.041 432.826 432.686
446.993 446.881 446.678 446.388 445.956 445.693 445.351 444.961 444.706 444.208 443.858 443.686 443.388 442.923 442.566 442.313 441.921 441.688 441.566 441.423 441.173 440.818 440.401 440.023 439.901 439.888 439.856 439.761 439.636 439.458 439.363 439.266 439.188 439.081 439.018 438.911 438.856 438.828 438.771 438.716 438.641 438.526 438.403 438.271 438.111 437.941 437.598 437.123 436.936 437.108 437.216 436.928 436.606 436.281 435.941 435.658 435.266 434.736 434.338 434.131 433.978 433.866 433.696 433.513 433.318 433.193 433.036
447.348 447.233 446.991 446.708 446.293 445.996 445.638 445.258 445.003 444.648 444.381 443.873 443.483 443.226 442.898 442.576 442.221 441.896 441.733 441.556 441.331 440.993 440.668 440.461 440.333 440.253 440.086 439.986 439.846 439.606 439.513 439.413 439.311 439.231 439.101 439.013 438.908 438.863 438.826 438.788 438.716 438.651 438.538 438.388 438.226 438.081 437.921 437.783 437.698 437.598 437.406 437.143 437.008 436.833 436.496 436.136 435.656 435.103 434.776 434.638 434.493 434.253 434.003 433.776 433.593 433.436 433.321
447.706 447.606 447.368 447.066 446.631 446.246 445.876 445.596 445.358 444.978 444.751 444.176 443.848 443.451 443.126 442.846 442.526 442.193 441.998 441.761 441.536 441.303 441.126 440.973 440.816 440.656 440.416 440.213 439.988 439.778 439.646 439.553 439.478 439.411 439.268 439.176 439.078 439.016 438.941 438.863 438.821 438.776 438.658 438.523 438.463 438.388 438.196 438.101 438.133 438.121 437.978 437.431 437.116 437.218 437.031 436.736 436.361 435.896 435.506 435.286 435.091 434.781 434.343 434.076 433.883 433.703 433.578
448.026 447.893 447.693 447.363 447.013 446.561 446.253 445.926 445.656 445.336 445.091 444.626 444.256 443.798 443.393 443.111 442.783 442.556 442.293 442.068 441.933 441.738 441.578 441.468 441.293 441.078 440.816 440.468 440.178 439.993 439.886 439.786 439.718 439.613 439.468 439.346 439.241 439.166 439.121 439.016 438.958 438.876 438.788 438.626 438.548 438.491 438.413 438.373 438.386 438.323 438.201 437.976 437.588 437.686 437.723 437.486 437.163 436.861 436.398 436.076 435.816 435.413 434.873 434.541 434.256 434.031 433.758
448.453 448.276 447.991 447.688 447.298 446.978 446.778 446.441 446.043 445.748 445.451 445.101 444.526 444.178 443.803 443.441 443.166 442.956 442.718 442.473 442.333 442.106 442.011 441.911 441.771 441.536 441.226 440.778 440.458 440.303 440.186 440.073 439.971 439.873 439.688 439.601 439.521 439.328 439.193 439.233 439.058 438.981 438.878 438.741 438.708 438.683 438.633 438.601 438.603 438.493 438.321 438.253 438.138 438.101 438.131 438.093 437.883 437.223 437.086 436.918 436.443 435.988 435.446 434.968 434.716 434.348 433.958
449.026 448.828 448.363 447.983 447.653 447.506 447.258 446.951 446.546 446.211 445.863 445.586 445.078 444.451 444.043 443.663 443.553 443.281 443.131 442.851 442.703 442.508 442.338 442.276 442.178 441.918 441.631 441.308 440.928 440.651 440.488 440.378 440.266 440.153 440.063 439.978 439.833 439.633 439.418 439.273 439.191 439.093 439.021 438.898 438.836 438.781 438.731 438.741 438.713 438.621 438.481 438.346 438.241 438.221 438.291 438.276 438.158 437.223 437.103 437.173 436.983 436.588 436.086 435.541 435.146 434.641 434.206
449.536 449.156 448.863 448.378 448.056 447.811 447.606 447.366 447.031 446.721 446.341 446.048 445.541 445.071 444.568 444.146 443.948 443.651 443.421 443.211 443.026 442.848 442.731 442.603 442.421 442.218 442.003 441.718 441.428 441.116 440.908 440.791 440.608 440.488 440.403 440.281 440.101 439.946 439.708 439.476 439.303 439.208 439.198 439.068 438.906 438.853 438.891 438.863 438.833 438.753 438.618 438.471 438.423 438.431 438.441 438.456 438.453 438.096 437.373 437.186 437.123 436.998 436.581 436.118 435.603 434.991 434.526
449.688 449.411 449.033 448.741 448.403 448.121 447.821 447.583 447.291 446.981 446.653 446.383 445.993 445.621 445.158 444.716 444.348 444.013 443.691 443.593 443.343 443.193 443.048 442.883 442.668 442.523 442.388 442.083 441.901 441.596 441.306 441.098 440.923 440.796 440.681 440.543 440.341 440.138 439.968 439.708 439.463 439.371 439.363 439.211 439.028 438.958 438.953 438.956 438.911 438.858 438.726 438.613 438.643 438.643 438.676 438.668 438.626 438.568 438.081 437.431 437.188 437.131 436.898 436.501 436.006 435.418 434.996
450.091 449.863 449.478 449.111 448.773 448.576 448.248 447.858 447.558 447.281 447.003 446.738 446.338 445.913 445.541 445.171 444.708 444.326 444.156 443.921 443.706 443.571 443.456 443.301 443.046 442.811 442.593 442.426 442.236 442.061 441.906 441.631 441.388 441.211 441.093 440.923 440.666 440.398 440.226 439.916 439.648 439.593 439.566 439.353 439.156 439.078 439.076 439.106 439.026 438.981 438.858 438.781 438.821 438.838 438.838 438.848 438.693 438.668 438.543 437.846 437.338 437.233 437.171 436.921 436.413 435.886 435.358
450.576 450.248 449.918 449.561 449.291 449.018 448.668 448.263 447.946 447.708 447.413 447.081 446.756 446.356 445.961 445.561 445.116 444.823 444.683 444.286 444.206 444.098 443.938 443.691 443.411 443.143 442.896 442.761 442.566 442.423 442.233 442.093 441.926 441.683 441.473 441.276 441.071 440.841 440.503 440.166 440.003 440.023 439.823 439.493 439.298 439.246 439.216 439.263 439.196 439.093 438.943 438.918 438.968 438.998 438.953 438.876 438.696 438.678 438.626 438.406 437.768 437.433 437.356 437.373 437.143 436.628 436.111
451.003 450.663 450.403 450.038 449.711 449.406 449.096 448.781 448.366 448.046 447.828 447.516 447.171 446.838 446.491 446.056 445.616 445.351 445.066 444.761 444.648 444.356 444.241 443.976 443.743 443.511 443.223 442.993 442.826 442.686 442.623 442.416 442.281 442.131 441.903 441.711 441.456 441.186 440.791 440.468 440.381 440.318 440.011 439.578 439.501 439.393 439.381 439.463 439.376 439.148 439.098 439.121 439.103 439.111 439.108 439.078 438.828 438.748 438.708 438.566 438.288 437.926 437.601 437.491 437.536 437.311 436.791
451.541 451.141 450.848 450.511 450.106 449.753 449.488 449.148 448.806 448.518 448.326 448.033 447.691 447.388 447.031 446.648 446.186 445.921 445.623 445.308 444.988 444.746 444.526 444.268 444.073 443.796 443.611 443.341 443.141 442.973 442.948 442.696 442.541 442.411 442.236 441.976 441.746 441.441 441.101 440.881 440.773 440.636 440.238 439.823 439.698 439.593 439.666 439.773 439.533 439.358 439.343 439.343 439.298 439.236 439.266 439.293 439.163 438.888 438.773 438.758 438.706 438.523 438.303 438.128 437.828 437.541 437.316
452.073 451.818 451.366 450.968 450.568 450.188 449.846 449.608 449.348 448.983 448.753 448.538 448.143 447.791 447.408 447.128 446.798 446.521 446.211 445.946 445.616 445.253 444.918 444.628 444.383 444.151 443.901 443.696 443.501 443.253 443.126 442.951 442.781 442.573 442.311 442.026 441.843 441.641 441.453 441.296 441.116 440.811 440.316 440.068 439.998 440.158 440.181 439.913 439.606 439.581 439.568 439.553 439.501 439.428 439.443 439.446 439.413 439.341 439.068 438.953 439.001 438.841 438.816 438.753 438.581 438.211 437.808
452.706 452.281 451.988 451.691 451.251 450.788 450.378 450.096 449.791 449.433 449.123 448.851 448.481 448.106 447.841 447.581 447.268 446.951 446.613 446.261 445.988 445.691 445.356 445.098 444.758 444.473 444.241 444.033 443.798 443.563 443.433 443.176 442.981 442.708 442.438 442.158 441.958 441.858 441.776 441.563 441.171 440.671 440.358 440.286 440.571 440.623 440.486 440.083 439.851 439.963 439.851 439.778 439.673 439.628 439.566 439.543 439.531 439.541 439.488 439.368 439.288 439.203 439.116 439.006 438.911 438.691 438.378
