20220701_namedtuples/mapdata/sd8775_DSM_2M.asc
ncols 500
nrows 500
xllcorner    387000
yllcorner    475000
cellsize     2
NODATA_value -9999
[rows 270 to 299 of 500, columns 268 to 334 of 500]
421.92 421.675 421.425 421.105 420.748 420.188 419.64 419.02 418.34 417.703 417.15 416.55 415.99 415.418 414.838 414.308 413.788 413.258 412.72 412.163 411.778 411.315 411.485 410.583 410.16 409.758 409.458 409.405 409.298 408.913 408.673 408.535 408.34 408.27 408.19 408.068 407.915 407.75 407.568 407.315 407.055 406.73 406.363 406.14 405.745 405.37 404.955 404.56 404.335 404.108 403.825 403.595 403.325 403.023 402.515 401.975 401.45 400.915 400.408 399.94 399.59 399.19 398.805 398.215 397.705 397.325 396.97
422.053 421.755 421.538 421.283 420.955 420.493 419.868 419.255 418.615 418.003 417.395 416.845 416.31 415.748 415.15 414.548 414.025 413.448 412.798 412.283 411.903 411.503 411.593 410.725 410.258 409.898 409.58 409.405 409.29 409.008 408.803 408.695 408.518 408.48 408.413 408.245 408.075 407.94 407.71 407.508 407.238 406.923 406.54 406.238 405.87 405.48 405.098 404.693 404.353 404.068 403.84 403.615 403.4 403.12 402.648 402.098 401.545 401.038 400.52 400.053 399.683 399.283 398.888 398.403 397.9 397.463 397.158
422.195 421.925 421.683 421.423 421.138 420.693 420.128 419.515 418.9 418.235 417.72 417.165 416.593 415.94 415.29 414.743 414.205 413.59 412.94 412.398 412.018 411.565 411.615 410.78 410.388 410.045 409.75 409.543 409.423 409.155 409.005 408.91 408.755 408.645 408.575 408.465 408.243 408.03 407.84 407.588 407.3 407.045 406.69 406.34 405.985 405.598 405.238 404.788 404.405 404.12 403.86 403.648 403.498 403.153 402.72 402.17 401.625 401.105 400.603 400.163 399.803 399.415 399.04 398.695 398.045 397.64 397.32
422.37 422.128 421.878 421.63 421.338 420.918 420.39 419.755 419.165 418.538 418.01 417.445 416.808 416.183 415.493 414.928 414.368 413.72 413.085 412.47 412.153 411.778 411.618 411.058 410.538 410.19 409.88 409.67 409.525 409.365 409.168 409.118 408.978 408.8 408.713 408.565 408.348 408.1 407.938 407.688 407.393 407.15 406.903 406.495 406.125 405.773 405.388 404.955 404.548 404.205 403.868 403.668 403.53 403.165 402.723 402.235 401.708 401.21 400.695 400.283 399.943 399.593 399.313 398.935 398.258 397.85 397.545
422.545 422.275 421.98 421.778 421.468 421.053 420.598 420.043 419.47 418.863 418.27 417.665 417.038 416.408 415.715 415.133 414.558 413.908 413.245 412.635 412.243 411.885 411.7 411.378 410.84 410.463 410.113 409.843 409.715 409.548 409.373 409.263 409.133 408.965 408.858 408.69 408.463 408.21 407.983 407.745 407.57 407.225 406.995 406.62 406.233 405.84 405.453 405.125 404.683 404.3 403.943 403.733 403.55 403.22 402.735 402.25 401.79 401.295 400.82 400.408 400.048 399.74 399.488 399.113 398.428 398.008 397.755
422.693 422.3 421.99 421.783 421.56 421.255 420.848 420.33 419.688 419.1 418.513 417.92 417.275 416.61 415.883 415.325 414.745 414.11 413.448 412.77 412.408 412.038 411.855 411.758 411.028 410.65 410.37 410.06 409.895 409.773 409.57 409.433 409.213 409 408.875 408.783 408.548 408.3 408.05 407.798 407.59 407.32 407.058 406.728 406.348 405.925 405.535 405.155 404.76 404.39 404.043 403.818 403.62 403.255 402.815 402.335 401.878 401.45 400.983 400.55 400.168 399.87 399.625 399.43 398.683 398.248 397.968
422.698 422.34 422.118 421.92 421.728 421.415 421.04 420.483 419.853 419.265 418.75 418.168 417.513 416.828 416.113 415.525 414.908 414.318 413.758 413.093 412.57 412.268 411.848 411.865 411.185 410.765 410.49 410.26 410.035 409.93 409.725 409.575 409.358 409.063 409.01 408.838 408.67 408.51 408.16 407.903 407.66 407.43 407.125 406.82 406.453 406.073 405.648 405.255 404.845 404.478 404.13 403.883 403.65 403.33 402.895 402.44 401.973 401.538 401.09 400.718 400.34 400.028 399.698 399.463 398.875 398.51 398.208
422.848 422.623 422.34 422.093 421.89 421.565 421.15 420.6 420.043 419.465 418.938 418.4 417.72 417.11 416.473 415.75 415.275 414.745 413.98 413.363 412.79 412.44 411.938 411.913 411.23 410.958 410.74 410.423 410.175 409.995 409.793 409.623 409.5 409.16 408.97 408.87 408.783 408.548 408.223 407.953 407.7 407.445 407.113 406.83 406.52 406.168 405.773 405.335 404.895 404.513 404.213 403.995 403.733 403.413 402.975 402.52 402.085 401.635 401.243 400.865 400.505 400.198 399.883 399.623 399.14 398.75 398.48
422.988 422.84 422.533 422.275 422.005 421.68 421.24 420.715 420.173 419.673 419.168 418.583 417.93 417.345 416.788 416.11 415.55 414.87 414.083 413.578 412.94 412.598 412.148 412.21 411.458 411.105 410.87 410.648 410.288 410.05 409.88 409.658 409.478 409.218 408.995 408.895 408.773 408.493 408.268 408.018 407.74 407.435 407.1 406.848 406.54 406.175 405.83 405.408 404.915 404.525 404.263 404.023 403.793 403.498 403.043 402.618 402.168 401.78 401.378 401.015 400.668 400.375 400.065 399.743 399.408 398.95 398.768
423.19 422.908 422.685 422.355 422.065 421.768 421.355 420.835 420.333 419.858 419.363 418.768 418.108 417.52 416.945 416.28 415.648 414.908 414.223 413.615 413.018 412.683 412.285 412.385 411.605 411.308 411.103 410.828 410.473 410.14 409.973 409.718 409.533 409.28 409.058 408.93 408.838 408.538 408.305 407.973 407.723 407.415 407.148 406.84 406.515 406.145 405.845 405.423 404.935 404.59 404.31 404.068 403.848 403.578 403.093 402.633 402.23 401.87 401.513 401.153 400.818 400.523 400.213 399.91 399.548 399.19 398.993
423.153 422.533 422.45 422.26 422.023 421.8 421.408 421.008 420.54 420.038 419.495 418.965 418.318 417.718 417.138 416.495 415.83 415.278 414.663 413.805 413.178 412.745 412.423 412.518 411.67 411.373 411.13 410.943 410.668 410.348 410.108 409.888 409.61 409.335 409.138 408.993 408.81 408.618 408.335 407.99 407.798 407.433 407.108 406.798 406.465 406.133 405.793 405.438 404.988 404.608 404.345 404.128 403.89 403.538 403.098 402.678 402.318 401.98 401.63 401.258 400.948 400.678 400.39 400.095 399.728 399.363 399.173
423.208 422.003 421.585 421.81 421.253 421.473 421.5 421.18 420.71 420.13 419.563 419.038 418.498 417.945 417.338 416.738 416.103 415.68 414.888 414.005 413.433 412.91 412.573 412.743 411.893 411.583 411.303 411.06 410.883 410.565 410.313 410.078 409.768 409.495 409.245 409.058 408.843 408.633 408.353 408.058 407.79 407.425 407.11 406.83 406.475 406.108 405.74 405.398 405.018 404.633 404.37 404.123 403.873 403.52 403.11 402.693 402.355 402.023 401.688 401.38 401.043 400.805 400.513 400.223 399.903 399.588 399.22
423.498 422.498 422.018 422.115 421.593 421.633 421.68 421.318 420.828 420.303 419.725 419.18 418.723 418.198 417.603 416.945 416.328 415.868 415.1 414.198 413.483 413.115 412.72 412.953 412.085 411.788 411.518 411.225 410.95 410.703 410.458 410.223 409.98 409.675 409.403 409.165 408.913 408.665 408.378 408.058 407.683 407.39 407.07 406.78 406.443 406.07 405.695 405.36 404.965 404.623 404.35 404.048 403.738 403.365 403.028 402.683 402.343 402.048 401.708 401.388 401.068 400.785 400.565 400.348 400.115 399.725 399.248
423.775 423.038 422.643 422.58 422.345 422.145 421.805 421.463 420.995 420.535 420.06 419.513 418.968 418.398 417.783 417.133 416.445 415.948 415.3 414.605 413.783 413.265 412.89 413.053 412.245 411.943 411.668 411.358 411.025 410.795 410.57 410.31 410.095 409.838 409.493 409.283 409.005 408.735 408.385 408.07 407.635 407.298 406.963 406.785 406.468 406.108 405.665 405.323 404.918 404.58 404.263 403.908 403.37 403.015 402.77 402.478 402.133 401.848 401.58 401.338 401.123 400.948 400.725 400.518 400.268 399.97 399.275
423.943 423.393 422.958 422.778 422.485 422.183 421.953 421.713 421.305 420.838 420.283 419.713 419.145 418.548 417.903 417.245 416.538 415.943 415.308 414.66 414.053 413.495 413.065 413.135 412.46 412.113 411.793 411.483 411.143 410.928 410.718 410.438 410.208 409.96 409.655 409.375 409.113 408.763 408.395 408.015 407.568 407.21 406.965 406.825 406.465 406.063 405.635 405.28 404.87 404.463 404.185 403.823 403.065 402.608 402.428 402.168 401.94 401.76 401.588 401.47 401.318 401.118 400.92 400.67 400.385 400.183 399.353
424.118 423.598 423.118 422.868 422.6 422.385 422.168 421.958 421.583 421.103 420.548 419.938 419.355 418.675 418.035 417.288 416.57 415.883 415.365 414.763 414.315 413.813 413.348 413.388 412.778 412.258 411.898 411.573 411.29 411.03 410.765 410.523 410.278 410.048 409.733 409.423 409.165 408.81 408.38 407.938 407.555 407.248 406.938 406.738 406.448 405.943 405.488 405.12 404.763 404.368 404.03 403.673 403.173 402.683 402.413 402.265 402.125 402.02 401.873 401.695 401.513 401.268 401.01 400.778 400.413 400.093 399.438
424.258 423.83 423.278 422.978 422.803 422.575 422.345 422.145 421.793 421.273 420.688 420.113 419.51 418.82 418.043 417.348 416.603 415.973 415.403 414.908 414.4 414.035 413.493 413.23 413.193 412.385 412.023 411.705 411.428 411.145 410.885 410.593 410.323 410.063 409.753 409.458 409.135 408.773 408.303 407.905 407.583 407.265 406.903 406.615 406.255 405.78 405.418 405.01 404.633 404.293 404.003 403.735 403.46 402.94 402.503 402.453 402.318 402.118 401.943 401.74 401.498 401.21 400.963 400.598 400.243 399.918 399.903
424.378 423.998 423.473 423.063 422.915 422.718 422.545 422.35 421.965 421.42 420.778 420.193 419.538 418.858 418.038 417.37 416.688 416.085 415.575 415.053 414.655 414.108 413.643 413.32 413.29 412.563 412.16 411.81 411.488 411.238 410.968 410.663 410.33 410.063 409.76 409.445 409.123 408.785 408.34 407.938 407.618 407.295 406.875 406.493 406.15 405.708 405.348 404.985 404.77 404.49 404.203 403.943 403.6 403.045 402.613 402.378 402.178 401.985 401.785 401.565 401.34 401.065 400.79 400.553 400.455 400.155 400.128
424.505 424.08 423.443 422.953 423.058 422.988 422.74 422.483 422.11 421.545 420.903 420.255 419.618 418.983 418.31 417.55 416.888 416.19 415.58 415.105 414.708 414.245 413.788 413.46 413.61 412.69 412.295 411.933 411.64 411.375 411.178 410.765 410.36 410.093 409.793 409.443 409.108 408.83 408.455 408.013 407.635 407.268 406.828 406.525 406.353 405.973 405.533 405.153 404.858 404.535 404.213 403.918 403.653 403.165 402.658 402.375 402.088 401.918 401.683 401.47 401.265 401.065 400.84 400.72 400.7 400.56 400.313
424.6 424.045 422.848 422.043 422.748 423.025 422.855 422.628 422.153 421.633 421.013 420.333 419.7 419.085 418.46 417.763 417.11 416.373 415.795 415.438 414.963 414.348 413.888 413.498 413.703 412.823 412.395 412.053 411.73 411.465 411.163 410.78 410.44 410.13 409.755 409.44 409.188 408.908 408.533 408.168 407.675 407.333 407.05 406.9 406.733 406.335 405.79 405.325 404.943 404.665 404.333 403.99 403.69 403.203 402.82 402.633 402.293 402.11 401.925 401.698 401.473 401.31 401.165 401.02 401 400.64 400.415
424.693 424.135 422.998 422.06 422.528 423.078 422.96 422.67 422.22 421.668 421.048 420.445 419.788 419.208 418.575 417.92 417.24 416.47 415.93 415.44 415.005 414.5 414.07 413.7 413.603 413.17 412.48 412.135 411.823 411.515 411.055 410.75 410.495 410.115 409.688 409.415 409.148 408.878 408.603 408.315 407.895 407.635 407.445 407.308 407.088 406.685 406.06 405.525 405.098 404.758 404.523 404.22 403.945 403.41 403.053 402.88 402.615 402.298 402.118 401.918 401.688 401.498 401.325 401.17 401.018 400.778 400.518
424.873 424.34 423.53 422.973 423.118 423.238 423.04 422.733 422.305 421.7 421.098 420.48 419.868 419.268 418.665 418.068 417.37 416.563 415.925 415.593 415.275 414.7 414.208 413.845 413.563 413.525 412.583 412.178 411.758 411.44 411.003 410.758 410.538 410.103 409.728 409.493 409.263 408.988 408.753 408.51 408.22 408.045 407.915 407.66 407.3 406.905 406.31 405.765 405.283 404.953 404.658 404.468 404.225 403.84 403.385 403.118 402.88 402.505 402.29 402.113 401.848 401.658 401.46 401.278 401.13 400.94 400.648
425.053 424.545 423.853 423.47 423.515 423.375 423.17 422.795 422.29 421.698 421.11 420.453 419.888 419.263 418.698 418.113 417.473 416.648 416.025 415.665 415.423 414.848 414.263 413.923 413.51 413.768 412.578 412.15 411.728 411.443 411.055 410.835 410.58 410.188 409.883 409.72 409.505 409.21 408.92 408.753 408.518 408.355 408.205 407.915 407.488 407.033 406.513 405.985 405.495 405.128 404.815 404.525 404.408 404.165 403.73 403.32 403.07 402.708 402.385 402.198 401.965 401.768 401.603 401.36 401.18 400.983 400.71
425.178 424.693 423.943 423.468 423.673 423.478 423.245 422.83 422.333 421.703 421.063 420.425 419.82 419.235 418.648 418.068 417.453 416.725 416.2 415.745 415.475 415.098 414.343 413.988 413.61 413.62 412.61 412.283 411.918 411.63 411.243 410.933 410.73 410.445 410.205 409.975 409.778 409.553 409.308 409.08 408.86 408.625 408.4 408.075 407.683 407.23 406.698 406.163 405.693 405.335 405.03 404.698 404.438 404.325 404.003 403.55 403.198 402.843 402.483 402.203 402.033 401.843 401.655 401.433 401.253 401.075 400.823
425.318 424.683 423.665 423.12 423.403 423.65 423.353 422.923 422.35 421.633 420.993 420.36 419.79 419.193 418.618 418.06 417.405 416.918 416.413 415.948 415.518 415.033 414.538 414.025 413.67 413.5 413.17 412.535 412.275 411.898 411.39 411.12 410.935 410.743 410.45 410.178 410.053 409.85 409.538 409.335 409.085 408.8 408.563 408.225 407.768 407.323 406.805 406.313 405.86 405.473 405.18 404.855 404.56 404.445 404.185 403.828 403.48 403.113 402.68 402.353 402.123 401.953 401.75 401.593 401.395 401.198 400.92
425.388 424.63 423.315 423.36 423.618 423.778 423.365 422.748 422.175 421.523 420.88 420.305 419.725 419.133 418.568 418.075 417.46 416.863 416.445 415.958 415.568 415.11 414.588 414.115 413.865 413.493 413.675 412.855 412.51 412.115 411.675 411.353 411.145 410.85 410.593 410.358 410.245 410.005 409.745 409.53 409.228 408.943 408.675 408.28 407.82 407.413 406.908 406.425 405.945 405.573 405.25 405.038 404.7 404.54 404.33 404.003 403.693 403.41 403.088 402.605 402.275 402.005 401.788 401.573 401.35 401.165 400.903
425.593 424.983 424.278 423.995 424.14 423.913 423.378 422.815 422.145 421.44 420.845 420.215 419.628 419.03 418.538 418.048 417.548 417.018 416.518 416.063 415.653 415.25 414.735 414.303 414.085 413.718 414.083 413.1 412.713 412.318 411.87 411.483 411.235 410.993 410.715 410.49 410.33 410.103 409.83 409.623 409.355 408.965 408.695 408.348 407.91 407.485 407.043 406.583 406.088 405.633 405.273 405.098 404.798 404.595 404.4 404.083 403.783 403.505 403.36 402.915 402.388 401.975 401.633 401.39 401.183 401.07 400.96
425.78 425.38 424.658 423.595 423.973 424.06 423.55 422.995 422.283 421.44 420.78 420.248 419.69 419.105 418.655 418.148 417.713 417.143 416.623 416.165 415.728 415.33 414.98 414.488 414.178 413.885 413.768 413.64 412.983 412.49 412.04 411.615 411.288 411.05 410.843 410.628 410.4 410.18 409.903 409.645 409.318 408.963 408.69 408.33 407.95 407.565 407.213 406.723 406.183 405.72 405.395 405.138 404.875 404.668 404.468 404.22 403.908 403.51 403.35 403.14 402.688 402.18 401.73 401.458 401.283 401.163 401.03
426.003 425.603 424.99 424.308 424.275 424.113 423.718 423.13 422.555 421.788 420.983 420.418 419.823 419.27 418.825 418.343 417.893 417.355 416.73 416.198 415.753 415.398 415.215 414.85 414.308 413.985 413.7 414.145 413.19 412.625 412.193 411.745 411.38 411.243 410.963 410.715 410.478 410.245 410.033 409.728 409.4 409.02 408.745 408.35 408.023 407.66 407.333 406.825 406.238 405.76 405.453 405.19 404.965 404.75 404.59 404.45 404.1 403.593 403.218 403.073 402.803 402.44 402.093 401.57 401.428 401.268 401.158
426.163 425.86 425.433 424.848 424.42 424.198 423.848 423.405 422.865 422.135 421.29 420.658 420.083 419.46 418.99 418.5 418.043 417.5 416.843 416.348 415.89 415.575 415.283 414.93 414.618 414.175 413.868 414.09 413.25 412.828 412.383 411.908 411.53 411.305 411.053 410.778 410.53 410.313 410.098 409.878 409.51 409.213 408.858 408.518 408.16 407.775 407.393 406.905 406.298 405.938 405.523 405.338 405.068 404.873 404.695 404.46 404.213 403.805 403.428 403.003 402.848 402.483 402.09 401.72 401.533 401.37 401.203
