20220701_namedtuples/mapdata/sd8775_DSM_2M.asc
ncols 500
nrows 500
xllcorner    387000
yllcorner    475000
cellsize     2
NODATA_value -9999
[rows 180 to 209 of 500, columns 402 to 468 of 500]
371.488 371.248 370.978 370.795 370.573 370.288 369.94 369.63 369.38 369.188 369.023 368.833 368.59 368.453 368.2 368.035 367.84 367.645 367.453 367.2 366.933 366.725 366.438 366.153 365.86 365.44 364.94 364.43 363.943 363.515 363.108 362.478 361.683 361.075 360.368 359.735 358.928 358.163 357.515 356.948 356.385 355.91 355.643 355.383 355.198 354.85 354.493 353.863 353.313 353.16 352.623 352.073 351.778 351.485 351.175 350.895 350.585 350.295 350.03 349.705 349.403 349.053 348.605 348.138 347.708 347.228 346.728
371.645 371.43 371.128 370.933 370.648 370.385 370.093 369.778 369.543 369.343 369.173 368.99 368.723 368.503 368.328 368.13 367.95 367.76 367.555 367.305 367.058 366.823 366.558 366.23 365.963 365.578 365.12 364.583 364.058 363.645 363.253 362.65 361.84 361.155 360.533 359.885 359.103 358.335 357.713 357.148 356.563 356.063 355.748 355.495 355.23 354.925 354.538 353.978 353.52 353.38 352.79 352.233 351.968 351.683 351.288 351.063 350.758 350.455 350.183 349.883 349.548 349.153 348.653 348.285 347.913 347.478 347.015
371.748 371.525 371.28 371.035 370.778 370.47 370.2 369.935 369.7 369.448 369.268 369.11 368.873 368.62 368.42 368.233 368.053 367.863 367.648 367.393 367.15 366.928 366.64 366.3 366.01 365.655 365.18 364.688 364.205 363.745 363.308 362.775 361.985 361.295 360.64 359.98 359.228 358.398 357.823 357.245 356.708 356.225 355.85 355.583 355.318 355.028 354.695 354.118 353.768 353.61 352.99 352.505 352.183 351.868 351.515 351.265 350.98 350.655 350.328 349.94 349.573 349.213 348.825 348.468 348.195 347.805 347.42
371.833 371.673 371.438 371.138 370.875 370.648 370.345 370.063 369.843 369.595 369.368 369.173 368.978 368.745 368.53 368.35 368.168 367.998 367.763 367.51 367.275 366.983 366.703 366.388 366.048 365.675 365.218 364.73 364.305 363.858 363.418 362.953 362.208 361.475 360.778 360.153 359.433 358.665 357.988 357.403 356.833 356.285 355.913 355.653 355.335 355.048 354.73 354.153 353.995 353.873 353.245 352.758 352.413 352.133 351.795 351.48 351.148 350.743 350.4 350.11 349.753 349.408 349.023 348.71 348.478 348.148 347.81
371.988 371.765 371.62 371.433 371.09 370.8 370.543 370.21 369.975 369.728 369.503 369.308 369.1 368.873 368.698 368.46 368.275 368.103 367.908 367.638 367.368 367.09 366.805 366.49 366.145 365.738 365.323 364.878 364.445 364.005 363.593 363.133 362.503 361.705 360.958 360.238 359.563 358.895 358.223 357.573 356.955 356.438 356 355.668 355.375 355.058 354.68 354.373 354.273 354.093 353.458 353.06 352.613 352.238 351.848 351.53 351.208 350.888 350.555 350.28 350.008 349.74 349.38 349.03 348.78 348.458 348.11
372.123 371.963 371.81 371.56 371.223 370.933 370.653 370.403 370.115 369.88 369.688 369.475 369.228 369.008 368.803 368.598 368.418 368.255 368.025 367.77 367.463 367.153 366.893 366.588 366.23 365.843 365.418 365 364.543 364.103 363.75 363.303 362.703 361.953 361.183 360.45 359.758 359.018 358.335 357.65 357.09 356.573 356.103 355.77 355.508 355.22 354.93 354.63 354.533 354.395 353.705 353.183 352.673 352.245 351.91 351.62 351.32 351.048 350.768 350.478 350.235 350.033 349.738 349.328 349.065 348.71 348.355
372.238 372.08 371.95 371.728 371.405 371.178 370.875 370.633 370.303 370.073 369.818 369.553 369.3 369.1 368.898 368.728 368.553 368.34 368.108 367.895 367.628 367.375 366.963 366.638 366.293 365.925 365.53 365.135 364.708 364.303 363.883 363.453 362.858 362.15 361.453 360.72 360.013 359.205 358.515 357.813 357.228 356.678 356.278 355.98 355.643 355.48 355.198 354.895 354.835 354.643 354.023 353.383 352.873 352.355 352.018 351.748 351.508 351.253 351.003 350.755 350.53 350.253 349.96 349.623 349.293 348.935 348.578
372.35 372.255 372.083 372 371.695 371.26 370.928 370.763 370.473 370.263 369.933 369.67 369.393 369.175 368.985 368.808 368.615 368.395 368.218 368.06 367.735 367.375 367.033 366.69 366.343 365.948 365.63 365.253 364.848 364.453 364.055 363.635 363.058 362.358 361.708 360.955 360.198 359.415 358.715 358.055 357.39 356.873 356.463 356.183 355.898 355.61 355.338 355.1 355.038 354.935 354.273 353.683 353.02 352.49 352.173 351.94 351.688 351.47 351.255 351.018 350.763 350.425 350.148 349.84 349.48 349.103 348.745
372.493 372.31 372.19 372.133 371.853 371.418 371.05 370.76 370.503 370.278 370.048 369.815 369.485 369.228 369.028 368.86 368.68 368.45 368.215 367.953 367.688 367.388 367.035 366.718 366.385 366.045 365.728 365.325 364.945 364.56 364.195 363.79 363.203 362.56 361.86 361.148 360.43 359.688 358.988 358.28 357.64 357.07 356.65 356.373 356.13 355.788 355.515 355.27 355.213 355.098 354.523 353.815 353.228 352.703 352.335 352.1 351.848 351.593 351.455 351.205 350.905 350.598 350.285 350.01 349.623 349.243 348.868
372.593 372.42 372.32 372.19 371.923 371.67 371.25 370.85 370.515 370.29 370.09 369.838 369.545 369.263 369.088 368.898 368.695 368.495 368.235 367.943 367.665 367.38 367.083 366.743 366.435 366.103 365.795 365.385 364.985 364.63 364.285 363.853 363.288 362.663 361.98 361.34 360.738 360.015 359.285 358.595 357.9 357.325 356.835 356.51 356.263 355.908 355.658 355.383 355.303 355.163 354.653 353.975 353.375 352.805 352.488 352.23 352.003 351.748 351.538 351.323 351.05 350.713 350.413 350.13 349.743 349.33 348.953
372.625 372.508 372.413 372.228 372.023 371.77 371.423 370.983 370.633 370.313 370.138 369.91 369.59 369.318 369.128 368.955 368.745 368.51 368.273 367.99 367.718 367.42 367.113 366.785 366.478 366.175 365.845 365.468 365.05 364.723 364.375 363.923 363.408 362.808 362.125 361.533 360.915 360.268 359.573 358.898 358.138 357.543 357.058 356.665 356.35 356.063 355.768 355.52 355.435 355.295 354.788 354.18 353.565 352.985 352.6 352.34 352.125 351.888 351.643 351.43 351.16 350.848 350.53 350.268 349.885 349.48 349.06
372.728 372.543 372.395 372.238 372.058 371.755 371.44 371.103 370.773 370.468 370.143 369.945 369.678 369.415 369.26 369.05 368.808 368.583 368.328 368.085 367.715 367.45 367.128 366.805 366.54 366.21 365.905 365.5 365.08 364.748 364.425 363.97 363.47 362.918 362.248 361.715 361.085 360.495 359.878 359.15 358.398 357.763 357.233 356.835 356.498 356.193 355.87 355.613 355.533 355.408 355.135 354.505 353.74 353.148 352.743 352.473 352.225 351.985 351.718 351.488 351.245 350.948 350.673 350.393 350.023 349.623 349.238
372.74 372.575 372.458 372.353 372.15 372.058 371.765 371.328 370.903 370.543 370.213 369.948 369.73 369.435 369.228 369.145 368.945 368.698 368.383 368.088 367.753 367.448 367.133 366.775 366.523 366.22 365.925 365.605 365.158 364.808 364.445 363.993 363.48 362.943 362.345 361.823 361.298 360.758 360.193 359.49 358.723 358.023 357.473 356.968 356.633 356.35 355.97 355.798 355.683 355.665 355.473 354.893 353.97 353.413 352.873 352.573 352.293 352.12 351.83 351.54 351.328 351.09 350.77 350.505 350.163 349.76 349.313
372.8 372.673 372.54 372.425 372.303 372.265 371.94 371.558 371.118 370.815 370.41 370.045 369.803 369.498 369.265 369.128 368.93 368.678 368.383 368.078 367.77 367.428 367.103 366.81 366.503 366.228 365.94 365.645 365.255 364.8 364.438 364 363.54 362.988 362.448 361.948 361.45 360.94 360.395 359.8 359.005 358.253 357.678 357.098 356.745 356.483 356.09 355.925 355.8 355.695 355.613 355.313 354.26 353.545 353.015 352.698 352.405 352.165 351.9 351.673 351.428 351.183 350.913 350.623 350.283 349.888 349.46
372.88 372.748 372.623 372.49 372.358 372.218 371.928 371.62 371.203 370.93 370.47 370.073 369.808 369.548 369.323 369.163 368.963 368.703 368.42 368.108 367.76 367.408 367.108 366.793 366.493 366.233 365.935 365.628 365.19 364.763 364.44 363.98 363.51 363.028 362.52 362.048 361.593 361.08 360.575 360.025 359.215 358.353 357.838 357.278 356.88 356.6 356.238 356.04 355.9 355.678 355.538 355.155 354.298 353.695 353.18 352.82 352.535 352.245 351.988 351.763 351.54 351.295 351.03 350.753 350.448 350.068 349.595
372.948 372.873 372.653 372.453 372.268 372.153 371.923 371.61 371.22 370.893 370.47 370.093 369.83 369.623 369.41 369.203 369.058 368.755 368.485 368.14 367.813 367.465 367.115 366.805 366.515 366.253 365.98 365.685 365.268 364.845 364.515 364.09 363.563 363.03 362.553 362.103 361.68 361.195 360.713 360.12 359.433 358.543 357.978 357.438 356.988 356.813 356.365 356.17 356.01 355.703 355.515 355.433 354.523 353.783 353.27 352.928 352.653 352.355 352.12 351.878 351.673 351.408 351.128 350.873 350.585 350.263 349.765
372.91 372.8 372.623 372.413 372.24 372.065 371.958 371.693 371.328 371.075 370.573 370.168 369.903 369.658 369.473 369.355 369.145 368.845 368.553 368.235 367.928 367.64 367.21 366.788 366.505 366.208 365.933 365.693 365.355 364.935 364.623 364.17 363.645 363.095 362.6 362.155 361.738 361.258 360.803 360.205 359.513 358.823 358.15 357.523 357.153 356.98 356.435 356.308 356.098 355.72 355.45 355.115 354.563 353.94 353.395 353.033 352.78 352.46 352.263 351.993 351.785 351.54 351.285 351 350.72 350.415 349.958
372.923 372.828 372.675 372.415 372.258 372.128 371.958 371.798 371.383 371.003 370.65 370.278 369.965 369.725 369.548 369.35 369.153 368.963 368.583 368.283 368.008 367.8 367.258 366.783 366.473 366.155 365.923 365.713 365.393 365.013 364.688 364.27 363.748 363.225 362.653 362.18 361.815 361.335 360.835 360.258 359.625 359 358.378 357.745 357.285 357.063 356.515 356.435 356.218 355.755 355.478 355.23 354.738 354.083 353.563 353.153 352.878 352.635 352.408 352.155 351.918 351.663 351.415 351.12 350.815 350.518 350.113
372.98 372.87 372.648 372.433 372.278 372.165 372.03 371.775 371.558 371.048 370.675 370.375 370.018 369.74 369.548 369.313 369.135 368.963 368.65 368.323 368.025 367.648 367.24 366.833 366.5 366.213 365.965 365.735 365.478 365.095 364.723 364.34 363.94 363.378 362.803 362.3 361.89 361.445 360.983 360.418 359.913 359.343 358.623 358.083 357.495 357.033 356.613 356.555 356.248 355.758 355.5 355.28 354.898 354.245 353.695 353.315 353.003 352.76 352.528 352.283 352.04 351.78 351.548 351.218 350.903 350.598 350.225
373.018 372.943 372.673 372.498 372.318 372.178 372.088 371.943 371.668 371.225 370.94 370.413 370.06 369.793 369.55 369.345 369.168 368.968 368.668 368.298 367.968 367.62 367.27 366.92 366.58 366.293 366.04 365.828 365.578 365.14 364.74 364.423 364.045 363.525 362.978 362.473 362.05 361.64 361.208 360.698 360.18 359.618 358.88 358.258 357.65 357.115 356.708 356.64 356.35 355.793 355.653 355.435 355.033 354.4 353.833 353.458 353.143 352.888 352.663 352.415 352.173 351.9 351.658 351.34 351.043 350.638 350.235
373.008 372.895 372.72 372.483 372.313 372.208 372.14 371.91 371.658 371.303 370.915 370.543 370.235 370.008 369.643 369.355 369.16 369.025 368.713 368.413 368.053 367.718 367.345 367.018 366.715 366.42 366.138 365.923 365.7 365.338 364.875 364.5 364.15 363.675 363.195 362.678 362.2 361.828 361.453 360.91 360.405 359.87 359.17 358.513 357.855 357.218 356.83 356.765 356.325 355.85 355.78 355.515 355.225 354.6 353.965 353.638 353.333 353.058 352.805 352.558 352.305 352.033 351.748 351.42 351.075 350.645 350.22
372.993 372.865 372.74 372.505 372.365 372.255 372.14 371.945 371.683 371.34 371.173 370.758 370.423 370.125 369.57 369.348 369.168 369.008 368.768 368.49 368.178 367.83 367.458 367.135 366.878 366.568 366.288 366.048 365.778 365.418 365.015 364.655 364.29 363.88 363.478 362.975 362.423 362.018 361.613 361.133 360.615 360.08 359.438 358.67 358.058 357.368 356.968 356.863 356.408 355.973 355.688 355.513 355.275 354.745 354.158 353.833 353.505 353.233 352.943 352.703 352.41 352.135 351.79 351.435 351.053 350.658 350.258
373.105 372.845 372.74 372.685 372.423 372.298 372.205 372.008 371.72 371.575 371.055 370.623 370.303 370.17 369.603 369.345 369.175 369.045 368.875 368.603 368.325 367.98 367.633 367.303 367.023 366.75 366.478 366.223 365.915 365.625 365.19 364.788 364.485 364.165 363.76 363.308 362.738 362.205 361.75 361.343 360.768 360.203 359.64 358.74 358.13 357.558 357.12 357.005 356.573 356.093 355.813 355.5 355.248 354.788 354.375 354.015 353.658 353.375 353.103 352.793 352.463 352.145 351.83 351.448 351.08 350.658 350.3
373.203 372.918 372.763 372.688 372.52 372.335 372.253 372.08 371.813 371.658 371.43 370.71 370.43 370.08 369.713 369.453 369.26 369.155 368.96 368.793 368.56 368.288 367.93 367.515 367.193 366.933 366.653 366.403 366.1 365.823 365.455 365.053 364.71 364.41 364.09 363.668 363.063 362.473 361.943 361.523 360.983 360.37 359.793 358.933 358.12 357.55 357.288 357.143 356.745 356.278 355.993 355.54 355.313 355.043 354.685 354.268 353.818 353.47 353.15 352.86 352.52 352.203 351.878 351.543 351.153 350.738 350.31
373.373 373.073 372.758 372.703 372.565 372.425 372.318 372.215 371.963 371.758 371.51 370.97 370.528 370.108 369.873 369.648 369.418 369.238 369.068 368.918 368.823 368.588 368.193 367.768 367.37 367.065 366.788 366.573 366.3 366.013 365.693 365.35 364.975 364.648 364.35 363.98 363.345 362.675 362.145 361.72 361.195 360.538 359.97 359.153 358.17 357.59 357.465 357.245 356.75 356.368 356.01 355.715 355.485 355.325 354.958 354.455 353.958 353.573 353.268 352.945 352.615 352.253 351.935 351.63 351.245 350.785 350.305
373.455 373.11 372.84 372.758 372.675 372.508 372.358 372.225 371.975 371.733 371.418 371.158 370.668 370.285 370.06 369.785 369.558 369.355 369.23 369.025 368.863 368.688 368.398 367.983 367.58 367.24 366.99 366.753 366.528 366.263 365.965 365.605 365.253 364.883 364.545 364.12 363.515 362.853 362.285 361.88 361.38 360.743 360.148 359.228 358.173 357.738 357.715 357.43 356.685 356.283 356.095 355.903 355.658 355.51 355.158 354.643 354.155 353.673 353.34 353.04 352.703 352.37 352.013 351.715 351.338 350.828 350.363
373.663 373.198 372.98 372.793 372.723 372.518 372.363 372.235 372.23 371.888 371.575 371.26 370.833 370.433 370.135 369.913 369.713 369.495 369.488 369.165 368.935 368.723 368.485 368.083 367.733 367.45 367.19 366.955 366.658 366.435 366.15 365.838 365.518 365.105 364.705 364.228 363.653 363.028 362.43 361.988 361.518 360.945 360.325 359.343 358.26 357.973 357.923 357.623 356.948 356.545 356.23 356.01 355.82 355.608 355.3 354.758 354.275 353.815 353.45 353.143 352.79 352.435 352.12 351.743 351.363 350.908 350.46
373.843 373.408 373.015 372.85 372.773 372.625 372.43 372.32 372.18 372.05 371.728 371.44 371.008 370.675 370.31 370.105 369.885 369.605 369.418 369.293 369.083 368.823 368.588 368.265 367.945 367.618 367.358 367.12 366.828 366.59 366.305 366.005 365.7 365.32 364.873 364.413 363.87 363.218 362.553 362.068 361.653 361.093 360.295 359.238 358.435 358.2 358.145 357.813 357.08 356.673 356.365 356.055 355.898 355.69 355.34 354.885 354.4 353.968 353.55 353.225 352.898 352.51 352.168 351.765 351.433 351.023 350.55
373.903 373.518 373.143 372.948 372.858 372.758 372.523 372.423 372.263 372.085 371.873 371.598 371.185 370.8 370.445 370.25 369.95 369.72 369.51 369.373 369.17 368.975 368.788 368.42 368.125 367.818 367.54 367.3 367.053 366.78 366.503 366.2 365.89 365.525 365.09 364.635 364.013 363.408 362.763 362.205 361.763 361.29 360.348 359.243 358.638 358.458 358.425 357.948 357.193 356.795 356.44 356.14 355.89 355.708 355.425 355.008 354.53 354.055 353.675 353.343 353.003 352.625 352.215 351.845 351.453 351.048 350.568
374 373.73 373.305 373.035 372.91 372.828 372.635 372.51 372.405 372.208 371.97 371.688 371.31 370.98 370.588 370.368 370.075 369.84 369.64 369.48 369.323 369.153 368.898 368.64 368.355 368.003 367.705 367.453 367.22 366.943 366.67 366.37 366.085 365.73 365.328 364.825 364.233 363.598 362.973 362.358 361.95 361.495 360.538 359.413 358.845 358.728 358.655 358.17 357.285 356.87 356.53 356.22 355.933 355.775 355.503 355.14 354.623 354.185 353.79 353.405 353.083 352.718 352.278 351.923 351.505 351.095 350.615
