20220701_namedtuples/mapdata/sd8779_DSM_2M.asc
ncols 500
nrows 500
xllcorner    387000
yllcorner    479000
cellsize     2
NODATA_value -9999
[rows 116 to 144 of 500, columns 134 to 200 of 500]
397.051 397.233 397.221 397.266 398.883 394.656 397.748 395.543 395.138 400.823 400.353 397.038 397.893 400.481 397.633 389.996 393.138 396.593 396.236 391.711 394.168 398.251 396.393 392.913 390.418 388.436 388.348 388.316 388.151 388.158 387.996 388.068 388.073 388.031 387.988 387.948 387.913 387.898 387.886 387.933 387.981 388.056 388.113 388.203 388.203 388.323 388.331 388.351 388.403 388.578 388.581 388.663 388.771 388.866 388.896 388.858 388.908 388.911 388.923 388.931 388.868 388.873 388.938 389.026 389.021 389.063 388.948
397.343 396.471 395.701 391.871 398.431 395.896 393.428 398.361 396.763 397.918 397.198 397.141 400.408 400.823 398.243 390.808 389.556 397.723 400.256 396.876 390.083 397.231 397.751 396.448 390.433 388.516 388.468 388.436 388.566 388.351 388.211 388.288 388.328 388.353 388.283 388.173 388.148 388.116 388.128 388.153 388.193 388.321 388.446 388.513 388.518 388.541 388.543 388.641 388.733 388.828 388.846 388.976 389.051 389.061 389.078 389.113 389.146 389.191 389.138 389.151 389.128 389.128 389.141 389.173 389.248 389.258 389.153
398.631 397.033 399.168 396.023 400.466 398.051 394.183 392.173 396.008 399.406 396.401 398.668 399.931 401.148 399.556 392.666 390.508 398.246 400.456 397.113 391.516 396.276 398.316 396.896 396.401 389.651 388.868 388.813 388.796 388.606 388.551 388.526 388.541 388.506 388.456 388.396 388.393 388.368 388.383 388.443 388.536 388.663 388.856 388.788 388.768 388.828 388.883 388.961 389.048 389.113 389.226 389.201 389.273 389.248 389.258 389.271 389.353 389.328 389.338 389.288 389.301 389.358 389.346 389.388 389.483 389.476 389.408
401.176 400.096 396.976 399.496 400.033 400.396 399.018 397.291 395.431 400.723 399.841 397.551 398.788 400.238 399.911 394.608 392.821 398.611 400.496 393.693 389.736 393.113 397.493 398.426 395.206 389.323 389.183 389.196 389.046 388.813 388.743 388.721 388.693 388.686 388.711 388.701 388.708 388.753 388.781 388.873 388.896 388.921 388.908 388.956 388.996 389.106 389.128 389.268 389.386 389.401 389.451 389.503 389.486 389.503 389.521 389.523 389.541 389.583 389.591 389.623 389.556 389.568 389.611 389.698 389.678 389.718 389.716
398.103 400.063 397.416 399.951 398.586 401.521 401.123 398.263 401.186 400.696 398.536 398.896 399.763 400.048 401.118 395.773 393.801 398.926 401.566 399.271 391.761 390.368 393.036 399.616 394.296 389.631 389.561 389.661 389.246 389.083 389.031 388.996 388.893 388.891 388.928 388.968 389.028 389.048 389.176 389.163 389.143 389.123 389.208 389.251 389.306 389.343 389.486 389.541 389.586 389.673 389.688 389.748 389.751 389.746 389.841 389.781 389.806 389.831 389.916 390.001 389.983 389.943 389.921 389.936 389.946 390.001 389.966
400.861 397.163 400.943 400.258 399.381 399.506 400.151 400.526 400.661 396.371 397.151 400.436 398.876 398.328 401.901 397.776 393.713 399.566 401.748 399.761 396.663 398.221 394.766 395.173 392.623 389.878 389.813 389.918 389.556 389.376 389.291 389.271 389.221 389.156 389.158 389.228 389.343 389.466 389.366 389.446 389.541 389.623 389.541 389.498 389.578 389.703 389.731 389.821 389.861 389.886 389.966 390.038 390.023 390.103 390.121 390.228 390.176 390.163 390.238 390.258 390.306 390.306 390.271 390.248 390.248 390.236 390.186
396.238 396.028 397.848 399.108 397.848 399.291 400.818 400.188 401.436 397.456 395.268 396.813 399.033 399.523 400.358 395.938 391.488 395.553 400.978 397.841 396.503 399.871 399.633 398.453 391.631 390.171 390.191 390.133 389.891 389.651 389.616 389.613 389.656 389.596 389.543 389.576 389.581 389.643 389.723 389.746 389.771 389.783 389.801 389.823 389.863 389.896 389.936 390.056 390.176 390.223 390.318 390.366 390.401 390.406 390.476 390.598 390.521 390.581 390.581 390.546 390.536 390.528 390.578 390.556 390.536 390.508 390.453
398.343 400.338 400.463 398.088 399.726 400.453 401.156 399.793 399.366 402.408 401.866 399.626 401.263 403.771 401.558 397.196 391.073 392.211 402.043 400.528 394.718 398.593 398.773 399.223 393.433 390.358 390.461 390.308 390.123 390.011 390.016 389.958 389.951 389.923 389.851 389.731 389.886 389.861 389.868 389.893 389.948 389.943 389.998 390.056 390.131 390.201 390.383 390.383 390.493 390.543 390.573 390.683 390.728 390.693 390.723 390.813 390.781 390.866 390.921 390.798 390.746 390.746 390.791 390.783 390.786 390.736 390.663
400.058 400.061 399.813 400.151 399.426 398.831 401.863 401.598 395.891 403.533 402.178 400.138 402.926 404.008 402.998 400.921 397.673 394.403 400.558 400.361 396.186 395.183 401.211 398.291 391.651 390.498 390.623 390.478 390.338 390.231 390.201 390.203 390.081 390.073 390.096 390.053 389.958 389.911 389.936 389.941 389.993 390.088 390.191 390.278 390.383 390.416 390.541 390.603 390.766 390.768 390.913 390.968 390.968 390.981 390.943 391.026 391.118 391.138 391.203 391.168 391.121 391.113 391.191 391.136 390.986 390.898 390.983
396.863 398.366 397.603 398.578 401.433 401.378 400.543 401.486 402.331 403.928 401.893 398.356 396.593 397.323 400.621 403.121 400.968 397.823 401.443 402.481 397.368 395.411 398.883 397.248 390.826 390.688 390.911 390.643 390.551 390.481 390.421 390.298 390.281 390.338 390.281 390.143 389.993 389.971 389.946 389.991 390.061 390.163 390.346 390.446 390.518 390.621 390.713 390.778 390.908 391.016 391.158 391.258 391.283 391.448 391.391 391.448 391.456 391.466 391.456 391.458 391.456 391.396 391.358 391.358 391.313 391.261 391.253
397.733 397.898 399.583 398.546 401.993 401.673 401.488 402.306 402.651 404.371 403.648 397.918 392.491 393.283 398.028 402.948 399.136 396.123 400.911 402.453 399.233 398.936 393.708 392.398 391.048 390.896 390.981 390.723 390.663 390.666 390.543 390.508 390.708 390.598 390.463 390.278 390.156 390.023 389.841 389.876 390.113 390.311 390.421 390.568 390.711 390.811 390.891 391.026 391.181 391.271 391.473 391.611 391.578 391.743 391.721 391.758 391.763 391.763 391.703 391.601 391.588 391.648 391.631 391.613 391.568 391.538 391.516
398.551 398.548 399.848 397.343 399.826 400.783 401.816 403.458 404.118 405.513 404.883 401.068 391.793 391.293 395.208 397.943 397.933 392.861 400.903 403.051 398.776 396.636 394.013 391.898 391.238 391.131 391.306 390.831 390.813 390.741 390.831 390.856 390.836 390.718 390.591 390.423 390.266 390.058 389.646 389.603 390.256 390.413 390.511 390.668 390.781 390.903 391.028 391.251 391.441 391.558 391.728 391.836 391.956 392.021 392.008 392.011 391.983 391.881 391.868 391.921 391.906 391.843 391.793 391.806 391.813 391.781 391.711
392.626 396.846 400.763 399.648 399.718 401.956 402.506 403.693 402.203 404.306 404.573 402.663 393.588 392.236 393.313 398.206 401.591 393.538 400.028 402.643 400.438 402.443 401.863 395.363 391.631 391.653 391.741 391.363 391.218 390.993 391.066 391.103 391.011 390.848 390.803 390.658 390.548 390.498 390.323 390.283 390.423 390.528 390.668 390.808 390.896 390.978 391.053 391.228 391.593 391.791 391.928 392.053 392.236 392.273 392.271 392.131 392.096 392.143 392.143 392.126 392.148 392.106 392.058 392.048 392.033 392.058 391.993
397.628 398.996 400.611 404.053 402.843 402.953 401.173 402.691 400.781 401.913 404.578 402.588 393.826 393.788 395.148 399.893 403.176 399.571 400.053 403.498 402.643 402.653 400.231 394.208 392.028 392.071 391.881 391.923 391.603 391.423 391.321 391.293 391.301 391.203 391.191 391.093 391.011 390.966 390.876 390.721 390.788 390.823 390.898 390.968 390.996 391.066 391.091 391.278 391.733 391.908 392.111 392.248 392.391 392.421 392.383 392.408 392.373 392.371 392.328 392.318 392.291 392.308 392.288 392.368 392.338 392.286 392.163
400.516 403.193 401.748 403.356 404.383 403.701 401.586 401.288 404.146 399.606 403.548 401.883 401.711 395.618 396.186 402.448 403.536 400.098 398.516 402.766 401.136 400.088 398.663 394.428 392.448 392.511 392.188 391.953 391.828 391.756 391.563 391.483 391.501 391.481 391.481 391.471 391.356 391.276 391.153 390.998 390.953 391.021 391.048 391.083 391.113 391.148 391.236 391.571 392.018 392.233 392.346 392.358 392.436 392.618 392.666 392.563 392.538 392.533 392.523 392.478 392.503 392.568 392.578 392.528 392.501 392.481 392.421
401.813 405.538 404.746 404.446 404.481 404.251 404.078 405.051 405.923 400.238 399.878 398.078 402.728 402.288 400.761 400.623 400.933 398.363 398.386 401.666 398.826 396.521 396.046 393.978 392.873 393.026 392.328 392.133 392.041 392.003 391.826 391.661 391.666 391.658 391.666 391.681 391.613 391.491 391.383 391.218 391.123 391.141 391.163 391.188 391.243 391.308 391.508 391.921 392.271 392.461 392.486 392.658 392.681 392.716 392.781 392.741 392.778 392.708 392.688 392.711 392.763 392.766 392.773 392.741 392.711 392.661 392.573
401.526 405.316 405.308 404.811 404.358 404.781 404.603 402.663 402.353 403.783 402.803 398.411 403.623 404.286 403.888 403.683 397.191 394.848 398.766 402.546 401.928 403.031 396.258 393.173 393.076 393.018 392.478 392.293 392.196 392.146 391.978 391.878 391.893 391.873 391.858 391.863 391.843 391.751 391.631 391.478 391.388 391.366 391.483 391.506 391.541 391.696 391.861 392.168 392.501 392.701 392.941 392.971 392.881 392.858 392.873 392.896 392.943 392.911 392.898 392.898 392.938 392.948 392.971 392.941 392.876 392.856 392.788
396.991 404.006 405.311 404.281 405.493 404.501 404.713 402.928 401.651 404.456 404.571 400.706 403.113 404.606 404.641 400.808 398.961 394.103 398.603 403.226 403.976 400.266 394.958 393.518 393.343 393.186 392.823 392.491 392.348 392.321 392.186 392.078 391.978 391.981 391.978 392.016 392.041 391.988 391.913 391.876 391.883 391.941 391.998 391.961 392.046 392.143 392.288 392.638 392.686 393.021 393.161 393.176 393.168 393.106 393.066 393.131 393.156 393.098 393.111 393.116 393.101 393.141 393.121 393.128 393.088 392.983 392.991
395.558 402.166 405.956 403.736 404.413 399.158 404.671 403.458 402.833 404.611 406.428 403.703 403.526 403.418 403.671 404.421 401.571 396.931 399.833 403.286 403.458 401.011 394.258 393.828 393.676 393.401 393.133 392.686 392.546 392.471 392.383 392.256 392.131 392.118 392.133 392.198 392.243 392.283 392.443 392.383 392.408 392.451 392.418 392.381 392.438 392.661 392.776 392.843 393.056 393.228 393.301 393.308 393.313 393.286 393.301 393.326 393.341 393.338 393.338 393.383 393.361 393.293 393.241 393.263 393.216 393.168 393.118
394.788 401.778 404.396 405.553 404.786 401.508 404.626 403.216 404.101 403.928 405.323 406.051 402.356 401.448 404.381 404.991 401.676 396.928 400.163 402.903 401.813 398.558 394.226 394.138 393.898 393.706 393.356 393.081 392.881 392.806 392.843 392.623 392.481 392.396 392.426 392.483 392.498 392.686 392.821 392.873 392.868 392.901 392.891 392.856 392.861 392.886 393.028 393.228 393.293 393.358 393.471 393.468 393.416 393.431 393.436 393.473 393.496 393.528 393.571 393.606 393.516 393.423 393.386 393.353 393.328 393.323 393.293
391.718 399.216 402.668 405.231 404.943 405.551 403.343 405.316 405.966 403.311 402.456 403.633 401.456 400.056 401.008 404.226 402.146 396.191 398.881 400.943 399.161 395.301 394.411 394.328 394.251 394.038 393.736 393.561 393.371 393.338 393.181 393.038 392.953 392.966 392.858 392.843 393.013 393.251 393.211 393.148 393.153 393.081 393.091 393.091 393.141 393.206 393.278 393.393 393.443 393.513 393.593 393.631 393.591 393.636 393.641 393.608 393.613 393.671 393.733 393.738 393.676 393.658 393.603 393.573 393.548 393.453 393.456
392.323 397.906 403.278 405.148 404.998 405.321 404.976 403.821 404.153 403.401 403.011 404.251 404.848 402.503 400.323 404.003 402.318 395.781 395.018 396.396 395.256 394.688 394.608 394.513 394.596 394.241 394.061 394.016 393.873 393.703 393.601 393.476 393.423 393.371 393.371 393.341 393.383 393.466 393.401 393.373 393.383 393.403 393.383 393.411 393.443 393.471 393.553 393.571 393.603 393.638 393.678 393.741 393.758 393.796 393.788 393.791 393.801 393.826 393.906 393.923 393.978 393.908 393.881 393.821 393.756 393.756 393.691
393.033 399.516 403.691 405.718 406.331 405.758 405.481 404.976 403.163 404.916 405.133 404.486 403.951 403.738 400.626 402.258 401.071 395.328 394.836 394.871 394.838 394.831 394.768 394.678 394.863 394.496 394.383 394.268 394.113 394.031 393.991 393.888 393.751 393.653 393.578 393.618 393.668 393.713 393.691 393.673 393.678 393.706 393.693 393.708 393.686 393.703 393.693 393.728 393.748 393.756 393.776 393.878 393.968 393.936 393.926 393.978 394.026 394.013 394.036 394.038 394.118 394.106 394.036 393.938 393.911 393.893 393.843
393.926 399.476 404.376 405.413 406.013 405.978 406.716 406.016 404.961 404.396 404.228 404.146 402.216 404.293 400.871 400.451 400.673 396.303 395.073 395.091 395.048 394.986 394.916 395.066 394.911 394.678 394.593 394.468 394.366 394.281 394.136 394.033 393.936 393.871 393.821 393.833 393.903 393.883 393.891 393.883 393.898 393.913 393.948 393.903 393.886 393.886 393.826 393.843 393.886 393.876 393.863 394.006 394.116 394.126 394.126 394.158 394.238 394.171 394.176 394.203 394.206 394.228 394.256 394.138 394.003 393.973 393.918
394.853 402.616 405.403 405.581 405.081 405.653 405.576 404.571 404.951 404.468 403.786 404.541 402.808 404.311 400.828 396.953 397.071 395.303 395.256 395.303 395.241 395.181 395.153 395.306 395.008 394.863 394.768 394.666 394.598 394.531 394.456 394.348 394.106 393.991 394.003 394.081 394.078 394.046 394.026 394.041 394.013 393.991 394.003 393.993 394.006 394.016 393.996 393.998 394.031 394.006 394.008 394.091 394.216 394.228 394.303 394.298 394.341 394.333 394.331 394.378 394.386 394.373 394.288 394.321 394.293 394.156 394.058
396.303 402.901 406.281 406.861 408.053 406.543 406.668 404.051 405.228 402.521 402.991 404.041 403.891 402.873 401.273 395.983 395.483 395.466 395.518 395.528 395.406 395.368 395.288 395.348 395.123 394.993 394.936 394.856 394.796 394.648 394.601 394.526 394.393 394.246 394.266 394.268 394.296 394.251 394.188 394.173 394.121 394.068 394.083 394.098 394.118 394.156 394.171 394.163 394.156 394.156 394.156 394.223 394.326 394.353 394.388 394.416 394.458 394.443 394.463 394.528 394.473 394.511 394.521 394.453 394.398 394.343 394.231
394.093 396.768 400.346 406.036 406.161 406.321 406.203 406.543 405.138 405.188 404.168 403.471 404.246 401.658 398.651 395.958 395.756 395.643 395.631 395.598 395.531 395.483 395.411 395.596 395.198 395.168 395.051 394.928 394.881 394.796 394.726 394.636 394.541 394.461 394.406 394.373 394.343 394.363 394.338 394.316 394.273 394.248 394.243 394.288 394.328 394.318 394.296 394.303 394.276 394.326 394.331 394.388 394.476 394.491 394.476 394.496 394.526 394.561 394.661 394.773 394.716 394.738 394.721 394.636 394.601 394.611 394.451
392.798 395.096 401.473 401.743 405.796 406.976 404.728 406.576 406.666 406.256 405.601 402.848 401.791 396.586 395.881 395.921 395.861 395.796 395.743 395.761 395.681 395.626 395.661 395.533 395.406 395.358 395.176 395.013 394.978 394.916 394.846 394.808 394.766 394.656 394.596 394.531 394.518 394.493 394.436 394.396 394.426 394.396 394.403 394.421 394.408 394.418 394.418 394.426 394.471 394.563 394.606 394.596 394.626 394.618 394.661 394.771 394.776 394.776 394.833 394.943 394.998 394.931 394.951 394.868 394.796 394.751 394.631
392.701 395.883 400.771 400.793 403.356 407.523 405.883 408.073 407.288 405.313 407.128 404.476 398.888 396.118 396.083 396.108 396.061 396.023 395.943 395.956 395.848 395.816 395.741 395.611 395.538 395.523 395.366 395.201 395.126 395.061 394.981 394.921 394.931 394.843 394.806 394.678 394.628 394.618 394.576 394.556 394.548 394.526 394.528 394.521 394.511 394.498 394.516 394.573 394.608 394.638 394.743 394.763 394.833 394.836 394.853 394.953 394.936 394.933 394.956 395.008 395.028 395.018 395.043 395.003 394.951 394.856 394.731
