20220701_namedtuples/mapdata/sd8778_DSM_2M.asc
ncols 500
nrows 500
xllcorner    387000
yllcorner    478000
cellsize     2
NODATA_value -9999
[rows 310 to 340 of 500, columns 340 to 407 of 500]
581.679 581.824 581.953 581.936 581.87 581.911 581.91 582.007 582.272 582.368 582.447 582.348 582.138 581.86 581.582 581.489 581.22 580.984 580.796 580.719 580.633 580.428 580.315 580.151 579.914 579.74 579.749 579.897 579.922 579.995 580.076 580.192 580.287 580.343 580.302 580.484 580.492 580.578 580.934 580.908 580.999 581.005 580.809 580.852 580.985 580.99 580.999 580.975 581.015 580.962 580.924 580.95 580.966 581.154 581.295 581.199 581.091 581.056 580.919 580.858 580.803 580.617 580.568 580.595 580.517 580.682 580.919 580.997
581.808 581.915 581.942 581.987 581.843 581.874 581.927 581.884 582.176 582.148 582.048 581.968 581.932 581.747 581.569 581.582 581.385 581.102 580.903 580.759 580.649 580.498 580.38 580.184 580.057 579.919 579.787 579.998 580.002 580.094 580.115 580.306 580.351 580.503 580.497 580.507 580.485 580.578 580.618 580.585 580.738 580.831 580.975 580.975 581.004 581.034 580.924 580.981 580.996 581.002 580.973 580.954 580.975 581.029 581.13 581.09 581.111 581.107 581.042 580.876 580.739 580.646 580.508 580.534 580.594 580.6 580.774 580.752
581.862 581.945 581.853 581.899 581.887 581.898 581.905 581.897 582.031 582.045 581.988 581.953 581.898 581.782 581.631 581.71 581.618 581.221 581.117 580.829 580.654 580.525 580.476 580.288 580.485 580.107 579.932 580.113 580.046 580.222 580.405 580.486 580.595 580.661 580.678 580.649 580.689 580.685 580.675 580.669 580.785 580.834 581.018 581.005 581.022 580.999 580.959 581.032 581.01 580.963 580.901 580.953 580.981 581.056 581.015 580.877 580.823 581.019 581.044 581.175 581.212 580.8 580.566 580.419 580.42 580.43 580.587 580.345
581.71 581.853 581.911 581.891 581.861 581.94 581.866 581.863 581.911 581.878 581.913 581.956 581.988 581.878 581.737 581.559 581.355 581.335 581.157 580.967 580.867 580.813 580.717 580.582 580.286 580.176 580.245 580.354 580.409 580.599 580.677 580.669 580.716 580.713 580.698 580.702 580.744 580.79 580.776 580.786 580.876 580.907 580.994 581.063 581.073 580.973 580.976 581.052 580.966 580.936 580.932 580.872 581.102 581.125 581.07 580.821 580.577 580.544 580.69 580.886 581.336 581.211 580.827 580.495 580.377 580.321 580.307 580.241
581.521 581.674 582.028 581.903 581.825 581.906 581.744 581.816 581.834 581.842 581.934 581.864 581.894 581.886 581.839 581.72 581.39 581.218 581.005 580.932 580.903 580.827 580.739 580.63 580.281 580.192 580.401 580.507 580.614 580.671 580.746 580.72 580.702 580.823 580.782 580.764 580.873 580.865 580.888 580.962 581.071 581.182 581.156 581.205 581.2 581.099 580.996 580.952 581.037 581.102 580.916 580.937 580.896 580.903 580.855 580.667 580.603 580.541 580.524 580.785 580.983 581.229 581.127 580.728 580.395 580.282 580.245 580.235
581.653 581.771 581.815 581.804 581.836 581.852 581.827 581.829 581.842 581.847 581.863 581.898 581.811 581.743 581.76 581.648 581.292 581.082 581.006 580.884 580.909 580.826 580.819 580.671 580.325 580.109 580.523 580.657 580.653 580.791 580.968 580.88 580.891 580.9 580.992 580.967 581.122 581.248 581.308 581.284 581.315 581.449 581.325 581.371 581.409 581.308 581.245 581.178 581.197 581.313 581.098 580.998 580.824 580.882 580.857 580.743 580.74 580.548 580.426 580.696 580.95 581.116 581.006 580.852 580.628 580.397 580.269 580.165
581.708 581.786 581.796 581.816 581.81 581.827 581.782 581.783 581.724 581.729 581.78 581.906 581.736 581.613 581.643 581.575 581.196 581.021 580.914 580.95 580.916 580.882 580.817 580.517 580.519 580.605 580.74 580.83 580.93 580.958 580.995 581.032 581.102 581.123 581.097 581.203 581.245 581.26 581.287 581.421 581.398 581.47 581.52 581.574 581.584 581.533 581.459 581.459 581.413 581.433 581.167 581.077 581.018 580.923 581.199 581.356 581.049 580.834 580.418 580.586 580.873 580.82 580.588 580.375 580.35 580.257 580.172 580.169
581.797 581.868 581.761 581.861 581.782 581.769 581.711 581.772 581.711 581.68 581.736 581.662 581.617 581.528 581.46 581.205 581.138 581.006 580.952 580.921 580.939 580.927 580.785 580.843 580.661 580.87 581.042 581.039 581.279 581.318 581.196 581.16 581.207 581.157 581.088 581.238 581.221 581.289 581.422 581.59 581.591 581.526 581.679 581.737 581.725 581.789 581.754 581.586 581.683 581.447 581.283 581.394 581.569 581.711 581.805 581.847 581.519 580.836 580.704 580.423 580.6 581.025 580.683 580.255 580.172 580.224 580.343 580.218
581.756 581.926 581.77 581.879 581.725 581.707 581.748 581.694 581.598 581.531 581.332 581.239 581.377 581.194 581.065 581.219 581.137 581.115 581.093 581.01 580.997 580.958 580.928 581.21 580.842 581.052 581.312 581.362 581.488 581.466 581.531 581.363 581.241 581.196 581.114 581.29 581.406 581.398 581.592 581.71 581.789 581.779 581.839 581.738 581.892 582.088 582.124 581.984 581.73 581.67 581.434 581.451 581.749 582.066 582.112 581.928 581.727 581.177 580.654 580.484 580.636 580.856 580.634 580.354 580.21 580.337 580.325 580.401
581.803 581.883 581.841 581.848 581.729 581.801 581.795 581.72 581.645 581.581 581.475 581.34 581.305 581.187 580.999 581.113 581.111 581.141 581.158 581.142 581.084 581.052 580.977 581.008 581.181 581.429 581.607 581.804 581.85 581.843 581.853 581.799 581.594 581.393 581.081 581.236 581.444 581.551 581.646 581.826 581.985 581.927 582.025 582.084 582.005 582.103 582.169 581.989 581.732 581.724 581.628 581.544 581.915 582.278 582.082 581.904 581.921 581.457 580.749 580.416 580.461 580.386 580.384 580.269 580.318 580.515 580.67 580.663
582.009 581.973 581.895 581.833 581.75 581.797 581.773 581.737 581.685 581.664 581.599 581.548 581.279 581.1 580.936 581.123 581.186 581.257 581.239 581.299 581.397 581.557 581.467 581.65 581.675 581.831 582.061 582.038 581.991 582.024 582.072 581.942 581.845 581.581 581.433 581.539 581.822 582.097 582.247 582.13 582.158 582.308 582.224 582.2 582.236 582.185 582.212 582.001 581.911 581.885 581.979 582.005 582.053 582.146 582.065 582.011 581.983 581.876 581.569 580.976 580.59 580.651 580.36 580.295 580.414 580.652 580.74 580.653
582.209 582.06 581.902 581.813 581.726 581.709 581.717 581.686 581.717 581.622 581.511 581.423 581.372 581.366 581.501 581.404 581.21 581.226 581.245 581.321 581.481 581.619 581.738 581.796 581.829 581.952 582.13 582.17 582.163 582.153 582.233 582.224 582.004 581.665 581.967 581.829 582.135 582.396 582.562 582.52 582.478 582.49 582.398 582.425 582.429 582.18 582.202 582.107 582.051 582.132 582.193 582.283 582.185 582.126 582.287 582.48 582.129 581.936 581.783 581.36 581.005 580.81 580.877 580.555 580.566 580.79 580.868 580.742
582.475 582.44 582.153 581.782 581.703 581.571 581.522 581.534 581.374 581.432 581.315 581.311 581.326 581.393 581.427 581.369 581.266 581.335 581.424 581.471 581.621 581.799 581.848 581.993 582.136 582.241 582.395 582.426 582.369 582.361 582.528 582.58 582.36 582.471 582.67 582.785 583.192 583.219 583.3 583.42 583.294 583.154 583.142 582.815 582.682 582.542 582.508 582.443 582.173 582.263 582.367 582.366 582.267 582.256 582.387 582.715 582.376 581.995 582.036 581.704 581.451 581.114 580.798 580.382 580.6 580.813 580.974 580.86
582.79 582.725 582.343 581.991 581.796 581.66 581.611 581.484 581.369 581.313 580.988 581.076 581.175 581.334 581.378 581.329 581.4 581.48 581.562 581.576 581.661 581.907 582.37 582.039 582.329 582.506 582.58 582.749 582.744 582.715 582.917 582.939 583.018 583.161 583.458 583.553 583.72 583.923 583.974 583.935 583.79 583.762 583.686 583.323 583.177 583.019 582.808 582.632 582.317 582.442 582.472 582.489 582.376 582.499 582.666 583.041 582.512 582.073 582.104 581.974 581.806 581.358 580.786 580.666 580.409 580.692 580.828 580.842
583.061 582.825 582.71 582.277 581.94 581.752 581.697 581.387 581.395 581.309 580.712 580.818 581.032 581.336 581.385 581.397 581.591 581.888 582.002 581.987 582.044 582.186 582.272 582.343 582.493 582.861 582.944 582.814 582.953 582.922 582.949 583.179 583.327 583.464 583.733 584.05 584.232 584.367 584.374 584.293 584.346 584.177 584.137 583.896 583.831 583.435 583.146 582.871 582.789 582.647 582.665 582.582 582.514 582.79 583.062 583.138 582.677 582.154 581.921 581.866 581.9 581.463 580.805 580.637 580.466 580.602 580.679 580.71
583.366 583.271 583.315 582.924 582.57 582.28 581.96 581.773 581.684 581.341 580.957 580.95 581.381 581.431 581.578 581.962 582.282 582.165 582.303 582.208 582.296 582.612 582.614 582.642 582.945 582.966 582.995 582.973 583.108 583.175 583.339 583.578 583.874 584.135 584.577 584.92 585.025 585.131 585.22 585.235 585.134 585.056 584.969 584.678 584.521 584.428 584.097 583.518 583.213 583.034 582.943 582.766 582.902 583.075 583.14 583.164 582.882 582.484 582.045 581.867 581.734 581.424 581.04 580.721 580.415 580.48 580.607 580.632
583.676 583.458 583.322 583.059 583.06 582.617 582.151 582.007 581.867 581.62 581.475 581.481 581.683 582.084 582.179 582.309 582.414 582.657 582.603 582.311 582.512 582.81 582.703 582.878 583.048 583.328 583.265 583.307 583.428 583.518 583.807 584.336 584.512 584.715 585.349 585.552 585.7 585.697 585.891 585.936 585.911 585.751 585.395 585.167 585.026 584.828 584.545 584.103 583.602 583.428 583.209 582.885 582.94 583.128 583.105 583.108 582.983 582.823 582.247 581.909 581.72 581.333 581.223 580.772 580.589 580.459 580.491 580.58
583.882 583.635 583.389 583.219 583.01 582.822 582.479 582.09 582.022 581.826 581.696 581.799 582.051 582.284 582.677 582.962 583.034 583.072 583.081 582.996 583.393 583.304 583.206 583.191 583.586 583.623 583.608 583.774 583.857 584.255 584.3 584.482 584.842 585.181 585.654 585.986 585.979 586.195 586.261 586.295 586.364 586.265 585.852 585.593 585.558 585.241 584.84 584.457 584.2 584.019 583.551 583.069 582.872 582.953 583.12 583.141 583.061 582.798 582.295 581.848 581.519 581.255 580.987 580.896 580.614 580.552 580.515 580.576
584.033 584.065 583.579 583.37 583.2 582.967 582.643 582.489 582.401 582.134 582.029 582.018 582.389 582.706 582.798 583.229 583.269 583.447 583.485 583.439 583.698 583.604 583.515 583.688 583.937 583.935 583.999 584.105 584.229 584.468 584.775 584.918 585.229 585.585 586.006 586.214 586.496 586.705 586.696 586.747 586.74 586.737 586.702 586.597 586.234 585.722 585.586 585.491 585.053 584.618 584.083 583.84 583.252 582.968 582.923 583.06 583.129 582.951 582.794 582.186 581.869 581.502 581.197 580.967 580.722 580.604 580.574 580.629
584.435 584.364 583.949 583.771 583.608 583.386 583.043 582.631 582.535 582.299 582.261 582.309 582.575 582.809 583.033 583.409 583.399 583.675 583.746 583.773 583.857 583.932 583.8 584.172 584.241 584.206 584.315 584.631 585.003 585.044 585.34 585.559 585.809 586.37 586.556 586.78 586.95 586.945 587.112 587.209 587.207 587.193 587.157 586.999 586.711 586.396 586.083 585.964 585.721 585.277 584.717 584.278 583.508 583.124 582.913 582.98 583.029 583.042 582.818 582.498 582.071 581.608 581.492 581.037 580.86 580.689 580.671 580.632
584.414 584.417 584.182 583.861 583.661 583.368 583.135 582.848 582.624 582.513 582.46 582.57 582.77 582.939 583.251 583.56 583.806 583.953 584.132 584.307 584.428 584.708 584.725 584.767 584.747 584.864 584.934 585.083 585.236 585.415 585.682 585.814 585.978 586.383 586.668 586.852 587.125 587.243 587.343 587.353 587.516 587.435 587.368 587.129 587.185 586.919 586.558 586.331 586.081 585.751 585.237 584.7 584.234 583.675 583.113 582.855 582.829 582.994 582.97 582.772 582.503 582.191 582.136 581.554 581.158 580.889 580.715 580.661
584.462 584.475 584.441 584.022 583.667 583.264 582.901 582.7 582.589 582.66 582.861 583.033 582.942 582.967 583.097 583.718 583.89 584.02 584.28 584.625 584.78 584.893 584.918 584.973 584.964 585.029 585.12 585.45 585.517 585.631 585.84 586.187 586.31 586.614 586.832 587.124 587.237 587.382 587.652 587.793 587.855 587.764 587.665 587.621 587.592 587.354 587.053 586.902 586.582 586.24 585.818 585.271 584.799 584.281 583.674 583.062 582.813 582.645 582.876 582.771 582.71 582.425 581.968 581.633 581.271 580.953 580.745 580.679
584.664 584.402 584.202 583.89 583.58 583.356 583.167 582.914 582.924 582.85 583.008 583.154 583.141 583.255 583.558 583.803 583.961 584.148 584.623 585.066 585.076 585.272 585.239 585.139 585.183 585.194 585.195 585.489 585.63 585.878 586.142 586.279 586.572 586.764 587.033 587.28 587.499 587.712 587.874 587.977 588.029 588.065 588.09 587.986 587.868 587.669 587.506 587.216 586.88 586.65 586.2 585.789 585.265 584.58 583.957 583.3 583.012 582.643 582.596 582.711 582.526 582.408 581.964 581.648 581.493 581.09 580.783 580.686
584.567 584.331 584.091 583.942 583.783 583.666 583.586 583.534 583.26 583.191 583.419 583.282 583.238 583.573 583.773 583.799 584.065 584.121 585.4 584.907 585.175 585.435 585.486 585.449 585.316 585.265 585.431 585.785 585.902 586.08 586.371 586.544 586.771 587.048 587.18 587.347 587.598 587.763 588.001 588.076 588.232 588.323 588.219 588.152 587.986 587.884 587.667 587.333 587.098 586.958 586.569 586.148 585.558 584.59 583.998 583.913 583.227 582.62 582.241 582.385 582.549 582.223 581.814 581.764 581.717 581.336 581.023 580.905
584.487 584.069 583.939 583.977 584.002 583.932 583.977 584.1 584.049 583.961 583.885 583.731 583.559 583.73 584.258 584.392 584.521 584.659 585.407 585.272 585.504 585.759 585.7 585.616 585.725 585.707 585.969 586.087 586.265 586.504 586.56 586.792 587.039 587.314 587.583 587.593 587.842 588.02 588.156 588.36 588.506 588.477 588.449 588.42 588.317 588.204 588.043 587.834 587.499 587.232 586.859 586.463 586.341 585.645 584.823 584.422 583.615 583.033 582.56 582.278 582.321 582.341 582.075 581.805 581.576 581.495 581.125 580.901
584.248 583.984 583.968 583.97 583.943 583.979 584.038 584.234 584.493 584.503 584.306 584.098 583.949 584.056 584.263 584.477 584.627 584.904 585.282 585.404 585.495 585.945 585.949 585.736 586.07 586.085 586.149 586.305 586.461 586.655 586.969 587.093 587.315 587.646 587.799 588.034 588.114 588.33 588.64 588.747 588.759 588.781 588.793 588.656 588.789 588.551 588.334 588.311 587.881 587.537 587.176 586.892 586.621 586.069 585.454 584.473 583.96 583.543 582.867 582.24 582.234 582.318 582.213 581.799 581.61 581.59 581.286 580.927
584.052 583.974 583.869 583.874 584.017 584.065 584.24 584.396 584.696 584.684 584.463 584.358 584.273 584.387 584.312 584.52 584.798 585.263 585.396 585.562 585.852 586.366 586.267 586.255 586.331 586.351 586.379 586.352 586.645 587.026 587.049 587.349 587.55 587.826 587.972 588.047 588.234 588.475 588.678 588.814 588.918 588.896 589.016 588.973 588.986 588.814 588.692 588.417 587.993 587.688 587.393 587.237 586.839 586.308 585.757 584.988 584.471 583.91 583.022 582.344 582.04 582.188 582.169 581.749 581.634 581.667 581.295 580.915
583.97 583.947 583.813 583.819 584.089 584.148 584.443 584.59 584.857 584.824 584.623 584.595 584.681 584.617 584.684 584.781 585.678 585.539 585.612 585.815 585.97 586.216 586.275 586.301 586.328 586.364 586.506 586.593 586.658 587.053 587.359 587.496 587.674 587.901 588.098 588.326 588.481 588.714 588.93 588.935 589.109 589.256 589.317 589.348 589.331 589.295 589.033 588.935 588.895 588.345 587.877 587.551 587.276 586.798 586.299 585.678 584.987 584.139 583.685 582.801 582.069 582.017 582.213 581.772 581.699 581.458 581.111 580.938
583.678 583.963 584.059 584.014 584.116 584.065 584.095 584.463 584.61 584.765 584.643 584.449 584.474 584.723 584.835 585.068 585.523 585.627 585.632 585.819 585.935 586.04 586.3 586.362 586.331 586.341 586.604 586.65 586.709 587.076 587.572 587.615 587.933 588.165 588.447 588.583 588.903 589.02 589.048 589.168 589.317 589.485 589.594 589.63 589.642 589.595 589.432 589.15 588.936 588.679 588.123 587.694 587.418 587.045 586.532 585.944 585.246 584.647 583.763 583.053 582.174 582.047 582.116 581.983 581.728 581.385 581.041 580.855
583.656 583.837 584.147 584.224 584.401 584.39 584.259 584.274 584.518 584.722 584.628 584.458 584.326 584.825 585.041 585.266 585.66 585.657 585.758 585.829 585.942 586.219 586.433 586.456 586.697 586.746 586.77 586.825 587.134 587.485 587.671 587.947 588.101 588.228 588.511 588.867 589.004 589.039 589.106 589.215 589.356 589.559 589.662 589.796 589.872 589.853 589.707 589.316 589.014 588.672 588.269 587.859 587.596 587.221 586.731 586.078 585.413 584.941 584.018 583.093 582.42 582.118 582.421 582.322 582.024 581.723 581.016 580.89
583.681 583.828 584.248 584.326 584.733 584.697 584.405 584.119 584.301 584.888 584.848 584.586 584.743 585.124 584.963 585.772 585.657 585.761 585.888 586.185 586.226 586.344 586.443 586.551 586.754 586.856 586.89 586.973 587.25 587.578 587.756 587.995 588.126 588.247 588.629 588.99 589.096 589.042 589.213 589.325 589.433 589.585 589.857 589.986 590.138 590.048 589.929 589.751 589.376 589.103 588.626 588.257 587.941 587.523 587.09 586.516 585.871 585.395 584.554 583.562 582.616 582.385 582.586 582.37 582.159 581.898 581.312 580.94
