20220701_namedtuples/mapdata/sd8779_DSM_2M.asc
ncols 500
nrows 500
xllcorner    387000
yllcorner    479000
cellsize     2
NODATA_value -9999
[rows 406 to 434 of 500, columns 0 to 66 of 500]
475.114 475.094 475.034 475.081 475.009 475.036 475.076 474.984 474.879 474.659 474.491 474.511 474.196 473.606 473.174 473.011 473.101 473.341 473.309 473.246 473.106 473.009 473.031 472.966 472.949 472.986 473.049 472.974 472.826 472.881 472.844 472.966 473.011 472.889 472.994 472.934 472.969 472.939 472.821 472.761 472.614 472.574 472.529 472.446 472.389 472.276 472.006 471.954 471.816 471.819 471.701 471.646 471.636 471.541 471.524 471.384 471.291 471.106 470.829 470.599 470.479 470.414 470.116 469.939 469.941 469.871 469.659
475.614 475.321 475.269 475.406 475.386 475.384 475.404 475.266 475.111 474.999 474.906 474.966 474.711 474.141 473.689 473.354 473.264 473.666 473.814 473.691 473.519 473.341 473.334 473.224 473.204 473.196 473.304 473.206 473.206 473.181 473.254 473.276 473.289 473.289 473.214 473.289 473.389 473.331 473.161 473.014 472.939 472.931 472.904 472.884 472.829 472.634 472.386 472.189 472.096 472.071 472.004 471.861 471.894 471.784 471.691 471.564 471.384 471.266 471.044 470.736 470.614 470.566 470.396 470.164 470.201 470.236 470.019
476.001 475.796 475.544 475.814 475.734 475.671 475.624 475.641 475.444 475.256 475.156 475.091 474.986 474.719 474.321 473.681 473.566 473.946 473.974 474.011 473.846 473.676 473.691 473.631 473.564 473.541 473.664 473.581 473.479 473.446 473.481 473.616 473.571 473.776 473.644 473.551 473.634 473.561 473.421 473.344 473.266 473.196 473.261 473.239 473.159 472.939 472.851 472.496 472.396 472.309 472.214 472.104 472.021 471.979 471.881 471.749 471.596 471.504 471.196 470.944 470.886 470.774 470.586 470.564 470.386 470.556 470.444
476.251 476.249 476.146 476.121 476.029 475.976 475.949 475.879 475.739 475.549 475.374 475.334 475.169 475.056 474.574 474.104 474.044 474.194 474.236 474.236 474.124 474.031 473.969 474.026 474.109 474.011 474.024 473.999 473.934 473.844 473.801 473.886 473.996 474.079 474.001 473.851 473.794 473.826 473.764 473.661 473.559 473.586 473.541 473.544 473.431 473.204 473.061 472.851 472.711 472.651 472.514 472.374 472.296 472.189 472.191 472.024 471.901 471.744 471.579 471.164 471.221 470.941 470.809 470.829 470.779 470.671 470.696
476.509 476.551 476.421 476.324 476.264 476.266 476.136 476.034 475.774 475.656 475.521 475.494 475.369 475.181 474.846 474.466 474.391 474.461 474.434 474.451 474.514 474.436 474.356 474.444 474.494 474.549 474.396 474.294 474.244 474.189 474.261 474.426 474.299 474.224 474.251 474.029 473.926 474.031 474.089 474.159 474.149 474.094 473.901 473.811 473.756 473.591 473.421 473.236 473.036 472.931 472.916 472.699 472.674 472.544 472.451 472.371 472.301 472.064 471.991 471.744 471.604 471.086 470.961 471.069 471.126 470.964 470.894
476.834 476.751 476.681 476.611 476.644 476.574 476.304 476.174 476.001 475.819 475.666 475.584 475.511 475.244 474.786 474.734 474.676 474.759 474.741 474.751 474.844 474.759 474.729 474.806 474.826 474.839 474.879 474.824 474.694 474.529 474.591 474.666 474.726 474.621 474.391 474.131 474.224 474.389 474.436 474.574 474.564 474.439 474.264 474.201 474.271 474.181 473.776 473.556 473.451 473.336 473.209 473.024 472.956 472.734 472.684 472.609 472.464 472.339 472.209 472.216 471.944 471.309 471.176 471.384 471.371 471.289 471.196
477.229 477.329 477.211 477.126 476.959 476.951 476.571 476.374 476.414 476.151 475.904 476.019 476.104 475.576 475.136 474.969 475.069 475.094 475.004 475.101 475.184 475.166 475.131 475.154 475.136 475.154 475.216 475.264 475.281 475.206 475.106 475.051 475.056 474.941 474.736 474.684 474.776 474.771 474.801 474.849 474.901 474.824 474.791 474.581 474.659 474.596 474.264 474.009 473.864 473.811 473.619 473.346 473.281 473.051 472.799 472.756 472.634 472.456 472.389 472.361 472.019 471.576 471.554 471.596 471.641 471.744 471.759
477.664 477.629 477.646 477.649 477.556 477.366 477.086 476.944 476.686 476.716 476.684 476.689 476.459 475.841 475.381 475.231 475.289 475.281 475.244 475.349 475.434 475.469 475.479 475.511 475.494 475.536 475.521 475.544 475.664 475.616 475.529 475.369 475.269 475.216 475.041 475.036 475.071 475.176 475.201 475.194 475.224 475.261 475.206 475.021 475.166 474.899 474.659 474.399 474.224 474.141 473.934 473.731 473.616 473.159 472.906 472.816 472.786 472.624 472.604 472.591 472.421 472.316 472.021 471.829 471.956 472.146 472.159
477.996 478.046 477.959 477.896 477.944 477.769 477.481 477.329 477.324 477.166 477.139 477.021 476.761 476.169 475.709 475.354 475.611 475.826 475.676 475.749 475.894 475.831 475.794 475.879 475.944 475.976 475.939 475.919 476.046 476.044 475.921 475.751 475.656 475.551 475.336 475.199 475.381 475.649 475.536 475.519 475.551 475.576 475.604 475.316 475.209 475.206 475.084 474.711 474.589 474.499 474.254 474.074 473.749 473.354 473.294 473.136 473.016 472.859 472.934 472.851 472.831 472.789 472.591 472.129 472.139 472.406 472.454
478.216 478.281 478.264 478.224 478.256 478.106 477.836 477.526 477.454 477.396 477.291 477.174 477.009 476.494 476.124 476.059 476.236 476.291 476.226 476.231 476.151 476.306 476.216 476.221 476.286 476.344 476.301 476.281 476.341 476.294 476.291 476.161 476.059 475.866 475.779 475.561 475.554 475.994 475.986 475.804 475.801 475.819 475.826 475.696 475.521 475.439 475.319 475.059 474.946 474.769 474.531 474.379 474.196 473.654 473.499 473.359 473.284 473.171 473.126 473.069 473.141 472.741 472.384 472.184 472.281 472.729 472.871
478.489 478.376 478.654 478.624 478.534 478.536 478.374 478.029 477.694 477.669 477.619 477.424 477.046 476.829 476.776 476.816 476.811 476.774 476.691 476.581 476.531 476.549 476.514 476.581 476.604 476.644 476.609 476.651 476.609 476.564 476.534 476.391 476.286 476.196 476.106 475.856 475.739 476.341 476.301 476.161 476.121 476.109 476.081 476.084 476.091 476.046 475.736 475.399 475.114 474.986 474.879 474.639 474.429 474.051 473.819 473.679 473.581 473.479 473.486 473.524 473.314 472.679 472.409 472.259 472.316 473.081 473.296
478.834 478.914 479.146 478.921 478.826 478.891 478.721 478.574 478.309 478.141 477.846 477.609 477.134 477.051 477.094 477.211 477.179 477.111 476.979 476.791 476.894 476.901 476.861 476.871 476.896 476.916 476.896 476.966 476.944 476.996 477.016 476.784 476.609 476.611 476.424 476.186 476.001 476.534 476.821 476.871 476.519 476.429 476.389 476.411 476.471 476.441 475.944 475.824 475.531 475.236 475.166 475.001 474.541 474.214 474.111 473.999 473.881 473.861 473.886 473.964 473.654 473.054 472.776 472.694 472.771 473.504 473.569
479.179 479.321 479.499 479.366 479.234 479.201 479.091 478.916 478.741 478.669 478.316 477.956 477.196 477.064 477.606 477.654 477.536 477.396 477.239 477.044 477.251 477.309 477.391 477.254 477.239 477.171 477.201 477.209 477.251 477.309 477.341 477.111 476.924 476.814 476.666 476.464 476.694 476.854 477.191 477.116 477.144 476.876 476.746 476.796 476.734 476.679 476.456 476.166 475.861 475.614 475.441 475.269 475.076 474.796 474.496 474.389 474.309 474.436 474.409 474.161 473.924 473.456 473.166 473.159 473.159 473.851 473.889
479.796 479.964 479.791 479.626 479.649 479.611 479.411 479.184 479.086 478.866 478.696 478.306 477.496 477.699 477.981 477.944 477.879 477.791 477.556 477.591 477.569 477.599 477.619 477.569 477.541 477.501 477.504 477.479 477.504 477.559 477.616 477.469 477.206 476.959 476.789 476.676 476.979 477.281 477.414 477.464 477.521 477.411 477.324 477.319 477.156 476.901 476.719 476.449 476.279 476.094 475.736 475.501 475.476 475.304 474.959 474.799 474.789 474.879 474.751 474.401 474.104 473.754 473.511 473.509 473.674 474.151 474.221
480.196 480.236 480.104 479.924 479.941 479.919 479.676 479.511 479.219 479.069 478.779 478.014 478.069 478.471 478.389 478.324 478.209 478.246 478.229 478.131 477.949 477.921 477.919 477.884 477.886 477.839 477.881 477.856 477.816 477.761 477.674 477.681 477.264 477.216 477.281 477.271 477.366 477.484 477.766 477.881 477.819 477.696 477.616 477.656 477.396 477.154 476.991 476.726 476.551 476.356 475.956 475.769 475.744 475.514 475.401 475.304 475.151 475.071 474.974 474.701 474.349 474.054 473.894 473.969 474.171 474.361 474.489
480.359 480.474 480.339 480.269 480.199 480.234 480.041 479.789 479.414 479.136 478.661 478.599 478.896 478.794 478.744 478.716 478.676 478.529 478.556 478.494 478.364 478.224 478.231 478.231 478.201 478.091 478.066 478.094 478.191 478.081 478.186 477.996 477.631 477.599 477.609 477.699 477.826 477.784 478.016 478.119 478.106 477.926 477.876 477.869 477.626 477.404 477.194 476.976 476.821 476.681 476.319 476.009 475.869 475.781 475.624 475.479 475.366 475.294 475.086 474.746 474.546 474.419 474.366 474.461 474.524 474.571 474.671
480.871 480.771 480.621 480.624 480.554 480.494 480.349 480.091 479.294 478.739 479.071 479.436 479.324 479.286 479.196 479.166 479.026 478.999 478.906 478.879 478.821 478.654 478.621 478.609 478.591 478.581 478.486 478.361 478.416 478.529 478.666 478.434 478.016 477.931 478.039 478.046 477.984 478.126 478.241 478.301 478.294 478.194 478.089 477.969 477.834 477.644 477.491 477.386 477.149 476.891 476.764 476.571 476.311 476.104 475.961 475.829 475.704 475.504 475.306 475.086 474.896 474.859 474.886 474.864 474.839 474.811 474.789
481.266 481.119 481.074 481.109 480.901 480.809 480.524 480.351 479.511 479.239 479.794 479.671 479.649 479.674 479.701 479.586 479.454 479.391 479.321 479.234 479.079 479.041 479.006 479.019 479.006 478.931 478.879 478.754 478.799 478.976 479.019 478.966 478.789 478.299 478.356 478.296 478.369 478.426 478.521 478.481 478.494 478.499 478.421 478.249 478.149 477.959 477.756 477.664 477.374 477.201 477.121 476.986 476.766 476.539 476.424 476.259 476.016 475.816 475.296 475.356 475.476 475.366 475.294 475.164 475.071 475.034 475.136
481.626 481.514 481.459 481.374 481.149 480.991 480.819 480.569 480.419 480.314 480.246 480.094 480.049 479.984 480.014 479.969 479.879 479.754 479.746 479.529 479.339 479.244 479.244 479.196 479.239 479.334 479.256 479.249 479.216 479.299 479.284 479.371 479.236 479.014 478.466 478.501 478.609 478.784 478.759 478.851 478.821 478.824 478.721 478.649 478.429 478.171 478.026 477.919 477.846 477.619 477.499 477.154 477.091 477.011 476.734 476.599 476.429 476.194 475.814 475.879 476.171 476.009 475.899 475.549 475.451 475.609 475.736
481.966 481.761 481.684 481.599 481.429 481.304 481.161 480.961 480.799 480.761 480.676 480.529 480.509 480.441 480.309 480.334 480.306 480.189 480.229 479.996 479.714 479.601 479.604 479.661 479.734 479.741 479.759 479.616 479.559 479.619 479.664 479.661 479.541 479.486 478.971 478.769 478.776 478.789 478.961 479.024 479.159 479.144 478.996 478.916 478.679 478.391 478.231 478.084 478.006 477.856 477.604 477.406 477.436 477.501 477.174 476.976 476.714 476.476 476.001 476.366 476.554 476.489 476.404 476.296 476.211 476.174 476.106
482.281 482.079 482.004 481.914 481.746 481.564 481.466 481.256 481.194 481.159 481.061 481.019 480.954 480.871 480.826 480.834 480.784 480.736 480.659 480.496 480.184 480.046 479.971 480.004 479.999 479.989 480.109 479.981 480.124 480.041 479.979 479.924 479.814 479.781 479.461 479.189 479.071 479.101 479.284 479.329 479.401 479.276 479.174 479.151 478.994 478.839 478.539 478.474 478.419 478.224 477.936 477.854 477.889 477.839 477.661 477.446 477.081 476.626 476.421 476.834 476.861 476.749 476.599 476.571 476.474 476.459 476.334
482.561 482.499 482.321 482.224 481.976 481.789 481.666 481.644 481.536 481.426 481.416 481.366 481.341 481.239 481.304 481.336 481.316 481.224 481.164 480.984 480.549 480.309 480.199 480.306 480.279 480.251 480.329 480.239 480.396 480.321 480.274 480.181 480.111 480.016 479.769 479.446 479.401 479.606 479.794 479.804 479.759 479.691 479.521 479.424 479.416 479.331 479.044 478.861 478.779 478.521 478.269 478.291 478.241 478.041 477.816 477.686 477.324 476.964 477.184 477.291 477.074 477.014 476.879 476.784 476.681 476.634 476.531
482.799 482.729 482.636 482.494 482.231 482.084 482.106 481.896 481.849 481.769 481.726 481.679 481.619 481.761 481.711 481.764 481.724 481.611 481.621 481.371 480.884 480.636 480.689 480.776 480.559 480.511 480.534 480.586 480.656 480.629 480.539 480.326 480.199 480.049 479.856 479.671 479.664 480.086 480.294 480.244 480.154 479.939 479.799 479.749 479.831 479.631 479.531 479.321 479.349 478.941 478.704 478.639 478.519 478.266 478.106 477.874 477.626 477.214 477.404 477.554 477.309 477.284 477.219 477.086 477.046 476.911 476.849
483.196 483.079 482.949 482.799 482.496 482.391 482.289 482.231 482.084 482.069 482.086 482.081 482.036 482.026 482.044 482.036 482.009 482.041 482.019 481.724 481.124 480.919 480.881 480.976 480.951 480.799 480.829 480.841 480.831 480.859 480.901 480.554 480.194 480.229 480.081 479.841 479.851 480.314 480.439 480.436 480.429 480.291 480.114 480.021 480.059 480.016 479.911 479.934 479.689 479.461 479.431 479.059 478.869 478.631 478.404 478.301 477.969 477.614 477.736 477.871 477.686 477.546 477.434 477.294 477.209 477.139 477.111
483.626 483.374 483.144 483.056 482.864 482.681 482.611 482.569 482.406 482.436 482.509 482.464 482.429 482.374 482.256 482.236 482.236 482.349 482.371 482.114 481.736 481.329 481.344 481.344 481.304 481.239 481.126 481.199 481.154 481.104 481.066 480.694 480.364 480.276 480.144 480.051 480.286 480.634 480.736 480.826 480.791 480.644 480.481 480.269 480.244 480.181 480.239 480.186 479.996 479.834 479.846 479.514 479.254 478.971 478.686 478.476 478.321 477.991 478.156 478.199 478.129 477.956 477.806 477.676 477.524 477.496 477.399
483.874 483.674 483.444 483.299 483.189 482.941 482.941 482.861 482.834 482.926 482.964 482.934 482.936 482.734 482.484 482.391 482.466 482.489 482.466 482.376 482.189 481.939 481.816 481.736 481.691 481.534 481.381 481.454 481.484 481.384 481.294 480.946 480.639 480.554 480.551 480.556 480.769 480.946 481.001 481.074 481.064 480.964 480.824 480.586 480.461 480.431 480.421 480.389 480.356 480.161 480.109 479.886 479.669 479.481 479.064 478.879 478.601 478.371 478.619 478.664 478.591 478.489 478.326 478.206 477.944 477.796 477.704
484.229 484.026 483.751 483.524 483.491 483.221 483.279 483.141 483.149 483.254 483.354 483.351 483.169 483.024 482.731 482.484 482.706 482.734 482.784 482.679 482.509 482.374 482.334 482.109 482.026 481.881 481.729 481.776 481.826 481.629 481.429 481.044 480.886 480.761 480.836 481.029 481.171 481.371 481.344 481.336 481.379 481.179 481.056 481.009 480.709 480.679 480.591 480.651 480.619 480.461 480.354 480.271 480.306 480.096 479.621 479.151 478.881 478.801 478.961 478.984 478.949 478.774 478.674 478.614 478.424 478.191 478.071
484.506 484.304 483.954 483.764 483.766 483.559 483.496 483.521 483.626 483.726 483.841 483.749 483.351 483.381 483.214 482.941 483.121 483.249 483.271 483.101 482.904 482.729 482.584 482.411 482.266 482.131 482.079 482.096 482.111 481.914 481.629 481.416 481.134 480.979 481.106 481.499 481.919 482.024 481.776 481.699 481.591 481.466 481.376 481.299 481.106 480.999 480.891 480.899 480.874 480.824 480.726 480.624 480.654 480.479 479.906 479.516 479.471 479.541 479.479 479.381 479.346 479.214 478.974 478.866 478.804 478.691 478.589
484.731 484.569 484.174 484.116 483.991 483.876 483.919 484.034 484.164 484.266 484.344 484.211 483.976 483.799 483.754 483.399 483.649 483.784 483.679 483.511 483.421 483.091 482.924 482.789 482.539 482.251 482.334 482.424 482.334 482.156 481.964 481.929 481.814 481.511 481.429 481.799 482.339 482.501 482.301 482.106 481.959 481.849 481.766 481.756 481.519 481.376 481.276 481.231 481.249 481.109 481.059 481.029 481.079 480.816 480.261 480.021 480.126 480.259 480.214 479.834 479.721 479.606 479.466 479.321 479.194 479.204 479.116
