20220701_namedtuples/mapdata/sd8778_DSM_2M.asc
ncols 500
nrows 500
xllcorner    387000
yllcorner    478000
cellsize     2
NODATA_value -9999
[rows 372 to 402 of 500, columns 408 to 475 of 500]
585.189 584.52 584.076 583.635 583.018 582.515 582.049 582.024 582.051 582.18 581.926 581.468 581.428 581.488 581.447 581.715 581.919 582.147 581.867 581.716 581.704 581.791 581.909 582.03 582.165 582.399 582.176 582.056 582.04 582.056 581.994 582.048 582.003 582.035 582.108 582.252 582.362 582.407 582.539 582.665 582.857 582.897 583.017 583.349 583.461 583.625 583.809 583.924 583.954 583.945 584.009 584.073 584.104 584.211 584.155 584.243 584.45 584.548 584.567 584.619 584.704 584.709 584.772 584.81 584.898 584.991 585.004 585.032
585.996 585.231 584.546 584.147 583.589 583.17 582.404 581.962 582.012 582.118 581.998 581.577 581.425 581.479 581.492 581.691 581.873 581.944 581.819 581.589 581.697 581.799 581.994 582.213 582.391 582.625 582.292 582.179 581.997 582.014 582.025 581.995 582.027 582.006 581.964 582.099 582.192 582.363 582.425 582.575 582.734 582.775 582.889 582.996 582.929 583.111 583.439 583.439 583.878 583.98 583.983 583.862 583.886 584.027 584.05 584.045 584.123 584.255 584.417 584.377 584.511 584.567 584.654 584.726 584.774 584.868 584.904 585.021
586.247 585.711 585.154 584.594 583.964 583.12 582.809 582.223 581.899 582.084 581.982 581.738 581.482 581.491 581.538 581.561 581.54 581.582 581.641 581.586 581.62 581.94 582.117 582.314 582.395 582.445 582.33 582.305 582.183 582.082 582.027 582.021 582.072 582.091 582.096 582.084 582.066 582.068 582.256 582.418 582.559 582.685 582.799 582.825 582.797 582.917 583.317 583.337 583.684 583.87 583.837 583.801 583.832 583.918 583.85 583.866 583.858 584.098 584.17 584.301 584.419 584.52 584.587 584.634 584.672 584.732 584.799 584.894
586.564 586.124 585.771 585.11 584.529 583.976 583.242 582.558 581.748 581.875 582.006 582.19 581.839 581.572 581.553 581.547 581.546 581.559 581.578 581.592 581.701 582.077 582.541 582.493 582.441 582.451 582.348 582.406 582.378 582.131 582.184 582.086 582.232 582.26 582.199 582.273 582.169 582.218 582.231 582.315 582.368 582.554 582.645 582.705 582.795 582.83 583.016 583.157 583.628 583.697 583.68 583.636 583.735 583.873 583.875 583.804 583.797 583.83 584.03 584.185 584.371 584.398 584.472 584.603 584.66 584.644 584.734 584.778
587.081 586.698 586.073 585.573 584.89 584.343 583.546 582.975 582.286 581.742 581.958 582.061 581.837 581.629 581.552 581.574 581.593 581.664 581.567 581.616 581.767 582.338 582.714 582.738 582.704 582.745 582.937 582.922 582.844 582.715 582.557 582.693 582.621 582.645 582.7 582.59 582.44 582.47 582.401 582.549 582.65 582.571 582.667 582.742 582.814 582.849 582.995 583.054 583.326 583.501 583.536 583.557 583.716 583.672 583.619 583.724 583.761 583.771 583.929 584.035 584.271 584.335 584.39 584.443 584.555 584.572 584.619 584.724
587.4 586.885 586.358 585.842 585.101 584.525 583.801 583.027 582.231 581.873 581.896 581.988 581.963 581.657 581.523 581.657 581.776 581.858 581.728 581.884 582.291 582.572 582.783 582.835 582.832 582.792 582.956 582.887 582.827 582.749 582.75 582.838 582.802 582.808 582.862 582.816 582.925 582.914 582.745 582.83 582.678 582.685 582.736 582.714 582.802 582.858 582.906 582.949 583.121 583.356 583.476 583.592 583.658 583.458 583.493 583.478 583.519 583.519 583.606 583.825 584.073 584.244 584.241 584.274 584.381 584.456 584.524 584.48
587.89 587.298 586.721 586.18 585.43 584.987 584.165 583.393 582.6 581.936 581.762 581.801 581.693 581.639 581.755 582.12 582.268 582.241 582.213 582.247 582.295 582.444 582.706 582.775 582.775 582.745 582.775 582.813 582.761 582.772 582.723 582.748 582.706 582.744 582.788 582.916 582.969 583.05 582.97 582.999 582.936 582.969 582.843 582.884 582.849 582.875 582.903 582.928 583.081 583.193 583.283 583.36 583.476 583.455 583.376 583.445 583.447 583.405 583.442 583.605 583.849 584.117 584.12 584.075 584.168 584.266 584.327 584.242
587.969 587.398 586.886 586.219 585.612 584.878 584.282 583.524 582.631 581.797 581.691 581.69 581.637 581.79 582.03 582.394 582.303 582.316 582.218 582.241 582.3 582.288 582.431 582.615 582.546 582.582 582.634 582.642 582.622 582.644 582.626 582.619 582.649 582.659 582.708 582.871 582.974 582.956 582.979 582.966 582.949 582.983 582.967 582.946 582.939 582.852 582.904 582.922 583.005 583.084 583.148 583.202 583.325 583.363 583.391 583.36 583.43 583.37 583.455 583.415 583.597 583.737 583.95 584.006 583.923 583.977 583.977 584.07
588.028 587.505 586.855 586.196 585.661 585.208 584.506 583.621 582.75 581.937 581.753 581.656 581.667 581.972 582.054 582.249 582.206 582.164 582.126 582.127 582.396 582.564 582.719 582.826 582.78 582.79 582.891 582.933 582.88 582.656 582.583 582.431 582.548 582.645 582.68 582.811 582.92 582.898 582.967 582.971 582.865 582.883 582.938 582.988 582.992 582.986 582.883 582.917 583.008 582.968 583.142 583.136 583.272 583.339 583.407 583.379 583.435 583.421 583.382 583.468 583.467 583.54 583.601 583.745 583.715 583.823 583.927 583.973
588.094 587.596 586.995 586.333 585.655 585.101 584.418 583.708 582.915 582.219 581.835 581.697 581.706 581.88 581.964 582.01 582.055 582.068 582.229 582.368 582.897 583.201 583.29 583.29 583.279 583.411 583.346 583.338 583.081 583.004 582.799 582.273 582.499 582.701 582.75 582.786 582.9 582.909 582.998 582.91 582.895 582.905 582.933 582.928 582.914 582.994 582.952 582.86 582.91 582.95 583.091 583.196 583.261 583.305 583.278 583.45 583.462 583.431 583.476 583.469 583.492 583.457 583.482 583.532 583.721 583.814 583.864 584.02
588.029 587.622 586.913 586.3 585.642 585.078 584.422 583.698 582.963 582.273 581.849 581.691 581.721 581.8 581.889 581.928 581.941 581.965 582.498 583.164 583.708 583.948 583.927 584.118 584.186 584.345 584.203 584.138 584.031 583.813 583.316 583.131 583.002 582.981 583.056 583.048 582.965 583.056 583.154 582.981 582.943 582.982 582.883 582.859 582.903 582.86 582.938 582.852 582.844 582.922 583.066 583.172 583.212 583.304 583.457 583.555 583.577 583.53 583.563 583.545 583.553 583.599 583.665 583.794 583.818 583.883 583.906 584.028
587.896 587.382 586.911 586.442 585.753 585.241 584.531 583.767 583.078 582.362 581.92 581.835 581.824 581.849 581.793 581.794 581.928 582.478 583.123 583.667 584.364 584.535 584.711 584.631 584.704 584.782 584.75 584.666 584.478 584.373 584.116 583.957 583.772 583.694 583.592 583.512 583.524 583.441 583.258 583.17 582.92 582.875 582.78 582.768 582.821 582.785 582.696 582.576 582.6 582.632 582.911 582.952 583.121 583.314 583.533 583.573 583.563 583.563 583.546 583.656 583.626 583.634 583.711 583.801 583.881 583.931 583.899 584.028
587.654 587.322 586.953 586.394 585.838 585.081 584.319 583.755 583.068 582.394 581.983 581.794 581.795 581.818 581.823 581.809 582.321 583.033 583.756 584.229 584.75 584.955 585.019 585.145 585.238 585.353 585.581 585.545 585.385 585.137 584.929 584.844 584.782 584.667 584.465 584.243 584.151 584.044 583.859 583.534 583.171 582.931 582.801 582.596 582.702 582.807 582.63 582.362 581.823 582.02 582.579 582.802 583.027 583.162 583.397 583.544 583.539 583.566 583.586 583.684 583.629 583.651 583.694 583.795 583.823 583.926 584.028 584.076
587.754 587.266 586.804 586.285 585.734 584.947 584.32 583.805 583.087 582.4 581.81 581.751 581.746 581.779 581.928 582.432 583.039 583.89 584.496 584.939 585.262 585.544 585.664 585.738 585.812 586.176 586.256 586.226 586.113 586.058 585.772 585.489 585.334 585.322 585.136 584.92 584.479 584.349 584.17 583.911 583.73 583.448 583.195 583.096 583.243 583.26 582.934 582.538 582.033 581.833 582.374 582.593 582.947 583.048 583.166 583.252 583.44 583.59 583.6 583.66 583.669 583.68 583.75 583.79 583.898 584.072 584.143 584.233
587.663 587.048 586.781 586.311 585.794 585.148 584.234 583.623 583.025 582.365 581.953 581.811 581.782 581.902 582.197 582.913 583.583 584.24 584.65 585.115 585.644 585.846 585.999 586.232 586.395 586.666 586.811 586.67 586.666 586.493 586.107 585.878 585.813 585.765 585.606 585.25 585.31 585.041 584.816 584.543 584.461 584.239 584.145 584.199 584.203 583.941 583.904 583.591 582.983 582.566 582.14 582.718 582.743 582.823 583.054 583.072 583.173 583.442 583.585 583.637 583.603 583.701 583.843 583.969 583.939 584.103 584.23 584.333
587.518 586.977 586.631 586.169 585.48 585.021 584.374 583.886 583.015 582.321 581.978 581.834 581.805 582.036 582.531 583.112 583.824 584.586 585.107 585.564 586.034 586.409 586.609 586.969 587.126 587.128 587.346 587.433 587.248 587.161 586.912 586.696 586.383 586.261 586.226 586.016 585.803 585.671 585.421 585.451 585.056 584.861 584.715 584.646 584.812 584.701 584.377 584.072 583.65 583.274 583.099 582.788 582.769 582.811 582.898 582.964 583.125 583.358 583.501 583.596 583.681 583.756 583.881 584.029 584.066 584.231 584.342 584.523
587.325 586.832 586.359 585.947 585.599 584.968 584.192 583.613 582.975 582.339 581.908 581.791 581.761 582.268 583.025 583.513 584.293 584.751 585.6 586.053 586.378 586.7 586.932 587.186 587.541 587.635 587.696 587.68 587.528 587.477 587.363 587.336 587.019 586.867 586.585 586.557 586.48 586.307 586.014 585.828 585.654 585.434 585.143 585.122 585.085 585.078 584.973 584.739 584.452 584.087 583.865 583.516 582.916 582.567 582.594 582.533 582.833 583.202 583.477 583.628 583.795 583.873 584.036 584.148 584.259 584.374 584.512 584.687
587.259 586.748 586.2 585.825 585.478 585.021 584.405 583.729 583.024 582.254 581.864 581.781 581.899 582.238 583.042 583.873 584.246 584.916 585.865 586.288 586.673 586.997 587.14 587.496 587.767 588.033 588.044 588.098 588.153 588.024 587.924 587.911 587.8 587.497 587.258 587.219 587.118 586.856 586.65 586.384 586.242 585.937 585.621 585.524 585.704 585.605 585.365 585.297 585.097 584.788 584.565 584.199 583.558 582.795 582.18 582.336 582.668 583.169 583.644 583.763 583.91 584.015 584.146 584.3 584.476 584.585 584.835 584.852
587.128 586.464 586.07 585.795 585.488 584.96 584.381 583.776 583.065 582.413 581.904 581.783 581.998 582.589 583.265 583.898 584.577 585.337 585.873 586.44 586.915 587.158 587.523 587.781 588.088 588.324 588.359 588.397 588.45 588.353 588.314 588.311 588.149 587.903 587.759 587.753 587.546 587.272 587.016 586.851 586.732 586.481 586.298 586.127 586.163 586.084 586.045 585.788 585.45 585.307 585.083 584.83 584.232 583.41 582.935 582.939 582.81 583.48 583.898 583.975 584.081 584.288 584.392 584.622 584.884 585.02 585.121 585.23
586.991 586.518 586.323 585.871 585.403 584.946 584.434 583.842 583.059 582.487 582.013 581.947 582.151 582.712 583.471 584.074 584.823 585.509 586.037 586.359 586.94 587.297 587.614 587.905 588.381 588.501 588.589 588.7 588.73 588.626 588.573 588.553 588.424 588.225 588.179 588.026 587.955 587.919 587.9 587.578 587.372 587.302 587.169 587.191 587.089 586.877 586.915 586.504 586.334 586.058 585.733 585.423 584.973 584.572 584.068 584.021 583.913 584.032 584.295 584.27 584.39 584.55 584.908 585.124 585.319 585.69 585.626 585.772
586.955 586.534 586.254 585.822 585.45 585.046 584.558 583.955 583.292 582.721 582.206 582.167 582.098 582.529 583.243 584.129 584.699 585.472 586.106 586.461 586.981 587.451 587.723 588.091 588.573 588.604 588.844 588.964 589.139 589.16 589.148 589.042 588.872 588.724 588.59 588.636 588.484 588.44 588.395 588.272 588.207 587.937 587.882 587.859 587.867 587.91 587.479 587.158 586.862 586.397 586.192 585.99 585.613 585.156 584.983 584.734 584.608 584.677 584.832 584.729 584.989 585.118 585.434 585.672 586.011 586.142 586.344 586.639
586.89 586.442 586.192 585.706 585.431 585.122 584.596 584.076 583.506 582.77 582.367 582.38 582.227 582.643 583.203 583.806 584.471 585.294 586.035 586.4 586.98 587.527 587.886 588.253 588.563 588.849 589.003 589.091 589.25 589.34 589.282 589.245 589.163 589.056 588.97 588.979 589.07 588.992 588.826 588.804 588.594 588.354 588.351 588.458 588.332 588.283 588.05 588.076 587.726 587.492 586.93 586.487 586.306 585.835 585.83 585.579 585.42 585.418 585.384 585.528 585.687 585.777 586.14 586.329 586.581 586.913 587.033 587.219
586.938 586.46 586.058 585.737 585.454 585.147 584.72 584.224 583.693 583.113 582.514 582.263 582.285 582.456 582.937 583.35 584.496 585.153 585.824 586.587 587.016 587.46 588.024 588.268 588.637 588.984 589.174 589.22 589.484 589.666 589.788 589.544 589.529 589.583 589.576 589.645 589.592 589.599 589.502 589.388 589.338 589.151 589.011 589.016 588.984 588.934 588.891 588.64 588.4 588.107 587.719 587.43 586.841 586.446 586.4 586.215 586.232 586.064 585.862 585.946 586.2 586.548 586.707 586.969 587.271 587.566 587.681 587.682
586.896 586.448 586.053 585.808 585.516 585.233 584.875 584.346 583.643 583.049 582.672 582.442 582.328 582.497 582.763 583.407 584.19 584.776 585.368 586.372 586.921 587.388 588.031 588.353 588.964 589.487 589.647 589.77 589.802 590.11 590.275 590.084 590.004 589.95 590.001 590.207 590.06 589.83 589.747 589.709 589.617 589.519 589.519 589.457 589.462 589.389 589.36 589.214 588.926 588.609 588.331 587.775 587.223 586.967 586.947 586.887 586.655 586.61 586.562 586.77 586.948 587.163 587.54 587.73 587.836 588.026 588.256 588.368
586.686 586.258 585.998 585.874 585.635 585.222 584.929 584.547 583.894 583.294 582.884 582.621 582.438 582.531 582.766 583.284 584.093 584.55 585.26 586.082 586.889 587.242 587.953 588.61 588.861 589.473 589.813 589.97 590.046 590.307 590.564 590.469 590.258 590.096 590.333 590.361 590.168 590.244 590.314 590.155 590.038 590.079 589.899 590.022 590.02 589.963 589.867 589.537 589.327 589.005 588.737 588.296 587.968 587.692 587.517 587.417 587.448 587.204 587.253 587.299 587.694 587.9 588.201 588.249 588.387 588.728 588.768 588.936
586.406 586.151 585.957 585.703 585.637 585.267 584.837 584.622 583.922 583.401 583.019 582.796 582.656 582.597 582.904 583.362 583.94 584.606 585.475 586.256 586.888 587.465 588.056 588.766 589.098 589.727 589.898 590.135 590.306 590.57 590.808 590.632 590.566 590.576 590.794 590.704 590.649 590.499 590.625 590.527 590.465 590.498 590.504 590.341 590.332 590.319 590.138 589.879 589.564 589.249 588.964 588.585 588.438 588.201 588.082 588.09 587.949 587.967 587.921 588.019 588.36 588.583 588.749 588.724 588.817 589.07 589.18 589.32
586.416 586.131 585.852 585.719 585.548 585.218 584.852 584.502 583.969 583.528 583.181 582.948 582.891 582.893 583.063 583.421 584.193 584.866 585.643 586.573 587.264 587.903 588.373 589.166 589.493 589.886 590.221 590.497 590.654 590.76 590.909 590.815 590.81 590.726 590.991 591.044 590.987 590.882 590.95 590.841 590.795 590.803 590.717 590.581 590.568 590.458 590.34 589.997 589.807 589.672 589.148 589.118 588.879 588.629 588.744 588.791 588.702 588.604 588.375 588.694 588.995 589.06 589.318 589.225 589.274 589.492 589.631 589.907
586.469 586.889 585.549 585.561 585.345 585.15 584.906 584.568 584.307 583.802 583.547 583.556 583.385 583.185 583.419 583.785 584.554 585.352 585.917 587.103 587.516 588.229 588.888 589.449 589.884 590.059 590.293 590.625 590.807 590.988 591.181 590.979 590.833 590.977 591.112 591.168 591.05 591.092 591.098 591.003 591.019 591.048 591.042 590.919 590.779 590.698 590.653 590.466 590.108 589.854 589.479 589.456 589.324 589.105 589.157 589.205 589.114 589.087 589.053 588.955 589.229 589.46 589.717 589.624 589.73 589.862 589.962 590.33
586.305 586.215 586.095 585.8 585.35 585.177 584.837 584.659 584.333 584.034 583.876 583.798 583.552 583.585 583.805 584.337 584.845 585.812 586.448 587.203 588.243 588.677 589.229 589.838 590.148 590.377 590.492 590.667 590.982 591.186 591.185 591.284 591.178 591.528 591.479 591.361 591.301 591.22 591.237 591.171 591.062 591.107 591.095 591.049 590.948 590.888 590.751 590.729 590.342 590.028 589.693 589.542 589.488 589.474 589.335 589.353 589.391 589.494 589.483 589.478 589.539 589.978 590.347 590.527 590.19 590.249 590.268 590.632
586.116 585.695 585.706 586.058 585.446 585.147 584.878 584.504 584.336 584.263 584.218 584.085 584.184 584.157 584.332 584.861 585.253 586.291 587.177 587.66 588.547 589.4 589.75 590.074 590.204 590.427 590.545 590.743 591.069 591.223 591.31 591.586 591.576 591.618 591.86 591.746 591.539 591.33 591.33 591.234 591.192 591.386 591.504 591.299 591.238 591.304 591.172 590.725 590.229 589.944 589.794 589.713 589.755 589.704 589.598 589.656 589.822 589.897 589.928 589.989 590.147 590.435 590.744 590.973 590.858 590.781 590.756 590.942
585.927 585.653 585.419 585.155 585.491 585.979 584.891 584.623 584.458 584.458 584.559 584.609 584.664 584.7 584.713 585.263 585.798 586.514 587.232 588.009 589.07 589.681 590.066 590.19 590.384 590.521 590.688 591.182 591.492 591.383 591.41 591.926 591.893 591.857 591.98 591.991 591.841 591.61 591.532 591.614 591.486 591.669 591.616 591.447 591.424 591.34 591.19 590.739 590.225 589.971 589.848 589.905 590.016 589.901 589.861 589.906 590.091 590.149 590.271 590.372 590.378 590.579 590.828 591.052 591.029 591.117 591.083 591.202
