20220701_namedtuples/mapdata/sd8776_DSM_2M.asc
ncols 500
nrows 500
xllcorner    387000
yllcorner    476000
cellsize     2
NODATA_value -9999
[rows 300 to 329 of 500, columns 204 to 271 of 500]
332.18 331.68 331.24 330.99 330.663 330.378 330.08 329.8 329.585 329.375 329.158 328.94 328.78 328.588 328.37 328.145 327.883 327.608 327.31 326.993 326.69 326.4 326.128 325.875 325.625 325.348 325.053 324.703 324.365 324.085 323.745 323.383 322.988 322.555 322.19 321.81 321.413 320.985 320.5 320.093 319.723 319.37 319.153 318.89 318.648 318.433 318.185 318.243 317.848 317.455 317.275 317.085 316.913 316.73 316.553 316.383 316.21 315.983 315.788 315.615 315.398 315.208 315.015 314.883 314.66 314.465 314.235 314.06
332.56 332.075 331.59 331.268 330.963 330.68 330.398 330.08 329.838 329.605 329.353 329.153 328.935 328.748 328.525 328.275 328.02 327.763 327.44 327.153 326.848 326.563 326.34 326.083 325.828 325.568 325.275 324.948 324.598 324.29 323.938 323.583 323.193 322.765 322.378 321.96 321.518 321.065 320.623 320.26 319.91 319.565 319.325 319.075 318.828 318.613 318.538 318.608 317.918 317.725 317.52 317.355 317.158 316.97 316.79 316.635 316.418 316.233 316.058 315.87 315.678 315.493 315.293 315.1 314.883 314.65 314.435 314.225
333.005 332.533 332.025 331.573 331.273 330.97 330.69 330.363 330.083 329.868 329.578 329.358 329.13 328.93 328.675 328.403 328.178 327.868 327.593 327.295 327.018 326.758 326.508 326.27 326.033 325.745 325.46 325.145 324.795 324.455 324.12 323.783 323.393 322.963 322.565 322.115 321.64 321.188 320.813 320.438 320.095 319.8 319.515 319.248 318.99 318.845 319.218 318.393 318.153 317.948 317.79 317.568 317.393 317.21 317.025 316.88 316.693 316.495 316.295 316.125 315.953 315.723 315.543 315.303 315.1 314.908 314.668 314.43
333.485 332.975 332.468 331.988 331.63 331.298 331.018 330.688 330.355 330.103 329.853 329.595 329.325 329.093 328.835 328.595 328.315 328.01 327.728 327.475 327.175 326.908 326.7 326.43 326.19 325.945 325.648 325.305 324.975 324.628 324.298 323.973 323.585 323.195 322.763 322.27 321.808 321.39 321.033 320.658 320.32 320.03 319.735 319.465 319.32 319.945 318.94 318.61 318.395 318.205 318.008 317.775 317.628 317.505 317.318 317.125 316.933 316.753 316.543 316.345 316.188 315.995 315.79 315.55 315.355 315.138 314.94 314.668
333.88 333.458 332.903 332.325 331.99 331.683 331.36 331.025 330.653 330.36 330.073 329.835 329.535 329.31 329.025 328.75 328.44 328.198 327.94 327.668 327.413 327.133 326.855 326.618 326.35 326.093 325.793 325.455 325.148 324.84 324.468 324.14 323.81 323.395 322.915 322.433 321.973 321.59 321.233 320.903 320.595 320.28 319.978 319.738 320.195 319.54 319.063 318.815 318.635 318.458 318.285 318.12 317.92 317.765 317.608 317.408 317.195 316.995 316.775 316.583 316.418 316.233 316.045 315.833 315.6 315.358 315.153 314.978
334.24 333.85 333.35 332.72 332.285 332.033 331.72 331.368 330.963 330.595 330.335 330.055 329.768 329.503 329.245 328.945 328.66 328.4 328.148 327.88 327.613 327.353 327.033 326.785 326.538 326.245 325.97 325.673 325.353 325.038 324.673 324.353 323.995 323.575 323.108 322.615 322.225 321.85 321.478 321.155 320.85 320.525 320.253 320.52 320.318 319.53 319.27 319.07 318.885 318.733 318.54 318.37 318.213 318.065 317.895 317.705 317.49 317.278 317.06 316.828 316.648 316.483 316.283 316.073 315.898 315.658 315.433 315.228
334.628 334.205 333.695 333.108 332.665 332.393 332.093 331.753 331.308 330.905 330.593 330.263 330.033 329.77 329.465 329.188 328.923 328.633 328.345 328.038 327.775 327.505 327.245 326.965 326.718 326.433 326.133 325.865 325.555 325.24 324.9 324.55 324.173 323.75 323.293 322.855 322.465 322.073 321.745 321.445 321.135 320.86 320.893 320.963 320.07 319.778 319.555 319.353 319.16 318.99 318.82 318.635 318.475 318.315 318.148 317.98 317.798 317.558 317.35 317.135 316.913 316.695 316.525 316.355 316.16 315.9 315.695 315.475
334.935 334.568 334.1 333.55 333.088 332.733 332.428 332.115 331.745 331.263 330.848 330.528 330.25 329.995 329.728 329.458 329.17 328.878 328.568 328.273 327.955 327.683 327.415 327.153 326.888 326.62 326.328 326.053 325.778 325.493 325.15 324.758 324.365 323.933 323.573 323.17 322.75 322.318 321.983 321.728 321.42 321.568 321.633 320.68 320.328 320.033 319.798 319.63 319.435 319.25 319.083 318.923 318.733 318.578 318.41 318.215 318.033 317.848 317.618 317.408 317.175 316.925 316.735 316.573 316.37 316.153 315.915 315.685
335.218 334.84 334.42 333.883 333.455 333.065 332.735 332.393 332.07 331.578 331.15 330.863 330.59 330.313 330.035 329.738 329.453 329.135 328.855 328.533 328.183 327.908 327.64 327.345 327.075 326.843 326.583 326.295 326.02 325.755 325.39 324.958 324.573 324.19 323.86 323.428 322.978 322.58 322.275 321.988 321.945 322.225 321.323 320.878 320.565 320.318 320.115 319.91 319.715 319.543 319.36 319.205 319.018 318.853 318.67 318.498 318.285 318.095 317.905 317.683 317.403 317.18 316.955 316.738 316.56 316.378 316.138 315.885
335.555 335.143 334.65 334.175 333.788 333.4 333.023 332.67 332.323 331.9 331.48 331.16 330.945 330.625 330.325 330.065 329.76 329.448 329.153 328.823 328.498 328.17 327.888 327.608 327.345 327.078 326.84 326.555 326.263 325.98 325.615 325.17 324.748 324.473 324.17 323.708 323.245 322.9 322.595 322.458 322.978 322.203 321.483 321.163 320.913 320.655 320.438 320.238 320.053 319.9 319.703 319.503 319.318 319.163 318.97 318.828 318.61 318.375 318.155 317.943 317.69 317.428 317.2 316.96 316.715 316.553 316.348 316.083
335.935 335.443 334.94 334.513 334.088 333.67 333.298 332.953 332.57 332.185 331.84 331.478 331.23 330.953 330.648 330.39 330.088 329.79 329.485 329.153 328.825 328.475 328.145 327.835 327.58 327.333 327.065 326.788 326.52 326.183 325.75 325.368 324.97 324.635 324.338 323.94 323.535 323.218 322.98 323.353 323.165 322.108 321.745 321.473 321.228 320.95 320.75 320.543 320.358 320.168 320.013 319.82 319.653 319.458 319.325 319.143 318.928 318.685 318.463 318.24 317.943 317.68 317.445 317.178 316.945 316.738 316.528 316.3
336.61 335.843 335.318 334.855 334.428 333.973 333.608 333.26 332.885 332.563 332.193 331.878 331.565 331.283 330.99 330.703 330.38 330.083 329.763 329.463 329.125 328.785 328.46 328.153 327.858 327.575 327.285 326.995 326.748 326.41 325.988 325.573 325.173 324.81 324.498 324.155 323.825 323.603 323.998 323.878 322.8 322.388 322.063 321.785 321.55 321.278 321.068 320.893 320.673 320.493 320.318 320.148 320.003 319.823 319.675 319.478 319.258 319.015 318.763 318.493 318.225 317.94 317.668 317.425 317.198 316.938 316.705 316.445
337.303 337.023 335.773 335.27 334.79 334.293 333.865 333.553 333.2 332.895 332.573 332.248 331.925 331.595 331.328 331.05 330.688 330.348 330.06 329.758 329.378 329.078 328.745 328.468 328.128 327.765 327.495 327.195 326.91 326.573 326.185 325.755 325.395 325.028 324.718 324.46 324.135 324.385 324.245 323.445 322.99 322.71 322.41 322.138 321.873 321.643 321.41 321.22 321.025 320.878 320.723 320.58 320.388 320.19 320.008 319.803 319.57 319.275 319.008 318.78 318.503 318.265 317.96 317.713 317.438 317.18 316.915 316.653
337.175 336.978 336.965 335.728 335.185 334.643 334.16 333.82 333.498 333.198 332.93 332.63 332.295 331.958 331.645 331.338 331.025 330.663 330.34 330.005 329.65 329.33 329.015 328.705 328.355 328.015 327.68 327.343 327.035 326.713 326.375 325.97 325.61 325.263 324.973 324.718 324.885 325.04 324.168 323.563 323.248 323.01 322.745 322.455 322.238 322.013 321.778 321.578 321.38 321.225 321.093 320.945 320.763 320.57 320.345 320.15 319.888 319.648 319.34 319.135 318.843 318.588 318.305 318.008 317.705 317.433 317.153 316.855
337.61 337.103 337.053 336.545 335.64 335.028 334.508 334.098 333.79 333.493 333.223 332.978 332.645 332.315 331.965 331.605 331.283 330.98 330.615 330.285 329.933 329.585 329.268 328.88 328.528 328.16 327.83 327.45 327.135 326.893 326.533 326.183 325.838 325.505 325.215 325.205 325.608 324.643 324.158 323.865 323.57 323.348 323.093 322.813 322.575 322.35 322.115 321.945 321.765 321.628 321.435 321.253 321.093 320.933 320.74 320.568 320.335 320.188 319.853 319.585 319.293 318.965 318.63 318.328 318.005 317.72 317.423 317.085
338 337.448 336.98 336.77 336.738 335.455 334.888 334.403 334.09 333.78 333.508 333.25 332.973 332.605 332.26 331.905 331.543 331.245 330.92 330.568 330.19 329.81 329.423 329.025 328.663 328.303 327.965 327.585 327.225 326.943 326.663 326.358 326.038 325.753 325.618 326.048 325.098 324.72 324.435 324.173 323.915 323.655 323.405 323.158 322.938 322.7 322.5 322.3 322.158 321.995 321.803 321.623 321.468 321.35 321.203 321.078 320.81 320.565 320.245 319.923 319.603 319.268 318.988 318.595 318.243 317.935 317.62 317.28
338.42 337.825 337.345 336.825 336.533 336.66 335.425 334.89 334.475 334.108 333.818 333.525 333.27 332.945 332.583 332.223 331.83 331.49 331.153 330.795 330.4 329.983 329.558 329.195 328.808 328.415 328.09 327.705 327.355 327.083 326.798 326.533 326.265 326.018 325.793 325.708 325.26 324.985 324.73 324.493 324.208 323.95 323.695 323.48 323.263 323.093 322.92 322.758 322.615 322.433 322.235 322.095 321.953 321.798 321.58 321.355 321.04 320.758 320.475 320.185 319.875 319.54 319.225 318.9 318.528 318.165 317.77 317.36
338.645 338.153 337.633 337.14 336.653 336.345 336.87 335.408 334.91 334.503 334.118 333.825 333.518 333.23 332.885 332.498 332.088 331.705 331.378 330.99 330.553 330.13 329.763 329.37 328.995 328.593 328.218 327.818 327.48 327.205 326.98 326.72 326.553 326.408 326.063 325.74 325.49 325.225 324.975 324.748 324.513 324.273 324.035 323.793 323.603 323.43 323.338 323.283 323.163 322.96 322.813 322.59 322.365 322.105 321.87 321.55 321.278 321 320.693 320.368 320.095 319.785 319.45 319.095 318.71 318.25 317.823 317.438
338.87 338.413 337.95 337.43 337.005 336.6 336.288 336.683 335.518 334.973 334.513 334.153 333.805 333.438 333.115 332.77 332.398 331.973 331.58 331.145 330.728 330.325 329.963 329.59 329.225 328.783 328.378 327.968 327.623 327.37 327.153 326.988 327.443 326.578 326.225 325.928 325.71 325.455 325.228 325.003 324.788 324.548 324.318 324.115 323.96 323.833 323.783 323.805 323.718 323.463 323.208 322.885 322.593 322.333 322.06 321.793 321.485 321.198 320.913 320.59 320.3 320.023 319.665 319.258 318.755 318.315 317.963 317.723
339.155 338.68 338.248 337.788 337.393 337.01 336.623 336.445 336.56 335.473 334.953 334.528 334.113 333.688 333.325 333 332.645 332.2 331.743 331.315 330.915 330.538 330.18 329.825 329.438 328.985 328.555 328.168 327.823 327.568 327.548 327.975 327.235 326.688 326.4 326.173 325.913 325.698 325.515 325.258 325.055 324.815 324.638 324.45 324.313 324.228 324.158 324.083 323.945 323.698 323.438 323.14 322.823 322.565 322.283 322 321.723 321.425 321.133 320.845 320.53 320.243 319.948 319.393 318.85 318.505 318.33 318.208
339.358 338.968 338.573 338.165 337.765 337.348 336.968 336.65 336.463 337.053 335.44 334.908 334.478 334.028 333.59 333.233 332.845 332.445 331.945 331.525 331.113 330.755 330.378 330.038 329.623 329.173 328.748 328.358 328.063 328.218 328.273 327.673 327.11 326.825 326.605 326.36 326.135 325.94 325.72 325.533 325.293 325.09 324.925 324.773 324.63 324.523 324.43 324.3 324.143 323.948 323.65 323.353 323.07 322.768 322.483 322.218 321.948 321.665 321.39 321.083 320.773 320.48 320.053 319.408 319.093 318.975 318.778 318.518
339.625 339.228 338.875 338.49 338.105 337.72 337.388 337.05 336.735 336.613 336.638 335.45 334.863 334.38 333.928 333.515 333.11 332.673 332.2 331.728 331.288 330.895 330.563 330.183 329.75 329.318 328.948 328.603 328.428 328.66 327.905 327.555 327.273 327.01 326.775 326.583 326.348 326.11 325.918 325.728 325.505 325.338 325.175 325.055 324.91 324.745 324.618 324.48 324.348 324.153 323.915 323.633 323.315 322.975 322.715 322.463 322.153 321.875 321.62 321.33 321.015 320.518 319.998 319.74 319.755 319.49 318.988 318.61
339.843 339.48 339.145 338.783 338.438 338.12 337.855 337.543 337.143 336.818 336.52 336.678 335.373 334.823 334.303 333.815 333.358 332.905 332.45 331.933 331.455 331.033 330.665 330.275 329.873 329.495 329.193 328.965 329.3 328.36 328.018 327.73 327.473 327.23 326.998 326.795 326.575 326.288 326.085 325.905 325.695 325.533 325.378 325.243 325.115 324.985 324.818 324.675 324.538 324.385 324.183 323.913 323.568 323.233 322.975 322.698 322.438 322.158 321.888 321.573 321.013 320.6 320.368 320.393 320.203 319.65 319.14 318.758
340.09 339.77 339.438 339.128 338.838 338.515 338.21 337.915 337.578 337.213 336.84 336.47 336.443 335.398 334.728 334.185 333.64 333.103 332.643 332.163 331.675 331.2 330.748 330.35 329.983 329.683 329.438 329.815 329.198 328.523 328.225 327.933 327.675 327.435 327.198 326.975 326.745 326.535 326.293 326.093 325.878 325.748 325.598 325.473 325.313 325.193 325.04 324.895 324.723 324.573 324.383 324.158 323.853 323.558 323.245 322.97 322.7 322.388 322.033 321.595 321.175 321.02 320.953 320.748 320.168 319.725 319.298 318.95
340.41 340.093 339.798 339.523 339.22 338.94 338.618 338.318 337.94 337.595 337.238 336.853 336.543 336.775 335.21 334.545 333.955 333.363 332.828 332.328 331.853 331.37 330.9 330.533 330.193 329.93 330.138 329.568 329.073 328.708 328.42 328.12 327.878 327.63 327.448 327.198 326.938 326.755 326.518 326.315 326.07 325.958 325.813 325.7 325.543 325.398 325.275 325.153 324.958 324.758 324.578 324.36 324.073 323.8 323.465 323.218 322.895 322.52 322.095 321.718 321.55 321.433 321.11 320.72 320.308 319.923 319.51 319.16
340.738 340.43 340.19 339.945 339.66 339.32 339.048 338.738 338.343 337.965 337.583 337.208 336.76 336.27 336.325 335.03 334.25 333.6 332.988 332.46 332 331.563 331.11 330.738 330.45 330.62 330.283 329.565 329.283 328.928 328.615 328.34 328.07 327.84 327.623 327.388 327.16 326.943 326.723 326.533 326.343 326.158 326.008 325.893 325.743 325.603 325.485 325.333 325.21 325.01 324.793 324.56 324.29 324 323.705 323.455 323.08 322.578 322.233 322.048 321.885 321.555 321.175 320.81 320.49 320.113 319.75 319.383
341.018 340.793 340.575 340.38 340.185 339.755 339.315 339.11 338.755 338.36 337.935 337.495 337.023 336.523 336.043 335.943 334.75 333.815 333.17 332.61 332.13 331.743 331.38 331.05 331.135 330.853 330.083 329.8 329.503 329.105 328.788 328.485 328.238 328.008 327.778 327.565 327.345 327.135 326.918 326.743 326.538 326.383 326.223 326.078 325.97 325.79 325.688 325.565 325.41 325.18 324.97 324.725 324.48 324.213 323.905 323.593 323.105 322.81 322.605 322.343 322.03 321.683 321.32 320.99 320.665 320.315 320.01 319.618
341.235 341.098 340.9 340.785 340.59 340.275 339.645 339.188 339.055 338.683 338.285 337.843 337.348 336.825 336.3 335.66 335.43 334.483 333.368 332.77 332.298 331.968 331.733 331.778 331.815 330.775 330.383 330.105 329.753 329.423 329.045 328.688 328.413 328.185 327.945 327.735 327.498 327.313 327.133 326.955 326.738 326.578 326.438 326.3 326.148 325.993 325.87 325.78 325.61 325.358 325.125 324.913 324.65 324.338 324.005 323.655 323.433 323.25 322.985 322.478 322.148 321.818 321.515 321.215 320.93 320.615 320.298 319.94
341.405 341.265 341.16 341.075 340.87 340.605 340.195 339.44 339.223 338.978 338.605 338.19 337.71 337.245 336.625 335.978 335.2 334.858 334.178 333.033 332.585 332.248 332.383 332.285 331.548 331.135 330.79 330.475 330.163 329.768 329.39 328.988 328.685 328.413 328.15 327.923 327.718 327.47 327.28 327.125 326.935 326.768 326.633 326.5 326.353 326.203 326.085 325.958 325.783 325.565 325.353 325.165 324.965 324.448 324.13 323.903 323.743 323.47 323.053 322.598 322.295 322.02 321.743 321.463 321.193 320.903 320.603 320.24
341.575 341.445 341.378 341.298 341.158 340.89 340.483 340.105 339.708 339.298 338.93 338.513 338.065 337.63 336.985 336.195 335.485 334.635 334.678 333.43 332.888 332.64 332.808 332.025 331.74 331.415 331.113 330.9 330.565 330.21 329.795 329.395 329 328.665 328.393 328.158 327.93 327.658 327.42 327.305 327.14 326.963 326.828 326.67 326.563 326.4 326.27 326.125 325.98 325.783 325.56 325.355 325.023 324.683 324.445 324.16 323.798 323.538 323.185 322.843 322.523 322.253 321.995 321.7 321.473 321.185 320.883 320.565
