20220701_namedtuples/mapdata/sd8778_DSM_2M.asc
ncols 500
nrows 500
xllcorner    387000
yllcorner    478000
cellsize     2
NODATA_value -9999
[rows 465 to 495 of 500, columns 340 to 407 of 500]
577.031 577.023 577.003 577.08 577.249 577.492 577.756 578.114 578.535 578.784 579.093 579.243 579.56 579.893 580.44 581.084 581.778 582.086 582.823 583.169 583.495 584.284 584.761 584.895 584.652 584.527 584.525 584.095 583.477 582.542 581.611 580.561 579.297 578.164 577.088 576.835 576.792 576.745 576.756 576.649 576.561 576.556 576.6 576.57 576.488 576.398 576.501 576.589 576.604 576.662 576.852 576.991 577.161 577.296 577.461 577.489 577.519 577.816 578.116 579.329 579.964 580.813 581.554 582.411 582.935 583.437 583.98 584.814
576.667 576.697 576.792 576.877 577.063 577.336 577.627 577.974 578.41 578.667 578.934 579.131 579.353 579.898 580.167 580.565 581.199 581.79 582.335 582.868 583.234 583.71 584.139 584.341 584.353 584.519 584.591 583.996 583.319 582.469 581.326 580.193 579.304 578.18 577.07 576.775 576.745 576.715 576.645 576.587 576.432 576.437 576.395 576.47 576.356 576.201 576.346 576.557 576.376 576.491 576.652 576.746 576.93 577 577.125 577.381 577.434 577.828 579.025 580.022 580.698 581.384 582.192 582.655 583.232 583.724 584.361 584.923
575.839 575.909 576.195 576.413 576.802 577.103 577.493 577.849 578.251 578.503 578.784 579.018 579.311 579.913 580.098 580.543 581.114 581.61 581.935 582.656 582.946 583.515 583.814 583.876 584.122 584.386 584.089 583.689 582.898 582.324 581.239 580.278 579.277 578.356 577.341 576.85 576.589 576.568 576.569 576.371 576.284 576.191 576.203 576.302 576.116 576.098 576.205 576.34 576.37 576.4 576.484 576.611 576.737 576.896 577.121 577.31 577.559 578.056 579.04 580.214 581.12 581.971 582.565 583.194 583.714 584.206 584.837 585.537
575.723 575.902 576.094 576.269 576.408 576.793 577.215 577.784 578.104 578.394 578.682 579.007 579.384 579.574 580.078 580.373 580.605 580.759 581.469 581.963 582.238 582.668 583.076 583.465 583.772 583.905 583.884 583.627 582.753 582.206 581.189 580.235 579.223 578.274 577.224 576.634 576.43 576.43 576.367 576.295 576.231 576.188 576.14 576.236 576.088 576.028 576.117 576.202 576.288 576.34 576.345 576.442 576.62 576.935 577.562 577.283 577.724 579.206 579.739 580.769 581.685 582.542 583.209 583.589 584.195 584.581 585.432 586.051
575.304 575.515 575.702 575.704 576.015 576.386 576.877 577.395 577.794 578.171 578.541 578.911 579.297 579.466 579.915 580.176 580.391 580.623 581.012 581.772 582.139 582.592 582.883 583.024 583.465 583.684 583.563 583.23 582.679 582.063 581.159 580.152 579.126 578.206 577.136 576.412 576.343 576.301 576.19 576.207 576.078 576.197 576.059 575.967 575.928 575.82 575.888 575.909 575.956 576.241 576.233 576.462 577.046 577.799 577.202 577.468 578.597 579.419 580.434 581.431 581.973 582.62 583.456 583.927 584.429 585.255 585.762 586.781
575.058 575.335 575.555 575.67 575.88 576.305 576.945 577.587 577.839 578.113 578.448 578.699 579.158 579.373 579.794 580.079 580.232 580.389 580.558 580.897 581.213 581.618 581.839 581.809 582.271 582.425 582.344 582.182 581.927 581.473 580.843 579.974 578.98 577.972 576.949 576.177 576.074 576.079 576.079 576.089 576.058 575.98 575.959 575.937 575.855 575.814 575.842 575.88 575.888 576.119 576.249 576.475 576.668 577.013 577.169 577.855 578.941 580.112 581.05 581.888 582.704 583.635 584.079 584.767 585.224 585.907 586.615 587.582
574.799 575.066 575.442 575.591 575.789 576.17 576.553 577.01 577.355 577.7 577.99 578.184 578.694 579.103 579.406 579.659 579.916 580.024 580.321 580.712 580.981 581.325 581.39 581.414 581.824 582.235 582.352 582.072 581.844 581.384 580.823 580.015 579.047 578.078 577.16 576.282 575.975 575.858 575.936 575.949 576.03 575.781 575.961 575.943 575.711 575.737 575.737 575.795 575.881 576.124 576.351 577.258 576.798 577.03 578.166 578.954 580.198 580.57 581.287 582.27 583.022 583.829 584.495 585.113 585.672 586.119 586.901 587.796
574.48 574.901 575.145 575.37 575.714 575.997 576.244 576.67 577.15 577.431 577.869 578.278 578.578 579.181 579.413 579.495 579.609 579.831 580.034 580.553 580.537 580.701 580.862 580.911 580.949 581.082 581.064 580.839 580.74 580.534 580.215 579.157 578.226 577.37 576.449 575.777 575.921 575.751 575.759 575.751 575.755 575.685 575.566 575.522 575.555 575.597 575.695 575.891 576.037 576.278 576.574 576.949 577.241 577.658 578.294 579.434 580.194 581.121 581.729 582.598 583.594 584.411 585.178 585.737 586.505 587.378 587.795 588.698
574.522 574.916 575.038 575.248 575.59 575.93 576.111 576.457 576.888 577.132 577.445 577.848 578.168 578.567 578.765 578.897 579.021 579.223 579.578 579.649 579.999 580.256 580.378 580.435 580.551 580.489 580.274 580.466 580.409 580.091 580.047 579.121 578.158 577.324 576.395 575.847 575.81 575.744 575.878 575.744 575.693 575.665 575.596 575.507 575.494 575.533 575.672 575.955 576.202 576.454 576.741 576.777 577.769 578.544 579.759 580.483 581.055 581.665 582.761 583.717 584.422 584.72 585.617 586.146 587.04 587.7 588.367 588.656
574.372 574.854 575.137 575.365 575.509 575.647 575.959 576.077 576.708 577.005 577.304 577.579 577.865 578.167 578.495 578.764 579.002 579.268 579.47 579.703 580.032 580.017 580.166 579.966 579.788 579.797 579.687 579.703 579.808 579.527 579.132 578.689 577.737 576.907 576.047 575.727 575.68 575.596 575.606 575.482 575.477 575.509 575.416 575.421 575.303 575.405 575.712 575.984 576.485 576.705 576.806 577.406 578.102 579.205 580.155 580.778 581.453 581.967 582.838 583.769 584.568 585.186 586.049 586.675 587.57 588.357 588.993 589.569
574.221 574.701 575.117 575.369 575.478 575.679 575.938 576.025 576.495 576.868 577.16 577.43 577.733 577.982 578.289 578.461 578.652 578.874 579.013 579.225 579.394 579.111 578.911 578.99 578.971 578.829 578.889 578.874 578.737 578.784 578.282 577.828 577.156 576.444 575.826 575.54 575.475 575.528 575.447 575.428 575.392 575.393 575.328 575.333 575.216 575.46 575.801 576.144 577.252 576.785 576.806 577.888 578.8 579.72 580.692 581.204 581.948 582.756 583.659 584.283 585.693 586.427 586.882 587.554 588.32 588.717 589.29 589.718
574.073 574.375 574.705 575.071 575.219 575.359 575.546 575.716 575.893 576.211 576.506 577.021 577.514 577.707 578.001 578.099 578.34 578.491 578.488 578.582 578.805 578.705 578.581 578.727 578.835 578.81 578.765 578.584 578.517 578.422 577.692 577.177 576.516 575.843 575.569 575.406 575.301 575.41 575.355 575.317 575.239 575.246 575.195 575.21 575.234 575.918 576.124 576.438 576.6 576.92 577.717 578.673 579.681 580.236 581.05 581.752 582.196 583.167 584.125 585.382 585.78 586.516 586.941 587.536 588.523 589.142 589.746 590.228
573.906 574.339 574.694 574.93 575.124 575.186 575.461 575.556 575.838 576.168 576.378 576.769 577.051 577.319 577.669 577.802 577.923 578.075 578.271 578.26 578.275 578.28 577.965 578.001 578.121 578.066 578.147 578.052 577.776 577.661 577.027 576.543 575.858 575.321 575.165 575.114 575.122 575.171 575.215 575.208 575.15 575.087 575.024 575.118 575.425 575.836 576.113 576.332 576.576 577.307 577.751 578.663 579.801 580.655 581.721 582.203 582.894 583.591 584.694 585.853 586.92 587.226 587.656 587.977 588.517 589.064 589.724 590.24
573.699 574.318 574.634 574.835 574.972 574.927 575.148 575.246 575.297 575.481 575.663 576.086 576.306 576.619 576.73 576.851 576.926 577.147 577.403 577.706 577.699 577.836 577.68 577.772 577.815 577.723 577.759 577.604 577.404 576.962 576.545 576.257 575.578 575.107 575.13 575.115 575.001 575.158 575.078 575.051 575.016 574.904 574.779 575.097 575.536 575.95 576.111 576.248 576.746 577.712 578.687 579.494 580.391 581.319 582.127 582.93 583.461 583.962 585.148 586.236 587.111 587.445 587.791 588.01 588.405 589.088 589.74 590.237
573.589 573.991 574.252 574.519 574.679 574.745 574.933 575.005 575.114 575.299 575.488 575.93 576.286 576.573 576.679 576.7 576.813 576.97 576.929 577.222 577.25 577.377 577.478 577.555 577.525 577.366 577.209 577.177 576.979 576.617 576.176 575.613 575.271 574.914 574.852 574.735 574.886 575.421 575.128 574.7 574.685 574.629 574.664 574.943 575.288 575.718 576.042 576.599 577.12 578.234 578.859 580.053 580.501 581.463 582.46 583.112 583.794 584.538 585.283 586.921 587.57 587.689 587.917 588.073 588.368 588.806 589.392 589.821
573.771 574.013 574.251 574.367 574.412 574.574 574.725 574.755 574.934 575.097 575.187 575.489 575.597 575.738 575.771 575.911 575.932 575.989 575.941 576.082 576.149 576.436 576.533 576.716 576.794 576.911 576.859 576.633 576.447 576.121 575.763 575.389 575.136 574.938 574.851 574.68 574.675 574.961 574.837 574.633 574.586 574.592 574.6 575.086 575.403 575.584 576.1 576.976 577.939 578.584 579.56 580.387 581.121 582.388 582.88 583.9 584.858 586.046 586.282 587.34 587.581 587.734 587.843 587.985 588.386 588.86 589.475 589.693
573.213 573.593 573.998 574.239 574.428 574.425 574.524 574.733 574.787 574.917 575.09 575.218 575.312 575.535 575.693 575.758 575.734 575.748 575.798 575.813 576.22 576.403 576.456 576.537 576.672 576.5 576.433 576.291 575.952 575.559 575.201 574.952 574.976 575.059 574.646 574.493 574.39 574.376 574.394 574.365 574.415 574.379 574.419 574.549 574.657 575.469 576.587 577.683 578.334 579.023 580.062 580.724 581.668 582.405 583.197 583.976 585.004 586.087 586.785 587.59 587.686 587.719 587.763 587.862 588.225 588.735 589.326 589.523
573.047 573.479 573.854 574.16 574.444 574.422 574.585 574.708 574.781 574.816 574.985 575.019 575.043 575.243 575.465 575.513 575.429 575.276 575.175 575.123 575.138 575.143 575.085 575.045 575.178 574.975 574.941 574.839 575.352 575.25 574.487 574.422 574.419 574.577 574.453 574.369 574.337 574.31 574.268 574.186 574.27 574.285 574.363 574.435 574.795 575.299 576.535 577.675 578.755 579.58 580.363 581.181 582.08 582.688 583.493 584.435 585.785 586.215 587.489 587.693 587.684 587.72 587.825 588.006 588.254 588.814 589.259 589.488
572.869 573.25 573.636 573.759 574.489 574.728 574.973 575.037 574.796 574.876 574.916 574.697 574.753 574.972 575.389 575.2 575.082 575.043 574.964 574.902 574.871 574.92 574.995 574.948 574.842 574.95 574.929 574.866 575.516 574.787 574.454 574.323 574.287 574.289 574.313 574.252 574.259 574.218 574.085 574.051 574.164 574.153 574.135 574.34 574.661 576.123 577.524 578.056 579.221 580.191 581.191 581.542 582.111 582.984 583.994 584.995 585.753 586.949 587.468 587.729 587.792 587.672 587.792 588.202 588.412 588.944 589.254 589.478
572.713 573.184 573.746 573.725 574.15 574.602 574.806 574.775 574.717 574.71 574.7 574.682 574.75 574.902 575.509 574.918 574.804 574.789 574.732 574.696 574.588 574.642 574.622 574.573 574.614 574.525 574.322 574.475 574.32 574.242 574.145 574.074 574.074 574.016 574.023 573.997 574.06 574.015 573.947 573.931 574.01 574.008 574.12 574.553 575.263 576.465 577.611 578.433 579.236 580.258 581.071 581.844 582.268 583.367 584.356 585.512 586.475 587.264 587.812 587.943 587.861 587.813 588.031 588.274 588.439 588.88 589.258 589.568
572.493 573.121 573.94 573.727 573.905 574.174 574.222 574.281 574.592 574.592 574.492 574.486 574.67 574.612 574.761 574.699 574.599 574.529 574.467 574.493 574.389 574.489 574.501 574.456 574.443 574.325 574.18 574.185 574.129 574.099 574.071 573.958 573.979 573.934 574.014 574.012 573.997 573.958 573.839 573.909 573.886 573.91 574.088 574.89 575.895 576.765 577.893 579.008 580.001 580.681 581.434 582.133 582.862 583.65 584.768 585.66 586.854 587.55 587.927 588.064 588.028 587.91 588.092 588.292 588.484 588.888 589.296 589.614
572.024 572.655 573.399 573.637 573.802 574.123 574.145 574.252 574.446 574.519 574.446 574.451 574.603 574.602 574.773 574.672 574.555 574.463 574.4 574.394 574.283 574.361 574.426 574.335 574.334 574.161 574.047 573.979 573.922 573.951 573.964 573.828 573.845 573.841 573.853 573.795 573.809 573.748 573.595 573.703 573.558 573.765 574.113 575.329 576.238 577.154 578.357 579.181 579.89 580.805 581.498 582.068 583.019 584.049 585.244 586.068 587.318 587.903 587.983 588.128 588.246 588.126 588.155 588.223 588.581 588.797 589.098 589.485
572.031 572.679 573.384 573.581 573.652 573.9 573.94 574.22 574.328 574.379 574.315 574.431 574.528 574.483 574.552 574.465 574.388 574.238 574.154 574.101 574.095 574.079 574.08 573.985 573.982 573.993 573.856 573.878 573.85 573.797 573.824 573.767 573.756 573.771 573.763 573.738 573.703 573.653 573.591 573.612 573.529 573.652 574.208 575.439 576.618 577.688 578.58 579.438 580.045 580.799 581.422 582.854 583.811 584.896 585.833 586.976 587.906 587.945 588.033 588.188 588.23 588.207 588.222 588.283 588.612 588.835 589.138 589.504
571.878 572.577 572.895 573.247 573.301 573.356 573.565 573.893 574.078 574.295 574.361 574.43 574.502 574.476 574.499 574.439 574.296 574.203 574.122 574.111 574.13 574.023 574.009 573.993 573.872 573.958 573.815 573.813 573.746 573.713 573.657 573.683 573.663 573.656 573.662 573.681 573.577 573.532 573.522 573.49 573.382 573.449 574.45 575.763 577.104 577.991 578.672 579.41 580.073 580.89 581.843 583.142 584.154 585.139 586.004 586.918 587.779 587.932 588.099 588.272 588.272 588.223 588.236 588.368 588.795 588.836 589.271 589.508
571.575 572.51 572.876 573.208 573.309 573.28 573.618 573.928 573.966 574.28 574.372 574.447 574.447 574.412 574.447 574.321 574.211 574.07 573.875 573.856 573.876 573.811 573.796 573.817 573.755 573.708 573.64 573.573 573.551 573.509 573.61 573.59 573.507 573.512 573.551 573.565 573.526 573.459 573.401 573.427 573.367 573.252 574.775 576.033 577.264 578.161 578.845 579.383 580.162 581.18 582.161 583.343 584.648 585.783 586.747 587.437 587.758 588.024 588.198 588.443 588.405 588.366 588.36 588.445 588.683 588.832 589.143 589.42
571.315 572.106 572.295 572.368 572.393 572.51 572.822 573.002 573.564 573.766 573.969 574.099 574.274 574.308 574.373 574.227 573.998 573.716 573.707 573.78 573.814 573.776 573.725 573.723 573.693 573.641 573.585 573.546 573.514 573.48 573.569 573.521 573.387 573.401 573.473 573.426 573.439 573.354 573.251 573.138 573.189 573.214 574.926 576.241 577.225 578.264 578.855 579.706 580.666 581.661 582.581 583.71 584.985 586.057 587.274 587.552 587.676 588.023 588.297 588.364 588.335 588.299 588.426 588.547 588.674 588.792 589.095 589.303
570.986 571.536 571.813 571.919 571.908 572.068 572.421 572.937 573.419 573.777 573.953 574.073 574.238 574.313 574.295 574.069 573.688 573.44 573.498 573.639 573.682 573.682 573.604 573.545 573.436 573.365 573.289 573.297 573.278 573.227 573.227 573.292 573.239 573.29 573.19 573.22 573.225 573.292 573.312 573.188 572.997 573.668 575.069 576.274 577.34 578.301 579.115 579.929 580.884 581.883 582.965 584.624 585.605 586.648 587.588 587.662 587.795 588.097 588.212 588.248 588.382 588.225 588.236 588.307 588.285 588.662 589.002 589.263
570.669 571.268 571.278 571.212 571.462 571.679 572.03 572.438 572.808 573.151 573.638 573.773 574.017 574.241 574.103 574.189 574.334 573.891 573.397 573.184 573.494 573.586 573.581 573.518 573.352 573.284 573.196 573.19 573.172 573.181 573.193 573.346 573.244 573.203 573.165 573.234 573.206 573.285 573.42 573.182 572.905 573.98 575.14 576.193 577.221 578.205 579.133 580.211 581.58 582.498 583.803 584.887 585.93 586.891 587.483 587.713 587.843 588.061 588.127 588.223 588.226 588.207 588.156 588.06 588.244 588.599 589 589.338
569.298 569.996 570.367 570.421 571.149 571.508 571.817 572.131 572.602 573.008 573.345 573.696 573.916 574.181 574.129 574.223 574.264 574.031 573.218 573.068 573.399 573.487 573.551 573.461 573.24 573.15 573.092 573.03 572.947 572.984 573.04 573.09 573.137 573.073 573.102 573.146 573.069 573.168 573.059 572.932 572.923 573.759 574.718 576.257 577.315 578.372 579.3 580.404 581.427 582.757 584.067 585.049 586.149 587.154 587.518 587.761 587.948 588.042 588.089 588.065 587.88 587.88 587.704 587.706 588.01 588.246 588.575 589.218
569.413 569.875 570.098 570.396 570.59 570.996 571.51 571.932 572.387 572.709 572.999 573.348 573.756 573.983 574.256 574.752 574.858 574.512 573.844 573.425 573.326 573.428 573.599 573.441 573.21 573.061 572.978 572.977 572.871 572.909 572.955 573.011 573.065 573.044 573.046 573.085 573.081 573.101 573.047 572.944 572.99 573.932 575.164 576.379 577.466 578.606 579.805 580.596 581.793 583.143 584.536 585.461 586.26 587.036 587.452 587.702 587.917 587.965 588.034 588.035 587.794 587.674 587.733 587.807 588.049 588.277 588.516 589.008
568.106 568.596 569.087 569.536 569.867 570.407 570.82 571.447 571.927 572.442 572.79 573.037 573.45 573.907 574.267 574.591 574.874 574.55 573.825 573.526 573.354 573.447 573.568 573.386 573.192 573.025 572.84 572.845 572.798 572.878 572.942 572.866 572.918 572.982 572.945 573.025 573.046 572.916 572.851 572.876 573.121 574.224 575.486 576.733 577.283 578.838 579.6 580.831 581.967 583.573 584.581 585.413 586.352 586.977 587.547 587.824 587.839 587.886 587.962 587.91 587.529 587.464 587.665 587.901 588.124 588.329 588.467 588.487
