20220701_namedtuples/mapdata/sd8778_DSM_2M.asc
ncols 500
nrows 500
xllcorner    387000
yllcorner    478000
cellsize     2
NODATA_value -9999
[rows 62 to 92 of 500, columns 0 to 67 of 500]
541.684 541.669 541.681 541.654 541.754 541.731 541.729 541.656 541.629 541.589 541.554 541.482 541.506 541.474 541.349 541.246 541.079 541.026 540.996 541.054 541.164 541.204 541.259 541.309 541.369 541.394 541.374 541.286 541.334 541.371 541.364 541.414 541.439 541.501 541.514 541.539 541.509 541.454 541.529 541.401 540.991 540.909 541.206 541.572 541.629 541.641 541.599 541.609 541.667 541.634 541.519 541.562 541.619 541.707 541.794 541.687 541.539 541.432 541.417 541.412 541.367 541.349 541.307 541.272 541.169 541.054 541.099 541.094
541.761 541.746 541.889 541.866 541.854 541.844 541.831 541.857 541.857 541.854 541.739 541.686 541.687 541.646 541.617 541.427 541.269 541.219 541.177 541.309 541.361 541.516 541.557 541.599 541.654 541.719 541.691 541.704 541.691 541.651 541.607 541.664 541.654 541.694 541.687 541.804 541.846 541.764 541.734 541.704 541.427 541.112 541.446 541.821 541.869 541.869 541.759 541.701 541.834 541.889 541.872 541.952 541.992 542.059 542.134 542.049 542.024 541.897 541.737 541.559 541.479 541.472 541.472 541.447 541.357 541.292 541.287 541.242
541.856 542.031 542.034 541.959 542.001 541.999 542.006 542.049 542.011 542.034 541.901 541.859 541.802 541.836 541.769 541.636 541.482 541.384 541.354 541.329 541.607 541.716 541.714 541.739 541.859 541.894 541.881 541.896 541.987 541.937 541.884 541.919 541.941 541.994 542.024 542.047 542.096 541.999 541.966 541.876 541.721 541.456 541.664 542.102 542.156 542.136 542.089 542.054 542.129 542.254 542.299 542.322 542.324 542.339 542.332 542.264 542.212 542.302 542.079 541.694 541.592 541.664 541.959 541.802 541.534 541.549 541.552 541.492
542.209 542.211 542.211 542.229 542.239 542.199 542.224 542.319 542.294 542.271 542.119 542.079 542.016 541.979 541.919 541.836 541.716 541.654 541.414 541.299 541.776 541.874 541.836 541.792 541.857 542.031 542.156 542.199 542.194 542.211 542.196 542.209 542.199 542.232 542.286 542.324 542.286 542.197 542.271 542.276 541.996 541.764 542.102 542.419 542.581 542.559 542.594 542.521 542.552 542.679 542.697 542.659 542.647 542.734 542.709 542.652 542.574 542.647 542.392 541.809 541.667 542.014 542.477 542.007 541.792 541.764 541.817 541.857
542.384 542.456 542.557 542.511 542.487 542.484 542.524 542.494 542.406 542.401 542.401 542.341 542.324 542.246 542.124 542.004 541.862 541.814 541.649 541.734 542.026 542.174 542.179 542.074 542.159 542.246 542.406 542.374 542.419 542.434 542.446 542.456 542.434 542.469 542.526 542.474 542.466 542.509 542.589 542.576 542.151 542.044 542.324 542.756 542.876 542.917 542.959 542.986 543.069 543.116 543.144 543.067 543.079 543.134 543.094 543.074 543.157 543.014 542.479 541.967 541.892 542.234 542.797 542.322 541.929 541.969 542.157 541.974
542.649 542.526 542.682 542.817 542.651 542.682 542.732 542.689 542.619 542.614 542.596 542.591 542.641 542.494 542.379 542.156 541.836 541.954 542.187 542.281 542.341 542.386 542.461 542.417 542.554 542.614 542.607 542.594 542.609 542.602 542.607 542.574 542.649 542.701 542.739 542.744 542.756 542.829 542.911 542.844 542.386 542.141 542.484 542.994 543.159 543.237 543.302 543.357 543.524 543.616 543.602 543.524 543.502 543.524 543.644 543.639 543.607 543.452 542.739 542.392 542.507 542.764 542.902 542.337 542.122 542.297 542.482 542.107
542.876 542.672 542.656 542.914 542.834 542.884 542.909 542.896 542.839 542.849 542.811 542.779 542.756 542.716 542.564 542.439 541.979 542.156 542.439 542.494 542.674 542.629 542.624 542.739 542.876 542.826 542.759 542.769 542.874 542.969 542.819 542.792 542.841 542.886 542.989 543.086 543.159 543.164 543.206 543.179 542.961 542.401 542.626 543.274 543.471 543.544 543.664 543.764 543.889 543.986 543.964 543.984 543.909 543.829 544.047 544.117 544.072 543.687 543.129 542.949 543.309 543.457 542.999 542.452 542.392 542.647 542.779 542.519
543.121 543.021 543.016 543.179 543.052 543.049 543.109 543.044 542.971 543.004 543.109 543.042 542.939 542.814 542.721 542.661 542.629 542.699 542.596 542.696 542.789 542.799 542.814 542.946 542.939 542.922 542.904 543.062 543.104 543.094 543.096 543.089 543.116 543.206 543.299 543.409 543.466 543.461 543.526 543.494 543.339 542.802 542.886 543.586 543.836 543.886 543.947 543.994 544.139 544.224 544.312 544.367 544.307 544.249 544.477 544.432 544.372 544.062 543.594 543.207 543.584 543.822 543.174 542.744 542.712 542.954 543.147 543.024
543.501 543.511 543.334 543.341 543.314 543.344 543.319 543.299 543.209 543.254 543.349 543.216 543.112 543.001 542.951 542.964 542.899 542.786 542.836 542.942 543.034 543.064 543.144 543.159 543.091 543.086 543.124 543.269 543.246 543.331 543.379 543.531 543.529 543.549 543.644 543.696 543.739 543.749 543.899 543.884 543.746 543.196 543.432 543.961 544.141 544.182 544.266 544.302 544.432 544.554 544.609 544.682 544.677 544.589 544.632 544.569 544.382 543.884 543.664 543.544 543.902 543.934 543.404 543.069 543.047 543.229 543.407 543.257
543.894 543.769 543.749 543.797 543.739 543.737 543.649 543.466 543.501 543.596 543.654 543.549 543.469 543.432 543.089 542.804 542.939 542.879 543.189 543.109 543.209 543.264 543.357 543.344 543.391 543.442 543.401 543.371 543.539 543.701 543.789 543.829 543.831 543.869 543.996 543.959 544.116 544.179 544.216 544.227 544.067 543.526 543.894 544.376 544.446 544.566 544.684 544.672 544.709 544.864 544.954 545.044 544.947 544.787 544.659 544.702 544.467 544.357 544.182 544.187 544.244 544.174 543.779 543.464 543.457 543.552 543.764 543.739
544.029 543.911 543.911 544.001 543.899 543.896 543.841 543.599 543.687 543.886 543.949 543.974 543.919 543.716 542.629 542.386 543.001 543.499 543.639 543.399 543.394 543.494 543.639 543.579 543.679 543.716 543.651 543.616 543.911 544.039 544.047 544.076 544.109 544.206 544.324 544.409 544.466 544.444 544.511 544.534 544.471 544.201 544.057 544.669 544.794 544.864 544.999 545.107 545.084 545.201 545.312 545.139 544.944 544.827 544.817 545.022 545.134 544.989 544.799 544.704 544.582 544.557 544.299 544.077 543.904 543.937 544.127 544.254
544.599 544.326 544.126 544.066 544.099 544.311 544.269 544.221 543.964 544.126 544.389 544.554 544.466 543.579 542.792 542.894 543.624 544.031 544.216 543.941 543.521 543.524 543.852 544.064 543.929 543.859 543.969 544.076 544.194 544.321 544.389 544.409 544.494 544.621 544.746 544.797 544.829 544.779 544.769 544.792 544.836 544.829 544.797 544.919 545.096 545.214 545.271 545.371 545.439 545.471 545.307 544.962 544.842 544.847 544.972 545.277 545.709 545.532 545.157 545.014 544.839 545.099 544.927 544.637 544.489 544.507 544.494 544.649
544.984 544.917 544.724 544.641 544.679 544.691 544.769 544.746 544.271 544.469 544.939 544.996 544.811 543.794 543.179 543.729 544.317 544.354 544.434 544.021 543.696 543.614 544.074 544.406 544.299 544.264 544.331 544.331 544.427 544.589 544.701 544.776 544.891 544.934 545.014 544.974 545.112 545.019 545.079 545.102 545.209 545.211 545.209 545.159 545.422 545.596 545.646 545.682 545.786 545.459 545.124 544.999 544.889 544.919 544.977 545.139 545.652 545.722 545.612 545.364 545.379 545.637 545.642 545.367 545.047 545.029 544.962 545.294
545.214 545.289 545.299 545.279 545.156 545.259 545.249 545.129 544.501 544.741 545.201 545.244 545.139 544.664 543.661 544.011 544.701 544.669 544.344 543.876 543.901 543.966 544.481 544.839 544.769 544.544 544.444 544.574 544.664 544.854 544.999 545.111 545.174 545.209 545.281 545.391 545.324 545.211 545.359 545.506 545.534 545.602 545.659 545.434 545.689 545.987 546.081 546.177 546.174 545.386 545.399 545.167 545.092 545.242 545.257 545.329 545.769 545.989 545.899 545.799 545.924 546.072 546.017 545.937 545.559 545.524 545.579 545.679
545.477 545.727 545.841 545.721 545.491 545.409 545.494 545.524 544.886 544.829 545.391 545.446 545.432 545.064 543.852 544.109 544.867 544.917 544.446 544.016 544.047 544.119 544.684 545.187 545.029 544.929 544.911 544.806 544.859 545.106 545.224 545.284 545.429 545.366 545.656 545.699 545.439 545.352 545.716 545.846 545.922 545.959 545.864 545.891 546.091 546.356 546.474 546.581 546.566 545.711 545.924 545.677 545.477 545.654 545.837 545.684 546.122 546.242 546.247 546.262 546.337 546.359 546.342 546.297 545.912 545.877 545.864 545.927
545.754 546.042 546.112 546.057 545.991 545.886 545.927 545.744 545.061 545.004 545.547 545.617 545.451 545.079 544.006 544.039 544.961 545.259 544.984 544.316 544.151 544.144 544.516 545.354 545.294 545.187 545.249 545.371 545.371 545.361 545.449 545.564 545.604 545.744 545.819 545.951 545.804 545.714 546.079 546.309 546.384 546.319 546.229 546.424 546.449 546.607 546.741 546.771 546.756 546.654 546.567 546.207 546.004 546.049 546.672 546.319 546.449 546.499 546.619 546.659 546.659 546.602 546.517 546.544 546.262 546.254 546.202 546.229
546.031 546.261 546.364 546.381 546.276 546.286 545.919 545.411 545.192 545.536 545.956 546.009 545.917 545.339 544.294 544.164 545.261 545.761 545.719 545.302 544.641 544.379 544.474 545.389 545.599 545.479 545.482 545.661 545.714 545.696 545.727 545.874 545.894 545.984 546.209 546.276 546.264 545.934 546.304 546.634 546.751 546.677 546.616 546.624 546.682 546.914 546.956 546.944 546.927 546.964 546.864 546.794 546.742 546.804 546.812 546.769 546.679 546.669 546.774 546.794 546.862 546.892 546.864 546.824 546.779 546.739 546.634 546.607
546.261 546.506 546.659 546.607 546.524 546.529 545.951 545.519 545.617 546.144 546.439 546.442 546.359 545.437 544.261 544.504 545.432 546.079 546.131 545.874 545.336 545.036 544.979 545.324 545.801 545.792 545.681 545.814 545.869 545.876 546.094 546.149 546.182 546.289 546.362 546.529 546.496 546.307 546.442 546.819 546.894 546.946 547.009 546.869 546.869 547.112 547.206 547.182 547.246 547.271 547.104 547.024 547.214 547.274 546.964 547.049 546.989 546.954 546.904 547.109 547.194 547.209 547.247 547.189 547.047 547.169 547.069 547.029
546.629 546.929 547.039 546.876 546.819 546.814 546.564 545.984 546.251 546.816 546.824 546.692 546.614 545.994 545.294 544.549 545.399 546.109 546.194 545.919 545.431 545.234 545.246 545.557 546.036 546.099 546.229 546.349 546.299 546.232 546.584 546.621 546.571 546.689 546.809 546.746 546.804 546.866 547.042 547.042 547.121 547.314 547.352 547.294 547.256 547.317 547.464 547.562 547.561 547.547 547.449 547.287 547.527 547.604 547.252 547.259 547.229 547.239 547.194 547.379 547.504 547.582 547.599 547.712 547.794 547.749 547.674 548.279
546.789 547.154 547.369 547.156 547.011 547.016 547.089 546.987 547.001 547.121 547.086 546.969 546.834 546.439 545.677 544.986 545.744 546.136 546.189 545.984 545.516 545.504 545.649 546.102 546.292 546.501 546.802 546.866 546.866 546.927 547.021 547.174 547.116 547.124 547.211 547.066 547.159 547.359 547.586 547.624 547.552 547.982 548.112 548.062 547.986 547.814 547.802 547.826 547.831 547.792 547.842 547.804 547.837 547.867 547.647 547.634 547.479 547.507 547.454 547.549 547.782 548.034 548.027 548.197 548.517 548.547 548.732 548.909
546.896 547.051 547.469 547.461 547.399 547.299 547.352 547.229 547.319 547.389 547.259 547.167 546.997 546.314 545.591 545.247 545.739 546.424 546.409 546.427 546.206 546.346 546.496 546.641 546.929 547.081 547.224 547.109 547.079 547.197 547.404 547.571 547.651 547.649 547.639 547.514 547.602 547.989 548.139 548.042 548.044 548.409 548.464 548.427 548.336 548.121 547.996 547.952 547.969 547.864 547.997 548.329 548.252 548.202 548.187 548.062 548.004 547.884 547.707 547.852 548.029 548.379 548.722 548.902 549.154 549.124 549.167 549.274
547.184 547.169 547.649 547.699 547.539 547.352 547.344 547.362 547.501 547.441 547.349 547.244 547.042 546.672 546.021 545.821 545.961 546.461 546.771 546.927 546.669 547.069 546.879 546.836 547.439 547.496 547.501 547.461 547.626 547.802 547.859 547.944 548.044 548.167 548.161 547.871 547.869 548.302 548.489 548.514 548.584 548.754 548.754 548.784 548.699 548.319 548.119 548.131 548.156 548.089 548.032 548.422 548.684 548.467 548.477 548.364 548.372 548.139 548.079 548.224 548.397 548.699 549.214 549.339 549.424 549.399 549.277 549.217
547.362 547.352 547.906 547.946 547.871 547.639 547.619 547.659 547.644 547.749 547.674 547.437 547.206 547.116 546.759 546.456 546.591 546.619 546.761 547.059 546.779 547.329 547.197 547.489 547.659 547.736 547.706 547.866 548.014 548.159 548.149 548.172 548.369 548.529 548.584 548.182 548.134 548.584 548.844 548.929 549.001 549.109 549.112 549.094 549.139 548.661 548.431 548.391 548.396 548.439 548.524 548.904 548.847 548.664 548.574 548.597 548.534 548.304 548.382 548.617 548.969 549.329 549.742 549.654 549.819 549.789 549.424 549.232
547.744 547.569 548.126 548.159 548.141 547.979 548.014 548.019 548.042 548.102 548.052 547.861 547.704 547.367 547.094 547.042 547.102 546.831 546.822 547.024 547.224 547.607 547.741 547.996 547.964 548.014 548.049 548.329 548.376 548.394 548.367 548.509 548.756 548.871 548.934 548.544 548.536 548.909 549.102 549.246 549.264 549.369 549.414 549.414 549.304 548.866 548.759 548.641 548.609 548.716 548.872 549.124 549.172 549.009 548.777 548.729 548.649 548.574 548.682 548.884 549.349 549.657 549.892 549.807 549.777 549.634 549.477 549.274
548.141 547.999 548.322 548.299 548.234 548.264 548.352 548.354 548.396 548.436 548.376 548.269 548.069 547.581 547.536 547.509 547.544 547.216 547.019 547.024 547.432 547.939 547.937 548.216 548.414 548.374 548.477 548.719 548.779 548.876 548.909 548.929 549.109 549.216 549.151 548.711 548.816 549.244 549.346 549.396 549.504 549.581 549.699 549.682 549.302 548.999 549.069 549.154 549.146 549.104 549.037 549.384 549.522 549.382 549.222 549.052 548.994 549.224 549.434 549.669 550.022 550.062 550.072 549.934 549.669 549.552 549.542 549.352
548.414 548.484 548.539 548.529 548.591 548.631 548.629 548.721 548.679 548.669 548.641 548.524 548.304 547.799 547.774 547.684 547.864 547.391 547.204 547.214 548.034 548.384 548.314 548.361 548.494 548.552 548.764 549.044 549.154 549.177 549.187 549.271 549.411 549.484 549.444 549.011 549.124 549.314 549.461 549.567 549.744 549.792 549.959 549.819 549.232 549.192 549.441 549.616 549.949 549.724 549.492 549.922 549.837 549.839 549.834 549.714 549.617 549.892 549.984 550.224 550.509 550.499 550.342 550.179 549.842 549.627 549.587 549.527
548.591 548.607 548.699 548.744 548.709 548.659 548.764 548.886 548.867 548.849 548.829 548.719 548.574 548.004 547.927 548.184 548.441 547.874 547.399 547.584 548.411 548.694 548.614 548.641 548.719 548.849 549.141 549.381 549.499 549.484 549.496 549.609 549.739 549.821 549.822 549.339 549.239 549.261 549.326 549.729 550.109 550.114 550.251 549.917 549.531 549.699 549.636 549.694 550.011 550.259 550.099 550.047 550.312 550.542 550.394 550.152 550.379 550.534 550.464 550.682 550.839 550.867 550.782 550.669 550.159 549.829 549.672 549.657
548.797 548.739 548.776 548.891 549.034 548.911 548.964 549.139 549.049 549.019 548.982 548.956 548.636 548.057 548.094 548.824 548.802 548.139 547.704 547.939 548.774 548.922 548.977 549.031 549.194 549.294 549.454 549.629 549.746 549.802 549.866 549.919 549.974 550.026 550.042 549.682 549.326 549.379 549.574 550.026 550.372 550.359 550.286 550.161 550.264 550.164 549.996 550.106 550.276 550.646 550.507 550.377 550.542 550.777 550.727 550.637 550.942 551.044 550.932 551.017 551.109 551.192 551.184 551.122 550.587 550.054 549.762 549.727
549.124 549.061 549.319 549.349 549.519 549.357 549.266 549.227 549.251 549.241 549.164 549.227 548.817 548.279 548.526 549.302 549.144 548.362 548.329 548.924 549.096 549.149 549.161 549.359 549.514 549.636 549.792 549.919 550.021 550.079 550.112 550.184 550.246 550.297 550.232 549.739 549.401 549.411 549.779 550.071 550.444 550.519 550.384 550.317 550.369 550.424 550.459 550.604 550.696 551.141 551.157 550.572 550.602 551.107 551.162 551.254 551.354 551.362 551.307 551.239 551.352 551.522 551.542 551.434 550.797 550.284 550.019 549.892
549.529 549.619 549.682 549.789 549.932 549.636 549.362 549.346 549.464 549.439 549.381 549.309 549.334 548.857 548.761 549.306 549.364 549.062 549.357 549.524 549.469 549.246 549.179 549.482 549.854 549.989 549.989 550.076 550.151 550.319 550.319 550.292 550.394 550.464 550.471 549.814 549.576 549.714 550.076 550.524 550.804 550.679 550.499 550.446 550.439 550.519 550.691 551.019 551.196 551.521 551.467 550.809 550.914 551.222 551.557 551.702 551.659 551.547 551.492 551.484 551.559 551.642 551.734 551.472 550.819 550.524 550.264 550.119
550.182 550.129 550.199 550.121 550.146 549.686 549.466 549.516 549.656 549.596 549.356 549.612 549.711 549.631 549.246 549.344 549.759 549.817 549.929 549.849 549.679 549.494 549.564 549.802 550.071 550.159 550.187 550.232 550.322 550.419 550.366 550.427 550.531 550.621 550.586 549.984 549.614 549.846 550.374 550.807 550.836 550.626 550.454 550.649 550.774 550.684 550.914 551.196 551.424 551.691 551.739 551.577 551.562 551.602 551.644 551.764 551.644 551.779 551.829 551.792 551.682 551.622 551.527 551.297 551.169 550.917 550.597 550.439
