20220701_namedtuples/mapdata/sd8776_DSM_2M.asc
ncols 500
nrows 500
xllcorner    387000
yllcorner    476000
cellsize     2
NODATA_value -9999
[rows 240 to 269 of 500, columns 340 to 407 of 500]
298.09 298.055 298.047 298.082 298.13 298.19 298.235 298.312 298.36 298.41 298.482 298.495 298.485 298.505 298.47 298.485 298.452 298.462 298.415 298.422 298.402 298.382 298.392 298.352 298.357 298.352 298.332 298.302 298.29 298.287 298.325 298.34 298.347 298.32 298.337 298.38 298.432 298.492 298.517 298.527 298.552 298.657 298.655 298.667 298.707 298.792 298.82 298.887 298.977 299.095 299.247 299.382 299.497 299.592 299.672 299.807 299.88 299.882 299.825 299.75 299.685 299.665 299.597 299.57 299.562 299.547 299.532 299.517
297.987 297.955 297.952 297.992 298 298.035 298.127 298.222 298.267 298.347 298.4 298.432 298.46 298.457 298.477 298.46 298.427 298.405 298.385 298.387 298.377 298.34 298.32 298.317 298.307 298.297 298.267 298.27 298.245 298.255 298.282 298.29 298.327 298.302 298.297 298.312 298.387 298.442 298.455 298.47 298.515 298.597 298.587 298.627 298.652 298.627 298.67 298.762 298.867 298.99 299.107 299.252 299.355 299.462 299.57 299.69 299.752 299.732 299.66 299.62 299.54 299.512 299.46 299.445 299.435 299.402 299.392 299.382
297.897 297.852 297.867 297.865 297.882 297.912 298.04 298.13 298.17 298.232 298.27 298.317 298.407 298.427 298.442 298.425 298.382 298.35 298.297 298.297 298.312 298.312 298.27 298.247 298.267 298.232 298.237 298.212 298.205 298.237 298.235 298.22 298.245 298.245 298.252 298.277 298.297 298.372 298.395 298.422 298.495 298.532 298.535 298.555 298.545 298.56 298.582 298.642 298.707 298.837 298.96 299.105 299.26 299.36 299.477 299.582 299.61 299.592 299.52 299.482 299.447 299.382 299.317 299.317 299.287 299.28 299.262 299.232
297.752 297.73 297.75 297.765 297.79 297.81 297.91 298.007 298.077 298.09 298.155 298.247 298.327 298.377 298.402 298.392 298.367 298.3 298.247 298.227 298.215 298.265 298.21 298.177 298.212 298.207 298.195 298.162 298.157 298.172 298.155 298.172 298.21 298.185 298.192 298.197 298.242 298.285 298.32 298.342 298.437 298.492 298.455 298.472 298.515 298.495 298.495 298.56 298.602 298.705 298.805 298.98 299.087 299.217 299.322 299.455 299.547 299.477 299.417 299.375 299.322 299.272 299.222 299.205 299.227 299.17 299.135 299.065
297.755 297.7 297.68 297.682 297.697 297.735 297.785 297.86 297.91 297.945 297.995 298.135 298.235 298.307 298.335 298.357 298.322 298.28 298.225 298.18 298.157 298.195 298.15 298.102 298.137 298.162 298.13 298.142 298.125 298.112 298.135 298.137 298.172 298.132 298.097 298.145 298.17 298.207 298.232 298.262 298.32 298.355 298.382 298.437 298.45 298.457 298.43 298.485 298.51 298.61 298.72 298.88 298.947 299.06 299.197 299.355 299.407 299.342 299.265 299.245 299.22 299.147 299.13 299.127 299.105 299.057 299.042 299.03
297.702 297.655 297.635 297.632 297.655 297.647 297.685 297.692 297.735 297.772 297.84 297.957 298.09 298.21 298.26 298.262 298.262 298.21 298.162 298.117 298.092 298.09 298.085 298.06 298.055 298.06 298.09 298.09 298.085 298.052 298.062 298.11 298.117 298.055 298.057 298.077 298.092 298.142 298.155 298.187 298.252 298.255 298.302 298.34 298.357 298.355 298.37 298.357 298.43 298.557 298.657 298.79 298.885 298.965 299.105 299.23 299.257 299.167 299.12 299.082 299.062 299.02 298.985 299.005 298.997 298.962 298.94 298.997
297.652 297.607 297.592 297.592 297.6 297.605 297.62 297.585 297.595 297.622 297.677 297.767 297.915 298.032 298.125 298.135 298.15 298.11 298.065 298.072 298.05 298.052 298.055 298.01 297.995 298.03 298.022 298 298.025 297.987 297.982 298.002 298.04 297.99 298.027 298.032 298.02 298.082 298.08 298.135 298.195 298.155 298.205 298.24 298.24 298.232 298.287 298.305 298.355 298.462 298.56 298.687 298.755 298.85 299.015 299.122 299.092 299.03 298.967 298.97 298.915 298.86 298.875 298.897 298.855 298.85 298.882 298.96
297.585 297.555 297.545 297.562 297.59 297.55 297.522 297.485 297.545 297.542 297.547 297.62 297.705 297.812 297.912 297.96 297.98 297.985 297.965 298.025 298.002 297.962 297.98 297.965 297.947 297.917 297.92 297.922 297.94 297.925 297.94 297.95 297.945 297.935 297.937 297.975 297.992 298.022 298.025 298.082 298.087 298.08 298.087 298.137 298.14 298.177 298.207 298.24 298.317 298.4 298.477 298.587 298.64 298.765 298.932 299.002 298.942 298.875 298.82 298.855 298.817 298.777 298.78 298.792 298.752 298.762 298.777 298.912
297.51 297.502 297.49 297.48 297.51 297.502 297.462 297.422 297.46 297.472 297.47 297.505 297.595 297.665 297.722 297.762 297.775 297.755 297.81 297.927 297.927 297.847 297.905 297.87 297.825 297.805 297.82 297.825 297.837 297.852 297.855 297.877 297.88 297.865 297.902 297.917 297.937 297.972 297.977 298.03 298.005 298.002 298.01 298.047 298.062 298.1 298.145 298.195 298.252 298.34 298.427 298.507 298.565 298.685 298.812 298.817 298.79 298.71 298.702 298.72 298.685 298.677 298.675 298.66 298.637 298.65 298.672 298.88
297.42 297.43 297.427 297.44 297.432 297.435 297.39 297.367 297.387 297.407 297.402 297.437 297.487 297.517 297.535 297.567 297.575 297.522 297.642 297.797 297.84 297.792 297.805 297.767 297.692 297.695 297.747 297.737 297.782 297.765 297.795 297.81 297.78 297.807 297.812 297.85 297.897 297.897 297.937 297.947 297.907 297.905 297.945 297.97 297.987 298.025 298.065 298.11 298.185 298.26 298.342 298.422 298.46 298.575 298.697 298.647 298.62 298.592 298.612 298.6 298.595 298.57 298.572 298.545 298.522 298.55 298.552 299.052
297.365 297.36 297.345 297.35 297.37 297.362 297.315 297.325 297.335 297.34 297.36 297.375 297.387 297.372 297.407 297.407 297.385 297.352 297.517 297.655 297.705 297.662 297.7 297.63 297.595 297.597 297.642 297.702 297.677 297.727 297.73 297.717 297.73 297.742 297.795 297.82 297.845 297.812 297.867 297.887 297.812 297.807 297.867 297.92 297.937 297.977 298.012 298.035 298.107 298.185 298.27 298.317 298.355 298.455 298.562 298.51 298.467 298.482 298.505 298.447 298.492 298.472 298.47 298.442 298.432 298.415 298.48 298.845
297.317 297.322 297.312 297.292 297.312 297.28 297.247 297.262 297.272 297.265 297.287 297.282 297.27 297.285 297.285 297.282 297.23 297.23 297.37 297.472 297.525 297.51 297.527 297.495 297.51 297.542 297.525 297.605 297.632 297.61 297.622 297.602 297.63 297.7 297.752 297.757 297.767 297.762 297.795 297.775 297.755 297.765 297.787 297.812 297.832 297.885 297.947 297.985 298.057 298.115 298.152 298.192 298.255 298.342 298.397 298.37 298.302 298.357 298.37 298.337 298.33 298.38 298.385 298.317 298.305 298.285 298.45 298.615
297.31 297.277 297.28 297.245 297.23 297.197 297.157 297.18 297.19 297.207 297.177 297.19 297.202 297.232 297.222 297.195 297.14 297.11 297.227 297.31 297.3 297.345 297.327 297.342 297.38 297.4 297.43 297.475 297.572 297.595 297.557 297.547 297.565 297.632 297.672 297.705 297.705 297.715 297.765 297.717 297.695 297.707 297.745 297.745 297.755 297.802 297.857 297.945 298.027 298.08 298.095 298.122 298.162 298.222 298.262 298.215 298.185 298.21 298.24 298.235 298.227 298.282 298.252 298.22 298.165 298.19 298.377 298.435
297.312 297.302 297.265 297.235 297.197 297.155 297.135 297.152 297.152 297.127 297.14 297.13 297.147 297.185 297.187 297.142 297.055 297.01 297.027 297.037 297.09 297.162 297.21 297.202 297.215 297.217 297.262 297.292 297.415 297.51 297.502 297.492 297.54 297.572 297.577 297.645 297.635 297.657 297.69 297.66 297.682 297.69 297.65 297.647 297.687 297.725 297.812 297.87 297.93 297.992 297.995 298.01 298.077 298.16 298.162 298.162 298.117 298.067 298.08 298.117 298.107 298.172 298.145 298.1 298.067 298.077 298.457 298.245
297.337 297.292 297.285 297.25 297.215 297.152 297.142 297.137 297.115 297.08 297.052 297.067 297.092 297.135 297.12 297.055 296.992 296.917 296.897 296.915 296.907 296.94 296.955 296.987 296.942 296.967 297.02 297.072 297.282 297.352 297.352 297.41 297.482 297.507 297.485 297.58 297.595 297.655 297.65 297.637 297.62 297.602 297.595 297.6 297.65 297.682 297.735 297.802 297.82 297.877 297.885 297.882 297.995 298.065 298.035 298.025 298.03 297.997 297.995 298.02 298.05 298.065 298.04 297.992 297.952 297.957 298.282 297.957
297.305 297.285 297.257 297.252 297.217 297.177 297.2 297.177 297.13 297.062 297.05 297.02 297.03 297.04 297.022 296.982 296.942 296.89 296.837 296.842 296.875 296.89 296.885 296.867 296.785 296.707 296.742 296.81 296.957 297.165 297.187 297.32 297.395 297.35 297.4 297.48 297.502 297.565 297.565 297.54 297.542 297.542 297.53 297.535 297.597 297.605 297.64 297.725 297.765 297.8 297.79 297.827 297.92 297.947 297.88 297.9 297.907 297.907 297.922 297.945 297.997 297.99 297.937 297.86 297.827 297.915 298.15 297.792
297.302 297.297 297.242 297.232 297.222 297.172 297.19 297.187 297.167 297.135 297.067 297.052 297.007 297.007 296.97 296.935 296.92 296.877 296.857 296.87 296.87 296.877 296.877 296.847 296.77 296.702 296.65 296.607 296.68 296.8 297.002 297.155 297.217 297.232 297.322 297.405 297.472 297.457 297.492 297.447 297.462 297.517 297.442 297.46 297.512 297.562 297.597 297.682 297.665 297.705 297.697 297.762 297.83 297.825 297.815 297.8 297.785 297.787 297.802 297.85 297.872 297.892 297.812 297.767 297.72 297.815 298.045 297.647
297.315 297.267 297.255 297.247 297.222 297.205 297.192 297.165 297.17 297.117 297.077 297.062 297.057 297.015 296.957 296.93 296.915 296.867 296.867 296.882 296.842 296.867 296.857 296.825 296.75 296.702 296.685 296.622 296.555 296.627 296.71 296.935 297.05 297.115 297.212 297.31 297.362 297.392 297.395 297.377 297.405 297.435 297.402 297.405 297.435 297.5 297.525 297.615 297.637 297.632 297.635 297.692 297.742 297.727 297.74 297.7 297.677 297.732 297.732 297.735 297.767 297.777 297.755 297.68 297.66 297.797 297.905 297.557
297.292 297.277 297.27 297.262 297.227 297.235 297.217 297.197 297.162 297.14 297.092 297.07 297.047 297.015 297.005 296.97 296.91 296.92 296.915 296.867 296.81 296.875 296.867 296.782 296.737 296.722 296.67 296.625 296.58 296.55 296.575 296.727 296.92 297.062 297.145 297.217 297.28 297.29 297.292 297.32 297.355 297.365 297.337 297.337 297.387 297.427 297.482 297.555 297.565 297.545 297.587 297.632 297.677 297.607 297.635 297.637 297.645 297.652 297.662 297.662 297.72 297.69 297.66 297.587 297.597 297.832 297.54 297.395
297.295 297.275 297.3 297.275 297.21 297.225 297.217 297.202 297.182 297.15 297.112 297.062 297.06 297.03 296.982 296.992 296.975 296.957 296.9 296.862 296.822 296.887 296.81 296.742 296.702 296.7 296.707 296.652 296.597 296.507 296.497 296.587 296.79 296.972 297.102 297.117 297.192 297.172 297.172 297.23 297.28 297.26 297.287 297.322 297.357 297.385 297.442 297.492 297.517 297.495 297.52 297.562 297.555 297.555 297.537 297.572 297.605 297.617 297.615 297.612 297.677 297.655 297.585 297.525 297.542 297.842 297.392 297.342
297.32 297.297 297.297 297.26 297.22 297.225 297.232 297.21 297.177 297.132 297.09 297.097 297.077 297.042 297.017 297.025 296.98 296.965 296.88 296.84 296.835 296.837 296.762 296.715 296.675 296.655 296.675 296.622 296.57 296.497 296.392 296.472 296.65 296.82 296.98 297.112 297.18 297.152 297.145 297.172 297.18 297.22 297.205 297.257 297.31 297.327 297.387 297.49 297.465 297.452 297.48 297.482 297.465 297.477 297.495 297.517 297.552 297.56 297.555 297.597 297.627 297.602 297.55 297.432 297.547 297.83 297.302 297.287
297.315 297.29 297.27 297.25 297.232 297.21 297.18 297.142 297.112 297.082 297.082 297.082 297.065 297.047 297.035 297.002 296.957 296.942 296.885 296.837 296.88 296.827 296.742 296.7 296.672 296.655 296.617 296.54 296.532 296.472 296.26 296.382 296.525 296.747 296.945 297.11 297.175 297.155 297.137 297.172 297.177 297.172 297.182 297.177 297.2 297.282 297.332 297.447 297.43 297.362 297.367 297.37 297.362 297.39 297.437 297.467 297.487 297.475 297.495 297.512 297.547 297.515 297.405 297.297 297.53 297.435 297.205 297.202
297.23 297.222 297.257 297.237 297.192 297.195 297.137 297.107 297.075 297.065 297.05 297.05 297.025 297.02 297.005 296.952 296.927 296.907 296.875 296.87 296.875 296.842 296.797 296.755 296.722 296.68 296.607 296.555 296.497 296.445 296.345 296.34 296.465 296.66 296.877 297.055 297.127 297.105 297.115 297.145 297.132 297.14 297.125 297.13 297.135 297.177 297.277 297.36 297.337 297.302 297.345 297.317 297.317 297.317 297.327 297.407 297.425 297.417 297.427 297.422 297.412 297.377 297.272 297.185 297.54 297.25 297.105 297.09
297.135 297.165 297.155 297.18 297.18 297.172 297.15 297.115 297.082 297.05 297.02 297.01 296.992 296.94 296.902 296.87 296.87 296.872 296.907 296.882 296.862 296.867 296.852 296.83 296.802 296.737 296.715 296.677 296.617 296.55 296.447 296.362 296.32 296.512 296.77 296.935 297.06 297.06 297.102 297.115 297.072 297.097 297.107 297.09 297.085 297.102 297.175 297.27 297.262 297.197 297.25 297.247 297.192 297.2 297.22 297.277 297.342 297.382 297.322 297.357 297.322 297.267 297.12 297.067 297.43 297.042 296.99 296.982
297.147 297.11 297.042 297.057 297.12 297.12 297.125 297.125 297.085 297.045 296.967 296.955 296.892 296.832 296.807 296.772 296.77 296.775 296.782 296.795 296.775 296.805 296.797 296.792 296.8 296.77 296.757 296.73 296.707 296.657 296.532 296.442 296.35 296.377 296.617 296.84 296.93 297.007 297.055 297.062 297.075 297.09 297.05 297.055 297.05 297.06 297.107 297.145 297.087 297.082 297.132 297.115 297.08 297.112 297.095 297.172 297.192 297.195 297.21 297.255 297.2 297.082 296.985 296.99 297.187 296.885 296.882 296.877
297.307 297.315 297.16 297.002 296.99 297.042 297.077 297.077 297.06 297.042 296.99 296.942 296.877 296.807 296.78 296.755 296.697 296.645 296.63 296.675 296.675 296.65 296.652 296.72 296.747 296.735 296.702 296.705 296.7 296.677 296.61 296.462 296.267 296.302 296.537 296.775 296.867 296.972 296.972 296.96 296.932 296.97 296.957 296.965 296.992 296.98 296.997 297.032 296.997 296.97 297.035 296.982 296.91 296.905 296.987 296.935 296.972 296.98 296.992 297.055 296.972 296.915 296.837 297.01 296.93 296.717 296.755 296.772
298.227 297.752 297.295 297.477 297.182 296.972 297.025 297.04 297.042 297.042 297.022 296.977 296.93 296.845 296.805 296.732 296.685 296.66 296.637 296.655 296.595 296.545 296.532 296.63 296.687 296.7 296.685 296.677 296.615 296.615 296.56 296.427 296.265 296.262 296.51 296.717 296.817 296.88 296.877 296.827 296.815 296.792 296.78 296.817 296.842 296.87 296.885 296.877 296.85 296.852 296.885 296.827 296.76 296.757 296.727 296.675 296.725 296.78 296.812 296.867 296.827 296.78 296.662 296.97 296.712 296.555 296.592 296.59
299.017 296.26 296.32 297.497 296.277 296.96 297.312 297.22 297.022 297.02 297.032 297.017 297.01 296.91 296.845 296.78 296.735 296.69 296.64 296.647 296.61 296.52 296.51 296.547 296.575 296.61 296.59 296.597 296.542 296.485 296.482 296.362 296.25 296.207 296.447 296.637 296.755 296.757 296.742 296.69 296.61 296.635 296.62 296.627 296.662 296.702 296.692 296.7 296.692 296.765 296.752 296.632 296.577 296.567 296.512 296.535 296.56 296.572 296.635 296.662 296.585 296.517 296.485 296.79 296.475 296.435 296.457 296.422
296.55 295.947 296.465 296.857 295.775 296.41 296.902 296.352 296.642 297.067 297.297 297.152 296.987 296.935 296.842 296.84 296.837 296.75 296.705 296.642 296.612 296.567 296.54 296.537 296.515 296.522 296.5 296.485 296.442 296.392 296.382 296.3 296.222 296.245 296.385 296.552 296.615 296.64 296.61 296.53 296.397 296.382 296.437 296.485 296.487 296.525 296.537 296.515 296.56 296.657 296.61 296.51 296.432 296.38 296.377 296.392 296.34 296.36 296.39 296.37 296.325 296.28 296.35 296.652 296.327 296.305 296.305 296.237
296.112 295.915 296.292 297.345 296.007 295.83 296.315 295.817 295.805 296.05 296.385 296.805 296.97 297.227 297.267 296.985 296.907 296.777 296.682 296.627 296.625 296.6 296.562 296.535 296.505 296.505 296.477 296.467 296.405 296.36 296.345 296.29 296.245 296.247 296.242 296.45 296.48 296.537 296.482 296.397 296.275 296.29 296.345 296.342 296.382 296.397 296.372 296.425 296.51 296.555 296.49 296.417 296.34 296.31 296.312 296.272 296.22 296.205 296.232 296.17 296.117 296.115 296.387 296.49 296.205 296.165 296.145 296.077
