20220701_namedtuples/mapdata/sd8775_DSM_2M.asc
ncols 500
nrows 500
xllcorner    387000
yllcorner    475000
cellsize     2
NODATA_value -9999
[rows 300 to 329 of 500, columns 0 to 66 of 500]
508.844 508.646 508.391 508.009 507.556 507.241 506.961 506.776 506.584 506.404 506.131 505.856 505.619 505.306 504.894 504.394 503.794 503.096 502.376 501.689 501.084 500.539 499.964 499.486 499.044 498.441 498.111 497.901 497.604 497.179 496.521 495.814 495.234 494.814 494.539 493.896 493.426 493.049 492.614 492.251 492.014 491.691 491.404 491.109 490.814 490.526 490.346 490.034 489.841 489.549 489.358 489.261 489.088 488.961 488.961 488.921 488.756 488.416 488.136 487.691 487.351 487.153 487.033 486.918 486.853 486.676 486.586
508.679 508.419 508.306 507.856 507.481 507.314 506.994 506.724 506.486 506.294 506.046 505.721 505.384 505.026 504.529 504.119 503.614 503.021 502.289 501.579 501.014 500.439 500.001 499.601 499.021 498.411 498.031 497.756 497.474 497.016 496.409 495.711 495.181 494.804 494.371 493.766 493.376 492.969 492.564 492.261 492.029 491.711 491.396 491.096 490.831 490.534 490.304 490.064 489.824 489.589 489.393 489.198 489.106 489.061 489.026 488.938 488.816 488.621 488.398 487.923 487.426 487.236 487.113 486.901 486.838 486.723 486.593
508.539 508.311 508.069 507.734 507.416 507.221 506.959 506.721 506.419 506.219 505.999 505.699 505.299 504.804 504.349 503.956 503.476 502.954 502.264 501.459 500.919 500.519 500.124 499.696 499.101 498.484 498.066 497.621 497.166 496.659 495.994 495.399 494.926 494.661 494.236 493.754 493.299 492.906 492.529 492.256 492.026 491.726 491.394 491.086 490.791 490.556 490.304 490.066 489.771 489.561 489.406 489.273 489.098 488.983 489.001 488.811 488.738 488.778 488.588 487.928 487.546 487.271 487.238 486.923 486.808 486.768 486.676
508.296 508.126 507.909 507.651 507.396 507.289 507.024 506.726 506.446 506.226 505.949 505.594 505.231 504.786 504.284 503.821 503.224 502.709 502.079 501.379 500.786 500.461 500.151 499.664 499.164 498.631 498.064 497.534 496.944 496.329 495.654 495.089 494.734 494.351 494.004 493.686 493.214 492.796 492.519 492.246 492.006 491.726 491.419 491.114 490.764 490.564 490.386 490.119 489.776 489.516 489.331 489.161 489.038 488.961 488.846 488.863 488.916 488.828 488.526 488.191 487.876 487.468 487.301 487.061 486.888 486.828 486.738
507.871 507.831 507.691 507.471 507.379 507.306 507.069 506.791 506.546 506.219 505.879 505.451 505.099 504.719 504.209 503.611 502.966 502.391 501.796 501.199 500.616 500.339 500.044 499.554 499.071 498.394 497.699 496.971 496.566 496.101 495.566 494.946 494.591 494.319 493.969 493.681 493.234 492.754 492.501 492.251 492.006 491.741 491.439 491.114 490.799 490.531 490.319 490.061 489.781 489.519 489.331 489.118 489.078 489.058 488.931 488.711 488.768 488.858 488.988 488.828 488.136 487.378 487.256 487.083 486.903 486.811 486.786
507.681 507.659 507.489 507.331 507.269 507.246 507.014 506.766 506.521 506.101 505.789 505.441 505.044 504.626 504.061 503.471 502.824 502.289 501.756 501.136 500.581 500.266 499.974 499.476 498.911 498.146 497.231 496.666 496.426 496.024 495.434 494.754 494.539 494.179 493.894 493.634 493.256 492.776 492.524 492.316 492.096 491.846 491.416 491.149 490.796 490.514 490.251 490.004 489.751 489.451 489.208 489.046 488.808 488.911 488.978 488.623 488.643 488.746 488.978 488.666 488.248 487.821 487.388 487.128 486.931 486.856 486.811
507.471 507.269 507.191 507.054 507.084 507.086 507.014 506.701 506.341 505.869 505.586 505.279 504.881 504.456 503.889 503.334 502.761 502.261 501.899 501.399 500.701 500.124 499.781 499.359 498.701 498.139 497.469 496.964 496.456 495.964 495.239 494.756 494.401 494.074 493.784 493.569 493.211 492.846 492.554 492.311 492.159 491.911 491.519 491.156 490.841 490.534 490.266 490.016 489.766 489.419 489.118 488.688 488.683 488.961 488.778 488.486 488.426 488.491 488.951 489.063 488.843 488.278 487.713 487.258 487.016 486.896 486.886
506.789 506.631 506.634 506.696 506.754 506.751 506.679 506.534 506.264 505.784 505.471 505.164 504.719 504.209 503.611 503.129 502.636 502.141 501.774 501.254 500.704 500.036 499.526 499.011 498.481 498.074 497.781 497.121 496.489 495.819 495.131 494.729 494.371 493.956 493.706 493.519 493.344 492.856 492.491 492.361 492.101 491.874 491.529 491.186 490.879 490.576 490.296 490.051 489.864 489.644 489.416 489.033 488.973 488.686 488.568 488.746 488.568 488.471 488.628 488.656 488.953 488.253 487.658 487.423 487.091 486.956 486.873
505.936 505.529 505.651 506.154 506.381 506.354 506.279 506.179 505.961 505.629 505.314 504.979 504.569 504.101 503.616 503.021 502.446 501.951 501.464 500.929 500.424 499.859 499.359 498.746 498.311 498.011 497.794 497.184 496.484 495.579 494.826 494.486 494.176 493.864 493.744 493.549 493.406 493.001 492.521 492.299 492.129 491.904 491.524 491.204 490.919 490.634 490.291 490.069 489.924 489.771 489.716 489.601 489.378 488.878 488.471 488.546 488.423 488.403 488.353 488.296 488.206 487.831 487.553 487.363 487.193 487.051 486.956
504.571 503.841 504.349 505.399 505.976 506.166 506.034 505.909 505.646 505.364 505.124 504.781 504.386 503.991 503.606 502.914 502.361 501.831 501.246 500.801 500.289 499.811 499.226 498.654 498.214 497.936 497.624 497.074 496.431 495.664 494.864 494.406 494.116 493.911 493.756 493.681 493.526 493.154 492.511 492.256 492.091 491.989 491.511 491.226 490.914 490.596 490.329 490.099 490.039 489.931 489.811 489.731 489.626 489.301 488.766 488.453 488.418 488.451 488.511 488.316 487.986 487.773 487.571 487.446 487.378 487.156 487.008
503.404 502.986 503.429 504.754 505.686 506.081 505.969 505.734 505.479 505.221 504.951 504.669 504.314 503.851 503.384 502.769 502.291 501.809 501.239 500.711 500.244 499.671 498.911 498.129 497.956 497.821 497.506 497.001 496.361 495.684 494.921 494.409 494.109 493.986 493.846 493.729 493.616 493.346 492.886 492.511 492.119 491.831 491.456 491.199 490.909 490.571 490.359 490.239 490.081 489.944 489.763 489.623 489.566 489.486 489.196 488.913 488.763 488.833 488.668 488.376 488.033 487.806 487.561 487.508 487.456 487.328 487.116
502.751 502.609 502.986 504.431 505.576 505.904 505.866 505.751 505.464 505.214 504.906 504.526 504.189 503.739 503.281 502.774 502.271 501.756 501.209 500.661 500.151 499.504 498.694 498.041 497.936 497.781 497.491 496.954 496.246 495.594 494.981 494.566 494.271 494.109 493.966 493.776 493.639 493.419 493.129 492.821 492.326 491.759 491.471 491.229 490.904 490.591 490.444 490.331 490.046 489.916 489.783 489.683 489.603 489.503 489.388 489.258 489.123 489.076 488.768 488.441 488.208 487.903 487.708 487.556 487.578 487.373 487.298
502.859 502.676 503.051 504.624 505.541 505.919 505.854 505.664 505.509 505.279 504.894 504.429 504.054 503.639 503.191 502.674 502.144 501.649 501.224 500.629 500.041 499.464 498.851 498.269 497.886 497.699 497.454 496.956 496.211 495.409 494.876 494.554 494.371 494.181 493.999 493.834 493.654 493.426 493.151 492.929 492.524 491.859 491.411 491.284 490.891 490.604 490.589 490.346 490.041 489.929 489.858 489.738 489.641 489.426 489.298 489.106 489.108 489.093 488.816 488.406 488.138 487.898 487.653 487.626 487.533 487.436 487.376
503.371 503.349 503.979 505.101 505.791 505.919 505.764 505.609 505.416 505.176 504.824 504.376 503.946 503.516 503.076 502.581 501.911 501.214 501.006 500.594 499.984 499.389 498.889 498.339 497.846 497.649 497.371 496.901 496.196 495.259 494.479 494.441 494.356 494.189 493.974 493.851 493.684 493.481 493.171 492.966 492.656 491.781 491.451 491.326 491.044 490.761 490.656 490.424 490.124 490.026 489.931 489.868 489.746 489.243 488.978 489.011 488.933 488.993 488.853 488.423 488.198 487.843 487.753 487.676 487.533 487.468 487.326
504.549 504.571 505.071 505.656 505.896 505.834 505.716 505.551 505.339 505.094 504.766 504.319 503.874 503.466 503.056 502.586 501.994 501.421 501.061 500.576 499.944 499.314 498.776 498.206 497.816 497.601 497.374 496.819 496.124 495.361 494.694 494.344 494.311 494.219 493.941 493.824 493.671 493.439 493.144 492.984 492.701 492.124 491.609 491.446 491.111 490.769 490.714 490.454 490.176 490.129 490.088 490.016 489.881 489.476 489.021 488.848 488.866 488.886 488.671 488.403 488.268 488.213 488.041 487.716 487.536 487.426 487.301
505.521 505.816 506.006 506.044 506.026 505.899 505.729 505.491 505.291 505.014 504.729 504.256 503.814 503.411 503.016 502.636 502.146 501.629 501.064 500.464 499.844 499.271 498.764 498.166 497.746 497.556 497.224 496.639 496.016 495.369 494.739 494.309 494.256 494.174 493.884 493.771 493.671 493.464 493.246 492.979 492.631 492.134 491.741 491.456 491.064 490.774 490.691 490.544 490.304 490.249 490.201 490.151 490.081 489.891 489.423 488.996 489.063 488.838 488.631 488.643 488.983 488.813 488.551 488.031 487.671 487.496 487.366
506.171 506.349 506.241 506.149 506.051 505.979 505.714 505.429 505.204 504.931 504.626 504.181 503.769 503.386 502.956 502.539 501.991 501.431 500.891 500.339 499.736 499.261 498.749 498.209 497.744 497.469 497.001 496.439 495.929 495.451 494.741 494.304 494.246 494.216 493.924 493.709 493.624 493.459 493.204 493.066 492.696 492.101 491.681 491.414 491.051 490.741 490.659 490.581 490.421 490.329 490.266 490.313 490.206 489.901 489.273 488.961 489.006 488.921 488.793 488.613 488.846 488.888 488.773 488.276 487.756 487.551 487.431
506.631 506.546 506.411 506.239 506.079 505.904 505.711 505.351 505.134 504.881 504.559 504.231 503.831 503.379 502.941 502.381 501.794 501.259 500.734 500.171 499.686 499.171 498.709 498.329 497.906 497.431 496.864 496.389 495.821 495.346 494.671 494.419 494.321 494.139 493.611 493.624 493.591 493.431 493.241 492.986 492.691 492.149 491.701 491.496 491.066 490.786 490.669 490.451 490.414 490.384 490.363 490.386 490.326 489.918 489.343 489.078 489.076 489.138 489.003 488.696 488.688 488.728 488.783 488.553 488.221 487.576 487.481
506.831 506.669 506.466 506.241 506.109 505.896 505.626 505.331 505.066 504.799 504.469 504.209 503.794 503.371 502.879 502.319 501.734 501.189 500.706 500.099 499.606 499.121 498.711 498.439 498.069 497.594 496.956 496.334 495.829 495.279 494.806 494.634 494.476 494.246 493.564 493.571 493.561 493.389 493.181 492.884 492.579 492.174 491.771 491.519 491.194 490.826 490.639 490.464 490.421 490.436 490.441 490.443 490.411 490.116 489.523 489.266 489.246 489.293 489.031 488.838 488.551 488.353 488.316 488.196 487.893 487.626 487.471
506.844 506.699 506.486 506.291 506.064 505.896 505.706 505.451 505.159 504.831 504.499 504.146 503.689 503.346 502.814 502.246 501.739 501.296 500.839 500.236 499.619 499.176 498.754 498.454 498.116 497.589 496.989 496.339 495.789 495.306 494.934 494.746 494.569 494.421 494.099 493.816 493.609 493.386 493.151 492.799 492.439 492.174 491.844 491.524 491.144 490.831 490.624 490.511 490.481 490.489 490.488 490.518 490.446 490.291 490.038 489.723 489.476 489.181 489.033 489.121 488.933 488.406 488.101 487.951 487.818 487.656 487.426
506.834 506.699 506.534 506.301 506.099 505.979 505.784 505.516 505.239 504.889 504.544 504.241 503.664 503.196 502.721 502.146 501.691 501.374 500.979 500.451 499.811 499.336 498.824 498.416 498.116 497.604 496.971 496.374 495.776 495.376 495.016 494.841 494.611 494.299 494.036 493.869 493.699 493.439 493.111 492.666 492.389 492.181 491.796 491.526 491.216 490.929 490.726 490.696 490.629 490.604 490.646 490.613 490.516 490.391 490.276 490.016 489.561 489.126 489.068 489.051 488.958 488.793 488.348 487.938 487.716 487.581 487.436
-9999 506.689 506.511 506.329 506.156 505.999 505.816 505.556 505.264 504.866 504.454 504.044 503.559 503.074 502.609 502.159 501.744 501.409 501.024 500.531 499.959 499.301 498.716 498.371 498.049 497.561 496.934 496.296 495.799 495.456 495.131 494.824 494.566 494.184 494.091 493.939 493.741 493.484 493.101 492.631 492.406 492.056 491.736 491.569 491.359 490.979 490.791 490.814 490.744 490.671 490.661 490.561 490.561 490.453 490.323 490.083 489.581 489.111 489.193 489.121 488.893 488.911 488.411 487.863 487.668 487.541 487.421
-9999 -9999 506.496 506.369 506.224 505.944 505.761 505.531 505.181 504.816 504.399 503.939 503.441 502.991 502.564 502.206 501.744 501.309 500.811 500.374 499.881 499.074 498.561 498.269 498.006 497.454 496.816 496.324 495.794 495.486 495.156 494.854 494.516 494.231 494.149 494.059 493.826 493.484 493.124 492.774 492.504 492.084 491.791 491.634 491.414 491.011 490.839 490.846 490.821 490.729 490.718 490.591 490.543 490.488 490.386 490.113 489.606 489.168 489.148 489.178 488.991 488.866 488.318 487.893 487.626 487.508 487.363
-9999 -9999 -9999 506.371 506.189 505.891 505.694 505.441 505.076 504.669 504.306 503.871 503.409 502.924 502.414 502.039 501.546 501.001 500.594 500.234 499.731 499.034 498.524 498.244 497.964 497.404 496.741 496.354 495.846 495.439 495.116 494.936 494.616 494.269 494.126 494.079 493.966 493.664 493.224 492.906 492.659 492.221 491.851 491.706 491.479 491.116 490.859 490.866 490.876 490.749 490.696 490.658 490.613 490.536 490.471 490.223 489.676 489.296 489.246 489.318 489.023 488.628 488.328 488.038 487.601 487.456 487.411
-9999 -9999 -9999 -9999 506.191 505.931 505.651 505.414 504.976 504.579 504.284 503.771 503.241 502.879 502.309 501.889 501.506 500.901 500.456 500.061 499.586 499.074 498.624 498.289 498.026 497.531 496.984 496.419 495.931 495.449 495.186 495.099 494.854 494.354 494.161 494.056 493.941 493.694 493.329 493.031 492.769 492.356 491.944 491.831 491.554 491.169 490.901 490.881 490.864 490.774 490.713 490.671 490.706 490.551 490.481 490.248 489.578 489.301 489.331 489.396 489.168 488.703 488.448 488.028 487.671 487.561 487.541
-9999 -9999 -9999 -9999 -9999 505.909 505.671 505.399 505.011 504.519 504.139 503.716 503.074 502.659 502.164 501.759 501.356 500.896 500.386 499.924 499.426 498.929 498.581 498.349 498.056 497.601 497.056 496.461 495.964 495.484 495.274 495.221 495.076 494.576 494.244 494.084 493.961 493.646 493.381 493.119 492.794 492.426 491.959 491.816 491.554 491.271 490.979 490.864 490.849 490.784 490.726 490.666 490.628 490.538 490.443 490.261 489.731 489.253 489.178 489.288 489.241 489.076 488.776 488.073 487.771 487.746 487.661
-9999 -9999 -9999 -9999 -9999 -9999 505.701 505.431 505.019 504.534 504.009 503.544 502.971 502.461 502.089 501.684 501.249 500.886 500.401 499.944 499.399 498.876 498.541 498.311 498.039 497.546 497.036 496.464 495.969 495.551 495.329 495.266 495.174 494.971 494.531 494.204 493.934 493.626 493.419 493.161 492.831 492.516 492.054 491.866 491.604 491.361 491.024 490.846 490.816 490.774 490.763 490.728 490.646 490.598 490.516 490.263 489.848 489.513 489.313 489.308 489.291 489.128 488.631 488.106 487.883 487.913 487.803
-9999 -9999 -9999 -9999 -9999 -9999 -9999 505.324 504.924 504.416 503.916 503.359 502.861 502.301 501.881 501.586 501.224 500.831 500.411 499.964 499.456 498.974 498.566 498.241 497.944 497.489 496.864 496.364 495.891 495.561 495.391 495.304 495.259 495.109 494.864 494.516 494.179 493.801 493.501 493.156 492.879 492.574 492.189 492.071 491.764 491.436 491.174 490.869 490.821 490.746 490.726 490.686 490.668 490.613 490.506 490.163 489.698 489.348 489.311 489.476 489.323 488.821 488.341 488.103 488.086 488.058 487.926
-9999 -9999 -9999 -9999 -9999 -9999 -9999 505.096 504.771 504.289 503.794 503.239 502.701 502.209 501.754 501.429 501.049 500.694 500.314 499.941 499.514 498.984 498.469 498.096 497.826 497.389 496.774 496.296 495.864 495.574 495.484 495.381 495.261 495.089 494.864 494.596 494.326 494.009 493.611 493.159 492.829 492.621 492.314 492.119 491.864 491.496 491.141 490.969 490.819 490.764 490.726 490.673 490.646 490.561 490.433 490.113 489.688 489.366 489.288 489.231 489.246 488.526 488.288 488.271 488.296 488.218 488.051
-9999 -9999 -9999 -9999 -9999 -9999 -9999 -9999 504.648 504.194 503.676 503.149 502.616 502.119 501.676 501.341 500.934 500.626 500.261 499.994 499.409 498.791 498.199 497.639 497.556 497.326 496.831 496.356 495.964 495.726 495.544 495.424 495.256 495.074 494.916 494.594 494.349 494.151 493.699 492.831 492.506 492.594 492.424 492.209 491.931 491.524 491.191 491.026 490.891 490.794 490.693 490.593 490.521 490.451 490.283 490.086 489.791 489.523 489.498 489.476 488.738 488.513 488.531 488.491 488.433 488.363 488.181
