20220701_namedtuples/mapdata/sd8878_DSM_2M.asc
ncols 500
nrows 500
xllcorner    388000
yllcorner    478000
cellsize     2
NODATA_value -9999
[rows 60 to 89 of 500, columns 68 to 135 of 500]
491.465 491.382 491.287 491.252 491.217 491.162 491.112 491.03 490.935 490.795 490.652 490.517 490.38 490.32 490.262 490.212 490.222 490.202 490.02 489.882 489.747 489.7 489.887 490.075 489.952 489.895 489.917 489.897 489.837 489.727 489.63 489.43 489.322 489.225 489.212 489.12 489.197 489.307 489.332 489.29 489.385 489.27 489.26 489.262 489.277 489.3 489.307 489.272 489.297 489.265 489.342 489.327 489.235 488.945 488.875 488.737 488.622 488.545 488.437 488.46 488.562 488.667 488.682 488.657 488.612 488.532 488.32 488.125
491.802 491.737 491.687 491.607 491.605 491.6 491.54 491.417 491.32 491.212 491.065 490.935 490.757 490.647 490.587 490.562 490.62 490.592 490.492 490.36 490.127 489.99 490.197 490.402 490.297 490.297 490.257 490.145 490.077 490.015 489.897 489.735 489.64 489.627 489.545 489.49 489.565 489.65 489.73 489.67 489.7 489.717 489.72 489.717 489.79 489.765 489.695 489.74 489.667 489.707 489.655 489.59 489.455 489.382 489.322 489.245 489.112 489.01 488.915 488.872 488.947 489.067 488.987 488.95 488.897 488.78 488.655 488.382
492.077 492.037 492.002 492.037 491.997 491.972 491.982 491.887 491.787 491.647 491.512 491.377 491.205 491.105 491.025 490.977 490.907 490.92 490.91 490.82 490.82 490.605 490.635 490.75 490.665 490.66 490.477 490.42 490.41 490.297 490.192 490.142 490.027 489.967 489.932 489.877 489.995 490.035 490.145 490.162 490.112 490.192 490.185 490.22 490.175 490.242 490.237 490.297 490.15 489.977 489.91 489.87 489.902 489.782 489.587 489.6 489.56 489.395 489.33 489.325 489.31 489.307 489.257 489.302 489.22 489.097 489.005 488.872
492.42 492.427 492.4 492.395 492.422 492.347 492.342 492.325 492.2 492.102 491.972 491.867 491.692 491.565 491.497 491.487 491.43 491.315 491.23 491.232 491.157 491.005 491.03 491.042 490.947 490.85 490.705 490.75 490.752 490.65 490.59 490.53 490.455 490.377 490.395 490.315 490.357 490.442 490.515 490.537 490.595 490.682 490.725 490.71 490.61 490.562 490.58 490.56 490.617 490.515 490.362 490.32 490.307 490.142 489.97 489.93 489.922 489.872 489.742 489.625 489.572 489.562 489.72 489.732 489.555 489.402 489.265 489.2
492.767 492.75 492.707 492.735 492.755 492.76 492.7 492.65 492.7 492.552 492.395 492.325 492.187 492.1 492.075 492.075 492 491.94 491.75 491.64 491.58 491.415 491.302 491.245 491.22 491.135 491.08 491.12 491.09 491.002 490.96 490.937 490.97 490.94 490.852 490.745 490.712 490.817 490.862 490.84 490.975 491.047 491.07 490.95 490.915 490.942 491.015 490.985 491.012 490.892 490.8 490.785 490.67 490.485 490.33 490.22 490.197 490.17 490.092 489.992 489.885 489.94 490.075 490.012 489.825 489.632 489.477 489.495
493.11 493.097 493.087 493.117 493.117 493.132 493.105 493.067 493.027 492.972 492.827 492.785 492.71 492.572 492.557 492.572 492.567 492.482 492.31 492.105 491.885 491.837 491.68 491.58 491.545 491.507 491.46 491.472 491.527 491.482 491.432 491.4 491.347 491.33 491.22 491.305 491.195 491.29 491.272 491.21 491.22 491.295 491.345 491.377 491.38 491.352 491.367 491.442 491.467 491.385 491.195 491.147 490.92 490.737 490.582 490.487 490.48 490.482 490.53 490.532 490.365 490.362 490.35 490.265 490.127 489.927 489.812 489.787
493.467 493.477 493.455 493.497 493.49 493.547 493.522 493.515 493.472 493.3 493.325 493.267 493.145 493.02 493.025 493.037 493.087 493.03 492.837 492.68 492.33 492.065 492.065 491.88 491.955 491.895 491.805 491.777 491.83 491.822 491.782 491.79 491.727 491.737 491.697 491.735 491.7 491.675 491.61 491.62 491.732 491.812 491.88 491.827 491.842 491.76 491.747 491.755 491.857 491.722 491.565 491.407 491.225 491.127 491.002 490.94 490.887 490.957 491.045 490.867 490.807 490.702 490.672 490.56 490.38 490.242 490.177 490.035
493.807 493.845 493.905 493.855 493.925 493.927 493.947 493.882 493.807 493.705 493.675 493.627 493.532 493.437 493.482 493.512 493.6 493.535 493.372 493.242 493.045 492.645 492.627 492.237 492.182 492.167 492.165 492.102 492.022 492.067 492.08 492.125 492.23 492.222 492.145 492.105 492.017 492.03 492.067 492.212 492.295 492.302 492.312 492.25 492.182 492.15 492.177 492.102 492.082 492.02 491.922 491.83 491.697 491.605 491.547 491.44 491.437 491.41 491.355 491.255 491.17 491.032 491.042 490.92 490.767 490.562 490.39 490.217
494.235 494.195 494.252 494.247 494.272 494.282 494.302 494.277 494.217 494.115 494.022 493.905 493.915 493.827 493.915 493.952 493.905 493.862 493.787 493.71 493.567 493.32 493.21 492.755 492.702 492.467 492.452 492.5 492.525 492.592 492.647 492.465 492.507 492.55 492.632 492.497 492.527 492.545 492.597 492.677 492.72 492.662 492.58 492.547 492.572 492.467 492.512 492.43 492.332 492.257 492.182 492.227 492.167 492.05 491.88 491.72 491.687 491.66 491.69 491.652 491.587 491.55 491.375 491.115 491.08 490.875 490.762 490.48
494.577 494.585 494.637 494.717 494.682 494.722 494.662 494.655 494.582 494.497 494.412 494.32 494.217 494.225 494.26 494.317 494.257 494.242 494.192 494.1 493.942 493.855 493.665 493.32 493.177 493.002 492.867 492.95 492.937 492.98 492.93 492.837 492.935 493.025 493.047 493.007 492.96 492.92 492.977 493.157 493.152 493.047 492.94 492.902 492.925 492.84 492.757 492.707 492.625 492.582 492.53 492.552 492.545 492.427 492.245 492.145 492.065 491.985 491.97 491.887 491.905 491.87 491.765 491.562 491.397 491.31 491.045 490.792
494.975 495.037 495.05 495.057 495.097 495.072 495.072 495.057 495 494.867 494.825 494.71 494.655 494.557 494.625 494.642 494.622 494.622 494.6 494.472 494.337 494.39 494.085 493.88 493.662 493.49 493.347 493.295 493.372 493.392 493.365 493.305 493.312 493.295 493.312 493.29 493.352 493.43 493.357 493.48 493.485 493.44 493.222 493.185 493.19 493.235 493.08 493.032 493.022 492.97 492.882 492.94 492.94 492.81 492.605 492.572 492.405 492.245 492.272 492.172 492.197 492.185 491.99 491.802 491.667 491.55 491.28 491.065
495.425 495.457 495.472 495.472 495.51 495.532 495.545 495.487 495.385 495.31 495.21 495.087 495.04 495.022 495.132 495.117 495.09 495.13 495.155 495.04 494.832 494.81 494.62 494.43 494.207 493.995 493.9 493.732 493.747 493.75 493.762 493.83 493.795 493.657 493.61 493.635 493.682 493.69 493.745 493.832 493.825 493.77 493.682 493.61 493.607 493.515 493.452 493.402 493.445 493.365 493.357 493.205 493.107 493.022 492.92 492.922 492.797 492.647 492.605 492.47 492.485 492.397 492.205 492.03 491.842 491.782 491.66 491.415
495.802 495.787 495.83 495.897 495.947 495.97 495.97 495.912 495.8 495.725 495.645 495.535 495.487 495.487 495.517 495.555 495.615 495.747 495.732 495.552 495.282 495.235 495.015 494.885 494.625 494.48 494.365 494.277 494.232 494.275 494.29 494.307 494.25 493.995 494.03 494.07 494.055 494.105 494.145 494.135 494.142 494.175 494.077 494.04 493.97 493.91 493.822 493.75 493.685 493.68 493.637 493.537 493.467 493.375 493.32 493.31 493.15 492.935 492.9 492.825 492.755 492.612 492.41 492.177 492.052 492.025 491.987 491.76
496.217 496.225 496.247 496.322 496.345 496.35 496.32 496.277 496.197 496.17 496.065 495.977 495.902 495.882 495.915 495.967 496.052 496.125 496.09 495.967 495.775 495.825 495.525 495.44 495.182 495.042 494.89 494.837 494.785 494.797 494.762 494.792 494.725 494.352 494.39 494.465 494.565 494.522 494.557 494.497 494.51 494.515 494.425 494.425 494.335 494.202 494.222 494.047 494.027 493.987 493.965 493.887 493.795 493.732 493.702 493.525 493.402 493.297 493.242 493.097 493.05 492.857 492.7 492.457 492.25 492.232 492.21 492.065
496.645 496.675 496.735 496.752 496.75 496.75 496.757 496.642 496.552 496.517 496.437 496.347 496.315 496.262 496.257 496.305 496.385 496.442 496.465 496.345 496.275 496.17 496.025 496.032 495.847 495.567 495.382 495.305 495.21 495.18 495.13 495.122 495.13 494.905 494.9 494.947 494.905 494.937 495 494.887 494.885 494.797 494.702 494.675 494.602 494.575 494.572 494.54 494.432 494.385 494.287 494.215 494.105 494.082 494.027 493.895 493.8 493.637 493.58 493.485 493.36 493.187 493.075 492.832 492.582 492.44 492.355 492.26
497.14 497.155 497.2 497.187 497.165 497.137 497.092 497.042 496.967 496.885 496.795 496.737 496.675 496.647 496.607 496.652 496.737 496.777 496.8 496.702 496.795 496.495 496.55 496.552 496.317 496.042 495.827 495.735 495.732 495.612 495.582 495.562 495.58 495.52 495.49 495.345 495.36 495.327 495.312 495.255 495.157 494.967 495.062 495.022 494.95 494.947 494.912 494.825 494.827 494.622 494.56 494.542 494.577 494.482 494.407 494.292 494.22 494.022 493.972 493.91 493.712 493.592 493.407 493.182 492.897 492.67 492.495 492.467
497.555 497.59 497.602 497.63 497.625 497.58 497.52 497.485 497.335 497.257 497.212 497.127 497.04 496.987 496.975 497.005 497.077 497.095 497.117 497.09 497.102 496.95 497 496.945 496.785 496.557 496.307 496.207 496.1 496.062 496.092 496.1 496.085 495.977 495.88 495.815 495.695 495.622 495.565 495.507 495.412 495.365 495.385 495.36 495.347 495.272 495.14 495.072 495.017 494.952 494.877 494.877 494.87 494.787 494.727 494.612 494.49 494.407 494.36 494.292 494.162 493.975 493.697 493.455 493.225 492.96 492.83 492.742
498.08 497.997 497.997 497.997 498.085 498.05 498.01 497.877 497.697 497.585 497.56 497.482 497.437 497.375 497.36 497.41 497.462 497.49 497.465 497.43 497.572 497.377 497.375 497.335 497.182 496.962 496.675 496.715 496.62 496.547 496.64 496.527 496.482 496.295 496.135 496.062 495.96 495.935 495.885 495.845 495.777 495.707 495.732 495.687 495.695 495.585 495.472 495.45 495.412 495.31 495.247 495.177 495.167 495.165 495.055 494.902 494.812 494.782 494.71 494.637 494.495 494.287 494.06 493.887 493.687 493.545 493.385 493.217
498.505 498.472 498.442 498.357 498.395 498.412 498.297 498.157 498.022 497.957 497.907 497.865 497.852 497.8 497.81 497.857 497.927 497.892 497.857 497.872 498 497.775 497.775 497.7 497.477 497.237 497.147 497.107 497.057 496.917 496.91 496.95 496.877 496.71 496.565 496.465 496.345 496.232 496.267 496.26 496.147 496.115 496.105 496.037 496.02 495.955 495.81 495.725 495.717 495.615 495.557 495.542 495.525 495.45 495.332 495.18 495.14 495.087 495.082 495.027 494.847 494.745 494.63 494.555 494.45 494.24 494.075 493.912
498.89 498.88 498.892 498.805 498.742 498.635 498.535 498.485 498.412 498.347 498.262 498.217 498.282 498.282 498.252 498.315 498.347 498.322 498.21 498.212 498.487 498.192 498.117 497.992 497.875 497.632 497.527 497.457 497.442 497.345 497.422 497.352 497.28 497.162 497.06 496.842 496.73 496.617 496.597 496.637 496.525 496.365 496.445 496.335 496.277 496.227 496.235 496.142 496.047 496.035 495.96 495.882 495.797 495.792 495.76 495.615 495.487 495.415 495.402 495.36 495.267 495.245 495.295 495.207 495.097 495 494.802 494.722
499.302 499.357 499.31 499.18 499.075 498.825 498.807 498.79 498.687 498.692 498.68 498.662 498.702 498.752 498.742 498.73 498.737 498.692 498.63 498.782 498.787 498.607 498.532 498.415 498.172 498.07 497.97 497.91 497.842 497.772 497.75 497.73 497.665 497.61 497.555 497.355 497.282 497.29 497.115 497.05 496.955 496.737 496.7 496.612 496.527 496.502 496.53 496.33 496.35 496.27 496.28 496.195 496.132 496.127 496.092 495.92 495.895 495.727 495.662 495.747 495.735 495.802 495.93 495.912 495.802 495.69 495.492 495.36
499.902 499.902 499.777 499.657 499.51 499.292 499.232 499.182 499.08 499.065 499.067 499.117 499.137 499.157 499.152 499.142 499.137 499.13 499.165 499.557 499.17 499.055 499.002 498.845 498.665 498.48 498.39 498.29 498.227 498.195 498.18 498.132 498.077 498.09 498.082 497.962 497.77 497.752 497.632 497.45 497.24 497.192 496.982 496.927 496.9 496.78 496.712 496.627 496.64 496.667 496.582 496.52 496.472 496.482 496.41 496.302 496.23 496.082 496.025 496.065 496.075 496.295 496.51 496.495 496.412 496.265 496.052 495.895
500.64 500.532 500.31 500.162 500.032 499.84 499.825 499.752 499.615 499.56 499.492 499.512 499.56 499.57 499.567 499.57 499.565 499.592 499.607 499.96 499.637 499.532 499.4 499.215 499.022 498.845 498.725 498.635 498.552 498.487 498.442 498.467 498.49 498.527 498.535 498.5 498.37 498.162 497.91 497.645 497.512 497.442 497.3 497.165 497.137 497.14 497.07 497.015 497.045 496.937 496.942 496.95 496.88 496.877 496.745 496.702 496.585 496.607 496.51 496.425 496.417 496.69 496.967 496.995 496.915 496.752 496.537 496.41
501.25 501.155 500.955 500.802 500.742 500.592 500.512 500.442 500.292 500.2 500.135 500.077 500.02 500.042 500.035 500.02 500.05 500.07 500.127 500.31 500.017 499.977 499.882 499.607 499.462 499.33 499.29 499.085 498.877 498.775 498.767 498.885 498.972 498.897 498.872 498.91 498.695 498.455 498.207 497.96 497.932 497.797 497.727 497.65 497.57 497.472 497.425 497.415 497.415 497.377 497.322 497.312 497.237 497.11 497.065 496.99 496.915 496.962 496.987 496.932 496.947 497.075 497.265 497.302 497.237 497.13 496.912 496.69
501.87 501.782 501.617 501.462 501.412 501.292 501.222 501.185 501.042 500.947 500.85 500.83 500.732 500.72 500.68 500.647 500.62 500.617 500.61 500.912 500.517 500.485 500.422 500.207 499.905 499.755 499.647 499.575 499.442 499.292 499.262 499.487 499.607 499.43 499.215 499.157 498.997 498.755 498.555 498.37 498.222 498.142 498.127 498.08 498.097 497.97 497.922 497.88 497.815 497.765 497.712 497.635 497.607 497.437 497.342 497.297 497.252 497.325 497.32 497.325 497.392 497.447 497.527 497.507 497.445 497.36 497.17 496.965
502.457 502.36 502.262 502.13 502.06 501.96 501.89 501.855 501.717 501.667 501.642 501.597 501.482 501.455 501.402 501.35 501.275 501.215 501.24 501.415 501.135 501.092 501.017 500.86 500.572 500.285 500.112 499.92 499.885 499.787 499.817 499.95 499.932 499.737 499.502 499.317 499.28 499.142 499.012 498.83 498.7 498.525 498.5 498.495 498.56 498.355 498.325 498.277 498.165 498.157 498.055 498.012 497.907 497.837 497.677 497.67 497.65 497.667 497.75 497.737 497.795 497.745 497.8 497.802 497.77 497.612 497.41 497.362
502.985 502.902 502.83 502.765 502.655 502.562 502.525 502.487 502.375 502.337 502.33 502.275 502.132 502.075 502.027 501.977 501.89 501.84 501.99 501.76 501.69 501.687 501.612 501.43 501.202 500.915 500.792 500.657 500.537 500.407 500.335 500.37 500.392 500.107 499.82 499.622 499.6 499.5 499.477 499.347 499.192 499.012 498.862 498.867 498.9 498.845 498.737 498.647 498.567 498.577 498.497 498.345 498.27 498.217 498.12 498.087 498.065 498.105 498.092 498.11 498.075 498.122 498.125 498.137 498.072 497.955 497.78 497.725
503.57 503.512 503.45 503.38 503.28 503.19 503.145 503.115 503.007 503.015 502.99 502.892 502.78 502.742 502.635 502.542 502.522 502.497 502.707 502.427 502.262 502.167 502.082 501.95 501.712 501.502 501.47 501.385 501.232 501.107 501.05 500.887 500.845 500.552 500.18 500.08 499.995 500.015 499.982 499.782 499.632 499.51 499.382 499.357 499.232 499.192 499.165 499.065 498.947 498.895 498.905 498.772 498.72 498.702 498.677 498.687 498.695 498.575 498.45 498.402 498.39 498.572 498.622 498.58 498.517 498.405 498.322 498.382
504.17 504.14 504.092 503.947 503.875 503.857 503.767 503.742 503.622 503.622 503.557 503.475 503.377 503.355 503.28 503.202 503.157 503.075 503.237 502.892 502.807 502.687 502.63 502.507 502.267 502.092 502.13 502.072 501.895 501.86 501.865 501.662 501.44 501.21 500.837 500.705 500.622 500.637 500.685 500.367 500.057 499.922 499.737 499.69 499.642 499.585 499.597 499.535 499.452 499.38 499.37 499.237 499.202 499.235 499.22 499.282 499.275 499.152 498.955 498.815 498.807 498.952 499.107 499.055 499.057 498.99 498.962 499.027
504.777 504.692 504.655 504.595 504.46 504.422 504.35 504.32 504.22 504.215 504.155 504.042 503.982 503.945 503.965 503.875 503.79 503.687 503.8 503.452 503.37 503.31 503.265 503.142 502.887 502.722 502.84 502.872 502.767 502.59 502.535 502.342 502.157 501.992 501.69 501.475 501.37 501.232 501.197 501.022 500.577 500.39 500.202 500.145 500.122 500.125 500.142 500.157 500.05 499.992 499.95 499.85 499.877 499.895 499.902 499.912 499.9 499.785 499.577 499.412 499.38 499.452 499.542 499.605 499.625 499.617 499.597 499.66
