20220701_namedtuples/mapdata/sd8876_DSM_2M.asc
ncols 500
nrows 500
xllcorner    388000
yllcorner    476000
cellsize     2
NODATA_value -9999
[rows 450 to 479 of 500, columns 67 to 133 of 500]
292.888 292.623 292.37 292.105 291.86 291.645 291.43 291.055 290.56 290.008 289.568 289.285 289.138 289.008 288.84 288.728 288.64 288.54 288.485 288.39 288.293 288.205 288.145 288.145 288.1 288.04 288 288.008 288.013 287.993 287.923 287.763 287.348 287.088 286.918 286.348 286.325 286.283 286.33 286.458 286.563 286.565 286.175 285.97 286.033 286.088 286.138 286.18 286.138 286.135 286.173 286.138 286.093 285.97 285.643 285.725 286.038 286.145 286.108 286.07 286.012 285.928 285.824 285.76 285.301 285.227 285.075
293.115 292.873 292.625 292.42 292.228 292.075 291.795 291.25 290.588 290.095 289.638 289.373 289.213 289.078 288.918 288.795 288.73 288.625 288.545 288.45 288.35 288.25 288.193 288.163 288.12 288.093 288.038 288.055 288.038 288.023 287.968 287.81 287.388 287.175 287.09 286.29 286.26 286.243 286.305 286.343 286.4 286.543 286.52 286.06 285.938 286.073 286.093 286.153 286.165 286.108 286.088 286.15 286.108 286.055 286.003 285.613 285.71 285.95 286.053 286.079 286.038 285.983 285.886 285.783 285.667 285.326 285.276
293.29 293.105 292.905 292.753 292.558 292.2 291.643 291.095 290.578 290.108 289.758 289.515 289.305 289.175 289.08 288.908 288.793 288.683 288.585 288.485 288.388 288.283 288.238 288.228 288.195 288.13 288.1 288.115 288.083 288.06 288 287.838 287.458 287.255 287.078 286.318 286.148 286.165 286.193 286.265 286.303 286.385 286.508 286.41 286.03 285.99 286.063 286.08 286.108 286.128 286.053 286.07 286.073 286 285.918 285.853 285.538 285.67 285.841 285.979 286.002 286.006 285.959 285.888 285.733 285.537 285.26
293.5 293.308 293.065 292.895 292.528 291.838 291.253 290.973 290.58 290.183 289.895 289.685 289.468 289.285 289.12 289.005 288.88 288.748 288.64 288.54 288.455 288.368 288.29 288.27 288.225 288.193 288.16 288.158 288.138 288.095 287.933 287.77 287.545 287.338 287.318 286.375 286.285 286.348 286.185 286.133 286.175 286.22 286.24 286.368 286.29 286.005 286.008 286.038 286.055 286.078 286.045 286.03 286.04 285.96 285.895 285.93 285.768 285.423 285.484 285.713 285.869 285.949 285.955 285.942 285.826 285.657 285.523
293.605 293.348 292.998 292.568 291.998 291.395 291.045 290.81 290.503 290.253 290.033 289.81 289.56 289.398 289.235 289.103 288.968 288.815 288.71 288.568 288.51 288.448 288.348 288.323 288.278 288.233 288.203 288.195 288.173 288.028 287.955 287.93 287.688 287.35 287.305 286.498 286.47 286.553 286.443 286.283 286.103 286.11 286.108 286.153 286.213 286.133 286.025 286.005 286.033 286.055 286.035 286.028 286.023 286.023 286.088 286.1 285.993 285.81 285.499 285.422 285.503 285.751 285.91 285.926 285.885 285.771 285.61
293.455 292.938 292.47 292 291.415 291.065 290.858 290.695 290.503 290.333 290.07 289.895 289.675 289.493 289.335 289.158 289.023 288.88 288.765 288.643 288.553 288.48 288.415 288.37 288.358 288.328 288.26 288.25 288.16 288.11 288.155 288.075 287.805 287.383 287.298 286.55 286.51 286.53 286.53 286.515 286.243 286.11 286.175 286.095 286.118 286.083 286.07 286.013 285.988 285.96 286.013 286.02 286.02 285.963 286.01 286.04 286.035 286.025 285.874 285.615 285.266 285.279 285.503 285.839 285.886 285.855 285.73
292.968 292.51 292.153 291.655 291.245 290.943 290.785 290.72 290.545 290.37 290.16 289.958 289.738 289.563 289.4 289.27 289.073 288.92 288.778 288.68 288.608 288.533 288.488 288.445 288.425 288.36 288.3 288.26 288.245 288.26 288.263 288.215 287.973 287.528 287.485 286.623 286.438 286.488 286.463 286.49 286.43 286.298 286.165 286.108 286.085 286.05 286.07 286.063 286.02 285.92 285.918 285.953 285.995 285.99 285.965 285.905 285.95 286.023 285.993 285.875 285.681 285.424 285.225 285.305 285.589 285.722 285.775
292.618 292.275 291.91 291.633 291.348 290.985 290.873 290.788 290.58 290.405 290.225 289.995 289.8 289.63 289.465 289.32 289.123 288.973 288.86 288.74 288.668 288.595 288.538 288.525 288.47 288.405 288.36 288.345 288.32 288.293 288.288 288.285 288.123 287.733 287.518 286.7 286.403 286.43 286.45 286.415 286.468 286.483 286.42 286.24 286.173 286.1 286.088 286.12 286.095 285.945 285.85 285.905 285.91 285.963 285.998 285.93 285.878 285.87 286.013 285.986 285.917 285.801 285.523 285.147 285.068 285.377 285.735
292.425 292.165 291.863 291.68 291.395 291.068 290.99 290.845 290.63 290.433 290.263 290.095 289.893 289.69 289.5 289.315 289.16 289.043 288.873 288.77 288.695 288.653 288.585 288.533 288.485 288.465 288.425 288.353 288.318 288.305 288.308 288.305 288.21 287.84 287.468 286.908 286.323 286.37 286.405 286.41 286.428 286.463 286.505 286.395 286.295 286.248 286.215 286.215 286.205 286.04 285.87 285.825 285.875 285.89 285.9 285.948 285.945 285.888 285.802 285.921 285.964 285.901 285.758 285.634 285.44 285.167 285.058
292.293 292.063 291.773 291.588 291.275 291.16 291.075 290.948 290.775 290.57 290.31 290.103 289.898 289.69 289.505 289.325 289.185 289.038 288.895 288.8 288.735 288.678 288.61 288.593 288.558 288.483 288.423 288.373 288.345 288.308 288.288 288.31 288.258 287.978 287.515 286.95 286.283 286.303 286.35 286.375 286.365 286.37 286.443 286.49 286.418 286.205 286.183 286.258 286.253 286.215 286.135 285.828 285.775 285.855 285.845 285.858 285.89 285.9 285.864 285.797 285.824 285.886 285.88 285.819 285.698 285.469 285.13
292.235 291.988 291.793 291.555 291.293 291.188 291.113 291.015 290.875 290.643 290.365 290.15 289.955 289.758 289.52 289.34 289.158 289.025 288.933 288.805 288.72 288.683 288.68 288.633 288.555 288.508 288.455 288.385 288.36 288.305 288.293 288.313 288.27 287.99 287.55 287.035 286.223 286.208 286.303 286.328 286.365 286.343 286.395 286.488 286.513 286.4 286.155 286.163 286.173 286.148 286.2 286.143 285.813 285.708 285.755 285.818 285.823 285.855 285.835 285.831 285.805 285.63 285.841 285.794 285.693 285.625 285.598
292.128 291.973 291.778 291.615 291.43 291.24 291.105 291.03 290.913 290.738 290.483 290.17 289.985 289.813 289.563 289.318 289.145 289.023 288.92 288.78 288.74 288.733 288.698 288.625 288.555 288.52 288.465 288.415 288.383 288.38 288.353 288.325 288.245 287.94 287.59 286.89 286.19 286.15 286.215 286.243 286.265 286.268 286.388 286.44 286.495 286.468 286.318 286.218 286.128 286.035 286.025 286.083 286.075 285.738 285.583 285.695 285.735 285.775 285.798 285.774 285.753 285.629 285.694 285.733 285.747 285.722 285.663
292.048 291.923 291.765 291.63 291.515 291.36 291.16 291.01 290.848 290.703 290.573 290.23 290.013 289.83 289.588 289.35 289.138 289.023 288.913 288.808 288.798 288.75 288.695 288.64 288.575 288.535 288.498 288.433 288.385 288.388 288.338 288.335 288.245 287.938 287.43 286.863 286.145 286.145 286.18 286.19 286.208 286.285 286.368 286.385 286.418 286.428 286.408 286.35 286.29 286.208 286.065 285.96 285.95 285.865 285.525 285.433 285.45 285.508 285.596 285.606 285.584 285.576 285.496 285.492 285.675 285.655 285.685
291.963 291.858 291.71 291.593 291.46 291.345 291.2 291.038 290.86 290.715 290.588 290.205 290.003 289.805 289.57 289.328 289.138 289.068 288.99 288.868 288.793 288.778 288.715 288.64 288.6 288.543 288.518 288.443 288.388 288.383 288.335 288.293 288.21 287.9 287.35 286.945 286.118 286.098 286.148 286.153 286.17 286.235 286.31 286.353 286.388 286.37 286.363 286.333 286.298 286.285 286.225 286.123 286.143 286.165 285.985 285.695 285.408 285.295 285.224 285.248 285.24 285.194 285.244 285.292 285.287 285.291 285.289
291.91 291.768 291.643 291.503 291.35 291.223 291.103 291.008 290.92 290.765 290.485 290.173 290.013 289.815 289.575 289.368 289.248 289.155 289.058 288.913 288.798 288.79 288.735 288.673 288.62 288.55 288.515 288.45 288.363 288.363 288.318 288.253 288.183 287.853 287.273 287.158 286.123 286.063 286.05 286.093 286.188 286.233 286.293 286.33 286.35 286.32 286.3 286.273 286.258 286.218 286.19 286.13 286.098 286.085 286.038 286.063 286.015 285.9 285.824 285.734 285.497 285.343 285.202 285.16 285.193 285.188 285.082
291.89 291.713 291.56 291.43 291.285 291.14 291.07 290.96 290.838 290.638 290.4 290.188 290.013 289.783 289.535 289.413 289.335 289.25 289.148 289.005 288.885 288.813 288.765 288.69 288.64 288.565 288.505 288.445 288.403 288.35 288.263 288.153 288.03 287.745 287.228 287.108 286.055 285.965 286.075 286.115 286.19 286.225 286.25 286.303 286.298 286.28 286.24 286.233 286.215 286.168 286.128 286.078 286.05 286.028 286.005 286.018 286.043 286.075 286.038 286.044 286.015 285.894 285.79 285.657 285.367 285.386 285.208
291.803 291.67 291.538 291.38 291.255 291.155 291.06 290.855 290.693 290.575 290.39 290.193 290.04 289.78 289.595 289.515 289.398 289.325 289.275 289.095 288.93 288.848 288.78 288.745 288.663 288.573 288.508 288.43 288.395 288.335 288.255 288.18 288.05 287.785 287.248 287.073 286.085 285.975 286.075 286.118 286.158 286.195 286.245 286.253 286.24 286.23 286.195 286.158 286.13 286.08 286.07 286.025 286.033 286.028 286.03 286.003 285.995 286.02 286.008 286.004 286.007 285.915 285.868 285.815 285.71 285.679 285.575
291.723 291.558 291.5 291.348 291.24 291.125 290.92 290.773 290.643 290.528 290.363 290.185 289.988 289.763 289.623 289.55 289.425 289.34 289.305 289.118 288.973 288.88 288.815 288.753 288.653 288.603 288.533 288.46 288.418 288.358 288.298 288.218 288.133 287.94 287.34 287.098 286.098 285.933 285.953 286.08 286.123 286.168 286.193 286.208 286.19 286.135 286.148 286.105 286.085 286.038 286.005 286 285.998 285.97 285.993 285.945 285.953 285.983 285.963 285.963 285.948 285.909 285.882 285.815 285.754 285.72 285.768
291.66 291.528 291.455 291.283 291.138 291.015 290.878 290.76 290.628 290.523 290.383 290.178 289.983 289.85 289.715 289.618 289.503 289.365 289.263 289.153 289.03 288.925 288.84 288.758 288.71 288.665 288.595 288.535 288.458 288.385 288.353 288.293 288.22 288.013 287.418 287.083 286.148 285.873 285.978 286.085 286.135 286.153 286.158 286.178 286.12 286.083 286.07 286.053 286.028 285.993 285.963 285.945 285.968 285.97 285.913 285.878 285.893 285.945 285.935 285.948 285.916 285.846 285.809 285.757 285.719 285.682 285.658
291.573 291.515 291.415 291.225 291.06 290.965 290.893 290.725 290.578 290.48 290.365 290.185 290.07 289.94 289.798 289.668 289.543 289.378 289.28 289.165 289.068 288.953 288.888 288.815 288.773 288.723 288.655 288.568 288.473 288.423 288.37 288.338 288.27 288.09 287.54 287.09 286.353 285.833 285.915 286.025 286.108 286.12 286.11 286.108 286.035 286.07 285.975 286 285.995 285.953 285.915 285.895 285.918 285.905 285.888 285.85 285.85 285.893 285.893 285.903 285.893 285.818 285.761 285.72 285.704 285.662 285.595
291.565 291.46 291.328 291.168 291.03 290.915 290.835 290.708 290.545 290.455 290.37 290.268 290.118 289.91 289.758 289.635 289.533 289.383 289.263 289.188 289.068 288.983 288.895 288.858 288.815 288.76 288.648 288.575 288.523 288.443 288.37 288.348 288.295 288.143 287.645 287.1 286.748 285.89 285.853 285.915 286.053 286.055 286.075 286.105 286.103 286.085 286.018 286.018 285.968 285.928 285.885 285.86 285.863 285.845 285.865 285.858 285.845 285.843 285.868 285.863 285.883 285.813 285.755 285.709 285.641 285.65 285.603
291.543 291.418 291.27 291.123 290.983 290.888 290.783 290.673 290.563 290.478 290.38 290.298 290.193 289.958 289.77 289.615 289.518 289.375 289.265 289.185 289.105 289.013 288.948 288.89 288.84 288.768 288.683 288.62 288.53 288.463 288.383 288.358 288.278 288.158 287.735 287.038 286.715 285.895 285.833 285.898 286.003 286.05 286.045 286.06 286.04 286.035 286.008 285.985 285.935 285.878 285.863 285.813 285.828 285.82 285.845 285.838 285.808 285.828 285.813 285.843 285.838 285.778 285.736 285.688 285.628 285.584 285.614
291.503 291.368 291.22 291.073 290.958 290.863 290.773 290.683 290.58 290.485 290.44 290.353 290.253 290.093 289.858 289.645 289.495 289.383 289.31 289.2 289.148 289.048 288.998 288.93 288.893 288.828 288.748 288.683 288.588 288.44 288.395 288.35 288.28 288.208 287.823 287.138 286.678 285.88 285.835 285.85 285.943 286.01 286.04 286.04 286.008 285.995 285.963 285.908 285.89 285.835 285.828 285.773 285.783 285.785 285.813 285.8 285.783 285.773 285.758 285.79 285.763 285.73 285.69 285.678 285.62 285.566 285.559
291.458 291.315 291.178 291.045 290.963 290.935 290.858 290.773 290.668 290.638 290.598 290.5 290.395 290.253 290.038 289.775 289.583 289.483 289.4 289.298 289.183 289.115 289.018 288.995 288.955 288.855 288.798 288.71 288.62 288.513 288.428 288.368 288.288 288.193 287.83 287.228 286.835 285.85 285.838 285.793 285.838 285.918 285.988 286.005 285.953 285.925 285.903 285.885 285.85 285.793 285.748 285.733 285.72 285.74 285.75 285.763 285.768 285.725 285.708 285.71 285.718 285.683 285.655 285.633 285.612 285.551 285.472
291.413 291.255 291.145 291.075 291.03 290.995 290.948 290.9 290.828 290.788 290.705 290.613 290.51 290.373 290.215 289.953 289.76 289.663 289.583 289.453 289.355 289.238 289.138 289.05 288.998 288.943 288.88 288.78 288.635 288.53 288.47 288.423 288.338 288.175 287.86 287.208 286.905 285.863 285.9 285.943 285.823 285.873 285.965 285.953 285.935 285.91 285.865 285.848 285.825 285.763 285.723 285.693 285.67 285.69 285.708 285.718 285.718 285.705 285.668 285.663 285.675 285.65 285.615 285.573 285.581 285.513 285.43
291.37 291.3 291.198 291.133 291.083 291.08 291.028 290.96 290.938 290.89 290.84 290.745 290.685 290.498 290.338 290.188 290.003 289.913 289.785 289.658 289.535 289.41 289.278 289.088 289.035 288.983 288.94 288.83 288.735 288.625 288.533 288.45 288.375 288.238 287.883 287.255 286.955 285.935 285.895 285.938 285.823 285.815 285.87 285.948 285.933 285.905 285.855 285.82 285.785 285.728 285.71 285.675 285.635 285.613 285.63 285.665 285.658 285.655 285.648 285.618 285.63 285.613 285.583 285.56 285.548 285.516 285.439
291.358 291.34 291.333 291.28 291.21 291.168 291.09 291.09 291.07 291.038 290.96 290.923 290.868 290.74 290.583 290.375 290.213 290.088 289.98 289.873 289.763 289.635 289.483 289.278 289.13 289.073 289.045 288.973 288.883 288.745 288.603 288.495 288.383 288.24 287.938 287.31 286.933 286.365 285.873 285.883 285.878 285.815 285.783 285.815 285.875 285.883 285.85 285.828 285.77 285.718 285.673 285.623 285.623 285.618 285.578 285.583 285.608 285.605 285.588 285.558 285.583 285.593 285.55 285.503 285.51 285.493 285.414
291.403 291.408 291.4 291.36 291.3 291.228 291.178 291.18 291.15 291.133 291.105 291.043 291.023 290.983 290.845 290.663 290.46 290.335 290.238 290.128 290.013 289.895 289.745 289.535 289.33 289.205 289.138 289.123 289.048 288.9 288.733 288.585 288.445 288.253 287.935 287.378 286.915 286.448 285.863 285.843 285.823 285.768 285.733 285.738 285.798 285.845 285.843 285.79 285.773 285.738 285.663 285.62 285.585 285.57 285.568 285.568 285.54 285.535 285.525 285.538 285.53 285.513 285.498 285.5 285.475 285.478 285.453
291.53 291.518 291.465 291.443 291.365 291.308 291.305 291.265 291.255 291.215 291.198 291.185 291.19 291.148 291.09 290.935 290.735 290.58 290.458 290.348 290.273 290.193 290.098 289.903 289.618 289.43 289.325 289.25 289.175 289.035 288.873 288.703 288.523 288.283 287.928 287.43 287.098 286.455 285.84 285.82 285.87 285.913 285.845 285.75 285.733 285.81 285.803 285.793 285.755 285.703 285.683 285.638 285.595 285.545 285.543 285.533 285.503 285.508 285.5 285.5 285.488 285.465 285.453 285.43 285.418 285.42 285.425
291.643 291.613 291.543 291.51 291.483 291.425 291.388 291.385 291.335 291.338 291.313 291.32 291.325 291.33 291.275 291.148 290.978 290.825 290.698 290.593 290.513 290.488 290.49 290.3 289.948 289.683 289.535 289.435 289.298 289.138 289.013 288.853 288.615 288.313 287.94 287.475 287.103 286.435 285.868 285.793 285.85 285.903 285.89 285.825 285.658 285.678 285.758 285.77 285.763 285.748 285.698 285.635 285.605 285.583 285.56 285.52 285.503 285.488 285.46 285.44 285.463 285.455 285.413 285.395 285.365 285.373 285.403
