20220701_namedtuples/mapdata/sd8879_DSM_2M.asc
ncols 500
nrows 500
xllcorner    388000
yllcorner    479000
cellsize     2
NODATA_value -9999
[rows 0 to 28 of 500, columns 134 to 200 of 500]
313.513 313.4 313.228 313.143 312.895 312.95 313.395 314.545 315.583 317.153 317.418 317.768 317.988 318.218 318.488 318.66 318.86 318.965 319.063 319.12 319.103 319.123 319.09 319.05 318.943 318.89 318.855 318.743 318.61 318.51 318.415 318.3 318.133 317.95 317.778 317.688 317.61 317.643 317.565 317.52 317.47 317.413 317.35 317.288 317.153 317.04 316.745 316.508 316.4 316.363 316.42 316.155 315.925 315.75 315.635 315.525 315.42 315.308 315.193 315.035 314.865 314.74 314.578 314.423 314.275 314.153 314.093
314.068 313.863 313.67 313.53 313.358 313.378 313.355 314.035 315.288 316.528 318.038 318.065 318.353 318.633 318.898 319.13 319.3 319.388 319.44 319.443 319.443 319.455 319.393 319.368 319.298 319.258 319.193 319.145 319.033 318.93 318.813 318.73 318.595 318.455 318.358 318.295 318.173 318.093 318.018 317.918 317.858 317.758 317.665 317.64 317.53 317.378 317.273 317.05 316.858 316.835 316.835 316.74 316.53 316.34 316.135 316.033 315.905 315.76 315.643 315.465 315.295 315.115 314.918 314.755 314.583 314.458 314.34
314.578 314.29 314.08 313.855 313.805 314.103 314.223 314.13 314.803 316.068 317.58 318.465 318.71 319.008 319.243 319.558 319.74 319.795 319.823 319.813 319.808 319.77 319.735 319.688 319.62 319.553 319.513 319.475 319.38 319.248 319.123 319.033 318.953 318.88 318.773 318.678 318.578 318.46 318.363 318.255 318.19 318.078 318.02 317.935 317.835 317.683 317.62 317.578 317.47 317.333 317.278 317.235 317.128 316.895 316.61 316.523 316.38 316.233 316.06 315.878 315.683 315.495 315.275 315.038 314.863 314.73 314.635
315.115 314.815 314.585 314.305 314.278 314.908 314.768 314.74 314.833 316 317.455 318.758 319.31 319.395 319.673 319.925 320.068 320.198 320.25 320.213 320.203 320.153 320.108 320.02 320.01 319.91 319.803 319.745 319.65 319.543 319.443 319.34 319.268 319.18 319.1 319.043 318.985 318.865 318.705 318.585 318.47 318.38 318.27 318.155 318.06 317.985 317.923 317.853 317.783 317.683 317.605 317.543 317.478 317.323 317.1 316.928 316.758 316.6 316.455 316.233 316.013 315.833 315.6 315.343 315.12 314.928 314.818
315.88 315.438 315.13 314.95 314.973 315.408 315.458 315.515 315.405 316.083 317.363 318.643 320.055 319.813 320.015 320.26 320.473 320.585 320.63 320.62 320.605 320.558 320.495 320.468 320.375 320.295 320.18 320.07 319.955 319.865 319.775 319.653 319.598 319.493 319.43 319.39 319.343 319.235 319.078 318.948 318.805 318.69 318.525 318.408 318.33 318.25 318.195 318.1 318.073 317.993 317.858 317.77 317.675 317.61 317.565 317.355 317.09 316.918 316.773 316.568 316.34 316.095 315.848 315.608 315.4 315.19 315.035
316.793 316.22 315.88 315.658 315.73 315.818 316.053 316.148 315.888 316.048 317.468 318.745 319.81 320.548 320.388 320.645 320.828 320.948 320.995 321.01 320.968 320.965 320.955 320.885 320.763 320.693 320.583 320.46 320.328 320.228 320.12 320.01 319.94 319.895 319.795 319.755 319.655 319.543 319.47 319.293 319.183 319 318.81 318.68 318.593 318.485 318.41 318.34 318.313 318.24 318.155 318.038 317.908 317.83 317.82 317.743 317.485 317.24 316.993 316.805 316.595 316.325 316.103 315.848 315.68 315.475 315.29
317.693 317.065 316.575 316.363 316.365 316.255 316.34 316.623 316.428 316.188 317.425 318.743 319.668 320.793 320.923 321.058 321.213 321.308 321.363 321.35 321.365 321.363 321.333 321.27 321.183 321.095 320.968 320.823 320.698 320.578 320.498 320.425 320.378 320.305 320.245 320.208 320.085 319.928 319.803 319.655 319.488 319.333 319.123 318.958 318.798 318.728 318.605 318.548 318.505 318.43 318.343 318.225 318.125 318.028 317.975 317.925 317.808 317.57 317.31 317.068 316.86 316.628 316.37 316.15 315.948 315.72 315.545
318.418 317.785 317.258 316.898 316.625 316.6 316.655 317.063 316.955 316.535 317.413 318.445 319.563 320.475 321.753 321.535 321.625 321.693 321.673 321.698 321.718 321.713 321.718 321.64 321.528 321.415 321.315 321.188 321.075 320.97 320.903 320.835 320.773 320.748 320.71 320.678 320.493 320.365 320.22 320.033 319.82 319.638 319.428 319.26 319.1 318.938 318.848 318.783 318.705 318.645 318.525 318.435 318.333 318.21 318.135 318.095 317.988 317.898 317.668 317.335 317.1 316.86 316.59 316.385 316.173 315.953 315.788
319.15 318.46 317.923 317.515 317.15 316.935 316.955 317.14 317.42 317.275 317.35 318.058 319.378 320.378 321.455 322.3 321.98 322.035 322.07 322.035 322 322.02 322.015 321.938 321.86 321.755 321.65 321.555 321.453 321.385 321.31 321.238 321.2 321.168 321.15 321.083 320.948 320.775 320.588 320.425 320.185 319.955 319.765 319.56 319.393 319.223 319.135 319.04 318.978 318.87 318.77 318.663 318.565 318.445 318.363 318.28 318.21 318.118 318.03 317.74 317.478 317.118 316.828 316.603 316.398 316.188 316.028
319.788 319.123 318.565 318.175 317.688 317.418 317.353 317.478 317.723 317.898 317.778 318.085 319.27 320.39 321.31 322.485 322.42 322.4 322.383 322.335 322.33 322.31 322.305 322.233 322.148 322.058 322.005 321.925 321.81 321.765 321.678 321.648 321.675 321.63 321.645 321.513 321.375 321.18 320.94 320.738 320.508 320.288 320.055 319.893 319.703 319.55 319.4 319.31 319.24 319.145 319.038 318.905 318.828 318.683 318.608 318.505 318.395 318.318 318.258 318.1 317.92 317.535 317.138 316.853 316.63 316.455 316.255
320.438 319.863 319.293 318.858 318.355 318.223 317.828 318.128 318.24 318.288 318.14 318.075 319.21 320.355 321.333 322.348 322.978 322.723 322.713 322.688 322.63 322.623 322.6 322.51 322.455 322.39 322.313 322.283 322.168 322.145 322.095 322.09 322.098 322.08 322.088 321.918 321.728 321.55 321.298 321.068 320.828 320.593 320.385 320.203 320.04 319.855 319.76 319.608 319.518 319.418 319.3 319.215 319.08 318.963 318.878 318.75 318.623 318.49 318.428 318.335 318.25 317.985 317.533 317.108 316.885 316.725 316.538
321.185 320.62 320.083 319.555 319.035 318.825 318.698 318.865 318.93 319.065 318.733 318.353 319.2 320.313 321.31 322.235 323.338 323.02 322.998 322.993 322.963 322.963 322.935 322.825 322.748 322.665 322.635 322.59 322.555 322.518 322.505 322.478 322.49 322.485 322.473 322.25 322.073 321.87 321.653 321.423 321.175 320.953 320.72 320.53 320.385 320.205 320.128 319.933 319.823 319.69 319.635 319.515 319.38 319.233 319.105 318.983 318.82 318.708 318.598 318.493 318.4 318.285 317.948 317.468 317.138 316.95 316.808
321.893 321.428 320.895 320.355 319.85 319.558 319.435 319.528 319.45 319.463 318.948 319 319.348 320.31 321.425 322.335 323.495 323.298 323.255 323.26 323.245 323.205 323.14 323.105 323.018 322.96 322.94 322.908 322.87 322.853 322.833 322.84 322.855 322.853 322.763 322.585 322.398 322.175 321.965 321.753 321.558 321.335 321.088 320.893 320.698 320.61 320.445 320.243 320.118 320.048 319.978 319.843 319.71 319.573 319.433 319.24 319.068 318.92 318.783 318.67 318.575 318.49 318.225 317.878 317.523 317.31 317.1
322.465 322.103 321.65 321.173 320.623 320.258 320.1 319.998 319.99 319.93 319.378 319.3 319.6 320.293 321.498 322.493 323.373 323.838 323.535 323.533 323.498 323.485 323.428 323.353 323.298 323.315 323.308 323.238 323.178 323.168 323.158 323.165 323.15 323.13 323.035 322.9 322.708 322.463 322.278 322.068 321.905 321.7 321.478 321.275 321.058 320.89 320.745 320.59 320.468 320.348 320.243 320.148 320.025 319.9 319.75 319.548 319.385 319.21 319.045 318.885 318.783 318.645 318.495 318.31 318 317.718 317.433
323 322.775 322.343 321.853 321.335 320.903 320.618 320.493 320.485 320.46 320.04 319.603 319.963 320.638 321.698 322.65 323.288 324.27 323.813 323.828 323.793 323.773 323.75 323.665 323.57 323.545 323.528 323.498 323.448 323.398 323.398 323.395 323.383 323.353 323.258 323.165 323.03 322.758 322.538 322.388 322.22 322.05 321.89 321.738 321.493 321.253 321.083 320.948 320.84 320.695 320.595 320.455 320.36 320.238 320.11 319.92 319.718 319.57 319.343 319.118 318.958 318.845 318.728 318.648 318.43 318.158 317.88
323.535 323.335 322.963 322.525 322.05 321.575 321.253 321.038 320.938 320.855 320.728 320 320.345 321.125 321.788 322.583 323.305 324.408 324.165 324.123 324.085 324.04 324.03 323.945 323.823 323.753 323.743 323.713 323.713 323.68 323.61 323.6 323.58 323.575 323.505 323.448 323.295 323.073 322.883 322.708 322.538 322.383 322.233 322.075 321.843 321.613 321.445 321.3 321.213 321.1 320.99 320.818 320.718 320.593 320.455 320.223 320.088 319.89 319.663 319.423 319.243 319.093 318.978 318.873 318.72 318.49 318.285
324.028 323.828 323.52 323.15 322.705 322.265 321.948 321.688 321.498 321.438 321.078 320.39 320.688 321.22 321.758 322.385 323.21 324.353 324.645 324.395 324.35 324.345 324.27 324.193 324.033 323.978 323.965 323.96 323.91 323.863 323.815 323.788 323.798 323.803 323.75 323.675 323.543 323.4 323.228 323.06 322.91 322.728 322.608 322.43 322.205 321.985 321.85 321.7 321.603 321.5 321.363 321.21 321.08 320.953 320.798 320.595 320.433 320.245 320.02 319.788 319.608 319.478 319.275 319.128 318.98 318.81 318.633
324.493 324.323 324.03 323.718 323.273 322.865 322.608 322.363 322.158 322.01 321.148 320.668 321.063 321.293 321.898 322.413 323.21 324.238 325.163 324.66 324.583 324.583 324.513 324.403 324.33 324.225 324.18 324.198 324.098 324.075 324.015 323.98 324.05 323.985 323.965 323.93 323.8 323.663 323.54 323.398 323.198 323.065 322.945 322.785 322.57 322.393 322.228 322.08 321.985 321.843 321.76 321.62 321.465 321.31 321.153 320.943 320.79 320.595 320.408 320.24 320.025 319.878 319.693 319.513 319.373 319.258 319.108
324.998 324.835 324.583 324.24 323.875 323.538 323.19 322.965 322.723 322.538 321.753 321.06 321.333 321.735 322.123 322.545 323.325 324.245 325.428 325.053 324.995 325.008 324.97 324.88 324.718 324.578 324.455 324.44 324.428 324.323 324.263 324.27 324.265 324.24 324.283 324.223 324.09 323.943 323.835 323.723 323.54 323.358 323.273 323.1 322.95 322.833 322.663 322.558 322.43 322.32 322.183 322.015 321.835 321.618 321.46 321.29 321.143 320.968 320.813 320.65 320.495 320.325 320.183 320.038 319.903 319.778 319.64
325.495 325.303 325.078 324.783 324.445 324.083 323.83 323.648 323.343 323.078 322.543 321.833 321.73 321.948 322.418 322.823 323.418 324.298 325.46 325.648 325.505 325.56 325.59 325.405 325.173 324.993 324.873 324.803 324.78 324.733 324.67 324.66 324.66 324.61 324.633 324.565 324.395 324.308 324.188 324.055 323.883 323.753 323.598 323.415 323.313 323.275 323.17 323.053 322.878 322.73 322.52 322.363 322.135 321.943 321.753 321.61 321.428 321.34 321.168 321.073 320.985 320.898 320.8 320.675 320.533 320.353 320.165
326.005 325.833 325.605 325.333 324.988 324.723 324.603 324.418 324.058 323.698 323.375 322.975 322.508 322.15 322.558 323.05 323.635 324.4 325.565 326.333 325.988 326.02 326.06 325.848 325.625 325.448 325.268 325.205 325.173 325.155 325.143 325.123 325.068 325.015 325.005 324.95 324.805 324.69 324.6 324.46 324.29 324.193 324.015 323.848 323.725 323.705 323.61 323.428 323.26 323.055 322.865 322.68 322.478 322.255 322.088 321.945 321.82 321.725 321.665 321.69 321.69 321.645 321.5 321.29 321.073 320.825 320.585
326.58 326.388 326.158 325.835 325.575 325.423 325.368 325.243 324.843 324.435 324.175 324.015 323.35 322.663 322.868 323.385 323.98 324.763 325.64 326.773 326.383 326.353 326.35 326.215 326.06 325.89 325.723 325.61 325.61 325.593 325.595 325.608 325.5 325.43 325.44 325.388 325.228 325.085 324.993 324.82 324.725 324.623 324.478 324.323 324.223 324.15 323.988 323.783 323.565 323.378 323.168 323.01 322.8 322.615 322.453 322.31 322.223 322.215 322.268 322.413 322.325 322.188 321.963 321.748 321.473 321.205 320.89
327.098 326.883 326.63 326.36 326.13 326.043 326.035 325.98 325.61 325.22 325.018 324.703 323.995 323.22 323.213 323.745 324.463 325.398 326.178 327.245 326.77 326.748 326.735 326.668 326.465 326.325 326.183 326.068 326.058 326.025 326.05 326.05 325.95 325.943 325.953 325.845 325.748 325.608 325.47 325.285 325.155 325.043 324.925 324.795 324.673 324.485 324.345 324.103 323.893 323.69 323.475 323.303 323.1 322.97 322.783 322.67 322.668 322.748 322.793 322.735 322.63 322.503 322.308 322.118 321.838 321.523 321.208
327.453 327.273 327.038 326.81 326.64 326.625 326.683 326.76 326.423 326.03 325.708 325.243 324.563 323.633 323.538 323.973 324.895 325.94 326.725 327.89 327.23 327.25 327.18 327.11 326.923 326.768 326.688 326.623 326.568 326.563 326.628 326.59 326.495 326.46 326.47 326.36 326.285 326.19 325.973 325.81 325.618 325.455 325.373 325.238 325.048 324.885 324.67 324.45 324.233 323.983 323.77 323.595 323.438 323.263 323.125 323.033 323.09 323.11 323.053 322.978 322.9 322.788 322.603 322.398 322.163 321.943 321.508
327.81 327.635 327.425 327.213 327.118 327.108 327.218 327.293 327.09 326.68 326.245 325.7 324.948 323.948 323.82 324.575 325.378 326.415 327.2 328.195 327.72 327.68 327.658 327.583 327.39 327.21 327.165 327.12 327.045 327.075 327.135 327.153 327.123 327.09 327.01 326.873 326.86 326.695 326.458 326.21 326.03 325.885 325.748 325.598 325.42 325.19 324.968 324.755 324.568 324.37 324.115 323.88 323.713 323.555 323.438 323.438 323.435 323.308 323.208 323.128 323.06 322.958 322.823 322.638 322.41 322.115 321.818
328.18 328.01 327.825 327.67 327.598 327.68 327.798 327.798 327.713 327.325 326.785 326.055 325.363 324.72 324.253 324.985 325.978 327.013 327.71 328.703 328.235 328.183 328.145 328.093 327.893 327.788 327.733 327.71 327.633 327.635 327.675 327.745 327.73 327.72 327.58 327.433 327.388 327.188 326.89 326.663 326.49 326.275 326.085 325.953 325.775 325.553 325.315 325.095 324.903 324.633 324.388 324.178 324.003 323.838 323.763 323.735 323.66 323.438 323.323 323.233 323.148 323.033 322.933 322.778 322.575 322.343 322.073
328.625 328.46 328.285 328.17 328.113 328.195 328.358 328.338 328.188 327.825 327.205 326.373 325.733 325.155 324.79 325.255 326.565 327.548 328.178 329.03 328.775 328.705 328.718 328.648 328.52 328.36 328.323 328.305 328.243 328.228 328.303 328.335 328.343 328.26 328.18 327.965 327.833 327.603 327.355 327.113 326.898 326.705 326.475 326.33 326.17 325.933 325.67 325.435 325.198 324.95 324.685 324.485 324.335 324.173 324.093 323.973 323.765 323.568 323.405 323.318 323.235 323.175 323.04 322.923 322.773 322.533 322.3
329.153 329.02 328.755 328.668 328.65 328.733 328.845 328.81 328.648 328.278 327.608 326.828 325.843 325.315 325.285 326.095 327.243 328.043 328.738 329.585 329.203 329.183 329.198 329.183 329.155 328.99 328.94 328.935 328.883 328.833 328.873 328.92 328.875 328.778 328.625 328.453 328.248 328.02 327.808 327.555 327.33 327.125 326.898 326.715 326.585 326.363 326.095 325.855 325.583 325.363 325.038 324.778 324.575 324.453 324.385 324.198 323.95 323.703 323.515 323.413 323.34 323.245 323.17 323.04 322.893 322.728 322.51
329.635 329.493 329.303 329.203 329.173 329.308 329.343 329.283 329.1 328.705 327.96 326.955 325.818 325.53 325.973 326.943 327.908 328.625 329.188 330.018 329.595 329.56 329.63 329.663 329.683 329.623 329.555 329.53 329.495 329.468 329.43 329.413 329.34 329.225 329.098 328.873 328.655 328.448 328.208 327.99 327.77 327.55 327.358 327.163 327.015 326.803 326.543 326.27 325.998 325.718 325.37 325.11 324.923 324.74 324.673 324.5 324.25 324.03 323.758 323.613 323.45 323.373 323.283 323.163 323.058 322.89 322.678
