20220701_namedtuples/mapdata/sd8877_DSM_2M.asc
ncols 500
nrows 500
xllcorner    388000
yllcorner    477000
cellsize     2
NODATA_value -9999
[rows 240 to 269 of 500, columns 0 to 66 of 500]
534.121 534.11 534.151 534.317 534.544 534.507 534.829 535.052 535.081 535.571 535.859 536.155 536.096 536.241 536.368 536.349 536.456 536.516 536.7 536.842 537.353 537.383 537.804 538.004 538.499 538.584 538.933 539.034 538.997 538.707 538.631 538.501 538.516 538.622 538.382 538.091 538.003 537.766 538.163 538.345 537.861 537.635 537.666 537.546 537.237 536.865 537.458 537.783 537.602 537.283 537.013 537.027 536.776 536.782 536.503 536.136 536.171 536.01 535.824 535.756 535.668 535.409 535.32 535.021 534.769 534.2 534.179
533.428 533.516 533.437 533.797 533.859 534.093 533.912 534.194 534.469 534.828 535.127 535.415 535.486 535.426 535.573 535.713 535.814 536.124 535.937 536.299 536.701 537.003 537.159 537.783 537.823 538.278 538.353 538.419 538.243 538.154 537.787 537.681 537.697 537.911 537.534 537.023 537.183 536.954 537.116 537.043 536.546 536.9 537.593 536.63 536.66 536.538 536.724 536.824 536.701 536.596 536.418 536.026 536.07 535.936 535.789 535.471 535.468 535.204 535.188 535.044 534.883 534.857 534.532 534.44 534.085 533.807 533.06
532.621 532.72 532.982 533.084 533.02 533.232 533.359 533.339 533.557 534.004 534.4 534.756 534.677 534.854 534.885 534.908 535.037 535.062 535.429 535.765 536.13 536.306 536.499 536.812 536.979 536.959 537.187 537.257 536.925 537.059 537.102 536.986 536.741 536.622 536.499 536.163 536.089 536.07 536.126 536.25 536.112 536.106 536.464 537.075 536.3 536.159 536.35 536.387 536.211 536.136 535.9 535.7 535.643 535.587 535.338 535.149 534.9 534.711 534.681 534.597 534.284 534.141 534.048 533.807 533.591 532.87 532.077
532.383 532.529 532.429 532.286 532.502 532.776 532.96 532.896 533.114 533.248 533.684 533.813 534.087 534.05 534.363 534.435 534.611 534.731 534.927 535.056 535.238 535.387 535.443 535.756 536.017 536.201 535.985 535.976 536.103 536.145 536.314 535.988 536.018 535.867 535.497 535.39 535.424 535.239 535.52 535.234 535.171 535.431 535.263 535.243 536.278 535.422 535.684 535.44 535.549 535.357 535.16 534.927 534.876 534.878 534.536 534.252 534.158 534.09 533.825 533.589 533.709 533.183 533.133 532.934 532.623 532.026 531.544
532.174 532.263 532.403 532.394 532.609 532.712 532.667 532.656 532.63 532.869 533.232 533.424 533.486 533.532 533.748 533.9 534.038 534.177 534.253 534.333 534.593 534.734 534.622 534.833 534.761 534.924 535.056 535 534.993 534.964 535.091 534.97 534.738 534.573 534.298 534.187 534.325 534.144 534.063 534.29 534.281 534.535 534.229 534.37 534.307 534.63 535.498 534.331 534.636 534.696 534.416 534.335 534.378 534.073 533.996 533.694 533.326 533.287 533.093 532.98 533.053 532.444 531.964 531.886 531.867 531.544 531.043
532.093 532.057 532.06 532.064 532.259 532.295 532.364 532.343 532.453 532.607 532.839 532.814 532.817 532.958 533.053 533.061 533.32 533.233 533.622 533.712 533.727 533.616 533.766 533.758 533.875 533.665 533.68 533.807 534.056 534.175 533.863 534.048 533.844 533.573 533.38 533.19 533.28 533.511 533.485 533.62 533.743 533.618 533.776 533.942 534.041 534.043 534.172 534.731 533.778 533.692 533.613 533.708 533.492 533.32 533.195 533.182 532.864 532.506 532.42 532.102 531.922 531.616 531.192 530.882 530.602 530.318 530.353
531.737 531.802 531.977 531.896 532.036 532.189 532.208 532.206 532.261 532.33 532.422 532.4 532.464 532.579 532.633 532.745 532.934 533.049 533.005 533.217 533.153 533.219 533.037 533.222 532.886 532.665 532.614 532.791 533.02 533.175 533.196 533.181 532.767 532.663 532.514 532.536 532.621 532.626 532.771 532.816 532.66 532.896 532.643 532.616 532.898 532.998 532.87 532.581 533.722 533.417 532.619 532.489 532.567 532.463 532.331 532.261 531.907 531.727 531.158 531.533 531.003 530.522 530.738 530.307 530.163 529.826 529.503
531.712 531.792 531.6 531.768 531.707 531.879 531.876 531.768 531.808 531.874 531.847 531.828 531.882 531.877 531.982 532.17 532.05 532.339 532.242 532.322 532.259 532.215 532.172 531.948 532.071 531.919 531.699 531.714 531.917 532.003 531.878 531.915 531.876 531.671 531.593 531.596 531.597 531.751 531.951 531.83 532.001 531.911 531.927 531.907 532.088 532.216 532.046 531.976 532.019 532.933 533.154 531.985 531.608 531.85 531.829 531.769 531.589 530.626 530.674 530.636 530.497 530.204 529.846 529.511 529.496 529.196 529.017
531.673 531.712 531.687 531.769 531.74 531.698 531.763 531.622 531.565 531.486 531.526 531.528 531.453 531.638 531.546 531.648 531.676 531.888 531.87 531.883 531.864 531.82 531.813 531.801 531.587 531.477 531.365 531.454 531.38 531.583 531.456 531.273 531.248 530.97 531.108 531.149 531.195 531.242 531.013 531.186 531.234 531.274 531.173 531.262 531.099 531.206 531.133 531.095 530.934 530.737 531.12 531.019 531.282 530.538 530.567 530.519 530.192 529.896 529.466 529.292 529.055 528.808 528.536 528.4 528.274 528.355 527.826
531.589 531.763 531.653 531.695 531.7 531.57 531.474 531.298 531.313 531.158 531.15 531.16 531.196 531.354 531.255 531.352 531.223 531.335 531.262 531.045 531.105 530.953 530.918 530.663 530.689 530.569 530.646 530.535 530.417 530.254 530.383 530.007 529.996 529.796 529.578 529.645 529.657 529.843 529.943 529.999 530.025 530.062 530.098 529.984 530.236 530.21 530.364 530.278 530.412 530.304 530.195 530.266 530.514 529.849 530.039 529.701 528.936 529.07 528.768 528.896 528.9 528.627 528.248 528.129 528.037 527.782 527.446
531.44 531.622 531.603 531.548 531.517 531.3 531.257 531.213 531.136 531.05 531.11 531.113 530.971 531.032 531.106 531.105 530.994 530.962 530.902 530.868 530.804 530.702 530.664 530.485 530.341 530.178 530.188 530.224 530.244 530.11 530.042 529.78 529.827 529.631 529.482 529.459 529.289 529.45 529.603 529.278 529.389 529.417 529.452 529.378 529.464 529.681 529.437 529.294 529.339 529.287 529.48 529.225 529.27 528.913 529.377 529.256 527.954 527.867 527.656 527.443 527.661 527.402 527.335 527.073 526.939 526.64 526.349
531.24 531.382 531.484 531.466 531.322 531.095 531.068 531.189 531.102 530.944 531.032 531.042 530.862 530.809 530.845 530.809 530.687 530.606 530.617 530.568 530.403 530.256 530.049 529.919 529.78 529.559 529.621 529.415 529.245 529.092 529.119 528.787 528.514 528.246 528.003 527.816 527.781 527.991 527.833 528.165 528.284 528.368 528.309 528.33 528.388 528.387 528.328 528.406 528.508 528.497 528.385 528.274 528.291 528.326 527.933 528.466 527.406 527.422 527.266 527.193 527.26 527.175 526.974 526.887 526.581 526.328 525.707
530.786 530.873 530.714 530.864 530.533 530.545 530.614 530.77 531.11 531.224 531.31 531.045 530.857 530.778 530.782 530.732 530.7 530.686 530.451 530.433 530.275 530.068 529.841 529.681 529.487 529.422 529.246 529.206 529.017 528.876 528.746 528.271 528.003 527.71 527.545 527.406 527.202 527.299 527.325 527.547 527.486 527.745 527.7 527.82 527.859 527.938 527.981 527.969 527.96 527.802 527.658 527.532 527.461 527.277 527.108 526.598 526.583 526.762 526.469 526.334 526.253 526.171 526.08 525.816 525.459 525.234 524.663
530.321 530.367 530.349 530.365 530.299 530.416 530.462 530.626 530.849 531.085 531.259 531.324 531.03 530.901 530.811 530.692 530.623 530.581 530.354 530.273 530.142 529.901 529.617 529.375 529.201 529.059 528.835 528.75 528.41 528.161 527.896 527.667 527.133 526.736 526.626 526.255 526.247 526.159 526.305 526.428 526.636 526.448 526.607 526.684 526.629 527.035 526.996 526.89 527.021 527.022 526.686 526.502 526.529 526.211 526.18 525.738 525.929 525.956 525.605 526.03 525.691 525.505 525.513 525.339 525.182 524.907 524.304
529.774 529.869 529.853 529.984 530.089 530.151 530.224 530.246 530.524 530.74 530.957 531.036 530.938 530.739 530.655 530.698 530.679 530.59 530.385 530.15 529.8 529.572 529.424 529.362 528.923 528.822 528.682 528.558 528.224 527.835 527.414 527.125 526.858 526.307 526.016 526.098 525.67 525.795 525.783 525.696 525.73 525.811 526.007 526.245 526.224 526.284 526.3 526.289 526.404 526.486 526.199 526.07 525.847 525.671 525.55 525.371 525.167 525.005 524.958 525.573 525.604 524.95 524.702 524.585 524.51 524.278 523.769
529.481 529.504 529.615 529.767 529.946 530.084 530.18 530.177 530.426 530.686 530.83 530.948 530.843 530.767 530.689 530.709 530.732 530.481 530.078 529.912 529.553 529.259 529.154 528.944 528.75 528.74 528.511 528.333 528.248 527.582 527.333 526.773 526.319 525.826 525.562 525.258 525.148 524.92 524.991 524.991 524.912 525.117 525.056 525.121 525.177 525.259 525.129 525.298 525.188 525.234 525.005 525.048 524.748 524.71 524.614 524.382 524.391 524.347 524.245 524.362 524.93 524.566 524.32 524.124 524.104 523.947 523.67
529.304 529.35 529.261 529.516 529.672 529.831 530.043 530.008 530.174 530.413 530.498 530.541 530.517 530.559 530.507 530.411 530.406 530.112 529.726 529.37 529.219 528.999 528.704 528.559 528.472 528.391 528.379 528.154 527.85 527.613 527.226 526.653 526.169 525.931 525.589 525.165 524.919 524.701 524.515 524.481 524.485 524.392 524.464 524.645 524.686 524.337 524.581 524.4 524.449 524.161 524.256 524.037 523.953 523.93 523.757 523.787 523.774 523.866 523.809 523.993 524.032 524.012 524.553 523.956 523.676 523.645 523.297
529.115 529.137 529.166 529.299 529.522 529.629 529.857 530.016 530.171 530.146 530.23 530.325 530.283 530.338 530.282 530.115 530.059 529.778 529.666 529.405 529.321 529.112 529.138 528.721 528.581 528.397 528.262 528.041 527.834 527.543 527.25 526.939 526.311 525.781 525.346 525.137 524.741 524.342 524.164 523.975 523.979 523.888 523.797 523.839 523.79 523.645 523.526 523.57 523.411 523.254 523.208 522.986 522.874 522.765 522.723 522.815 523.13 523.185 523.511 523.46 523.532 523.666 523.464 523.687 524.085 523.349 523.153
528.893 528.879 528.993 529.201 529.302 529.571 529.689 529.854 530.053 530.051 530.042 530.02 529.987 529.998 529.853 529.722 529.7 529.7 529.619 529.255 529.173 529.118 529.044 528.799 528.541 528.383 528.374 528.128 528.116 527.814 527.314 527.093 526.548 525.836 525.408 524.943 524.575 524.243 523.913 523.675 523.57 523.568 523.461 523.342 523.169 523.077 522.916 522.841 522.733 522.644 522.489 522.337 522.487 522.586 522.619 522.779 522.968 523.156 523.105 523.368 523.272 523.212 523.441 523.146 523.081 523.255 522.821
528.38 528.552 528.687 529.112 529.349 529.488 529.627 529.658 529.908 530.084 530.12 529.994 530.028 529.99 529.901 529.798 529.738 529.707 529.512 529.384 529.224 529.132 529.05 528.92 528.956 528.797 528.731 528.448 528.438 528.039 527.541 527.323 526.575 525.892 525.261 525.017 524.624 524.12 523.837 523.546 523.384 523.236 523.097 522.897 522.849 522.71 522.586 522.524 522.402 522.312 522.177 522.194 522.36 522.346 522.373 522.55 522.512 522.716 522.769 522.876 522.847 522.944 522.803 522.711 522.711 522.652 523.055
528.058 528.275 528.557 528.809 529.089 529.317 529.551 529.713 529.803 529.916 529.983 529.972 529.922 529.94 529.772 529.644 529.553 529.492 529.422 529.333 529.145 529.042 529.063 528.927 529.002 528.744 528.649 528.679 528.482 527.955 527.61 527.605 527.032 526.461 525.868 525.268 524.744 524.307 523.639 523.576 523.298 523.06 522.948 522.874 522.657 522.614 522.501 522.415 522.368 522.016 522.015 522.081 522.159 522.207 522.232 522.271 522.449 522.48 522.609 522.591 522.673 522.578 522.534 522.3 522.233 522.1 522.183
527.628 527.872 528.097 528.478 528.785 529.114 529.085 529.55 529.729 529.844 529.896 529.778 529.763 529.596 529.594 529.569 529.478 529.419 529.36 529.033 529.077 528.957 528.777 528.697 528.627 528.621 528.426 528.364 528.149 527.688 527.739 527.464 527.075 526.524 526.072 525.386 524.847 524.434 523.893 523.585 523.143 522.962 522.895 522.745 522.725 522.579 522.406 522.33 522.146 522.045 521.921 521.976 522.047 522.023 522.065 522.13 522.18 522.166 522.339 522.316 522.33 522.276 521.977 521.787 521.627 521.72 521.624
526.854 527.338 527.748 528.109 528.423 528.899 529.106 529.3 529.573 529.751 529.806 529.724 529.706 529.513 529.459 529.421 529.278 529.25 529.218 529.113 528.965 528.798 528.682 528.55 528.552 528.319 528.281 527.945 527.654 527.46 527.587 527.305 526.877 526.537 525.826 525.297 524.849 524.458 523.917 523.765 523.066 522.973 522.965 522.932 522.924 522.817 522.346 522.217 522.052 521.889 521.83 521.62 521.608 521.483 521.507 521.601 521.756 521.828 521.633 521.835 521.663 521.592 521.562 521.222 521.216 521.077 520.973
526.383 526.766 527.283 527.732 528.116 528.59 528.858 529.03 529.191 529.336 529.435 529.437 529.388 529.382 529.284 529.041 529.076 529.019 528.813 528.66 528.423 528.271 528.15 528.045 527.852 527.786 527.671 527.567 527.246 527.197 526.847 526.757 526.446 526.058 525.69 525.158 524.839 524.454 524.053 523.784 523.263 523.132 523.065 523.004 522.902 522.74 522.438 522.169 522.047 521.656 521.584 521.566 521.476 521.407 521.436 521.458 521.526 521.637 521.545 521.525 521.398 521.339 521.168 520.937 520.916 520.793 520.685
525.86 526.244 526.741 527.108 527.568 528.162 528.541 528.65 528.795 528.847 528.891 528.994 529.063 529.155 529.16 529.024 528.886 528.868 528.86 528.616 528.395 528.213 528.143 528.023 527.805 527.757 527.643 527.348 527.055 526.804 526.62 526.361 526.024 525.701 525.324 525.105 524.892 524.506 524.238 523.967 523.558 523.431 523.273 523.116 522.946 522.716 522.399 522.142 521.778 521.423 521.332 520.591 520.52 520.535 520.575 520.877 520.911 521.069 521.034 520.841 520.745 520.547 520.414 520.426 520.262 520.169 520.026
525.478 525.864 526.135 526.587 527.067 527.628 528.017 528.249 528.222 528.391 528.397 528.552 528.575 528.663 528.767 528.71 528.567 528.568 528.505 528.086 527.857 527.779 527.732 527.413 527.285 527.054 526.899 526.877 526.559 526.102 526.231 526.048 525.663 525.377 525.028 524.912 524.621 524.416 524.082 523.809 523.527 523.427 523.19 522.945 522.799 522.589 522.324 522.056 521.748 521.318 521.109 520.518 520.393 520.425 520.664 520.66 520.734 520.833 520.669 520.658 520.646 520.315 520.275 520.315 520.152 520.018 519.853
524.801 525.198 525.776 526.033 526.482 527.061 527.266 527.511 527.717 527.799 527.831 527.873 528.037 528.013 528.066 528.014 528.048 527.852 527.642 527.717 527.66 527.43 527.229 527.122 526.871 526.756 526.597 526.538 526.279 526.025 525.837 525.689 525.549 525.098 524.824 524.71 524.398 524.197 523.954 523.524 523.494 523.277 522.995 522.86 522.516 522.361 522.119 521.775 521.503 520.969 520.179 520.142 520.101 520.108 520.114 520.153 520.236 520.193 520.053 519.97 519.819 519.713 519.714 519.329 519.198 519.287 519.201
524.505 524.906 525.194 525.81 525.946 526.552 526.81 526.863 527.265 527.313 527.353 527.089 527.469 527.569 527.406 527.331 527.388 527.221 527.152 526.939 527.031 526.626 526.297 526.339 526.307 526.1 525.732 525.867 525.635 525.5 525.187 524.989 524.675 524.674 524.355 524.11 523.896 523.73 523.534 523.142 523.006 522.826 522.562 522.473 522.226 522.011 521.799 521.444 520.939 520.584 520.06 519.953 519.979 519.918 519.771 519.879 519.891 519.901 519.773 519.633 519.437 519.326 519.24 519.104 519.023 518.912 518.906
523.821 524.058 524.505 524.842 525.32 525.471 525.681 526.089 526.36 526.305 526.308 526.399 526.6 526.506 526.664 526.368 526.305 526.198 526.325 526.384 526.28 526.015 525.826 525.675 525.413 525.489 525.345 525.239 525.14 524.877 524.86 524.527 524.196 524.053 523.966 523.662 523.653 523.367 523.183 522.84 522.768 522.605 522.245 522.101 521.971 521.772 521.352 520.576 520.173 519.786 519.818 519.809 519.752 519.696 519.457 519.515 519.45 519.308 519.189 519.05 518.817 518.702 518.7 518.596 518.477 518.247 518.2
523.324 523.733 523.85 524.054 524.571 524.762 525.065 525.65 525.653 525.812 525.689 525.81 525.869 525.957 525.843 525.866 525.68 525.5 525.746 525.527 525.287 525.318 525.152 524.875 524.774 524.687 524.79 524.615 524.428 524.185 523.979 523.7 523.581 523.427 523.342 523.195 522.993 522.791 522.571 522.16 522.094 521.862 521.67 521.648 521.484 521.349 520.934 520.569 519.705 519.638 519.542 519.534 519.447 519.262 519.181 519.045 518.976 518.846 518.633 518.594 518.44 518.34 518.289 518.303 518.117 518.026 517.869
