20220701_namedtuples/mapdata/sd8879_DSM_2M.asc
ncols 500
nrows 500
xllcorner    388000
yllcorner    479000
cellsize     2
NODATA_value -9999
[rows 319 to 347 of 500, columns 67 to 133 of 500]
415.559 415.419 415.284 415.099 414.929 414.656 414.481 414.269 414.119 414.039 414.054 413.999 413.894 413.721 413.604 413.546 413.599 413.576 413.644 413.621 413.539 413.439 413.346 413.324 413.249 413.304 413.154 413.129 413.059 413.084 413.106 413.006 413.006 412.974 413.029 412.969 412.934 412.994 413.061 413.066 413.009 413.036 412.996 413.041 413.046 413.146 413.154 413.111 413.114 413.134 413.134 413.149 413.161 413.224 413.254 413.171 413.176 413.144 413.196 413.199 413.199 413.226 413.234 413.129 413.096 413.196 413.136
415.819 415.679 415.521 415.359 415.154 414.951 414.759 414.564 414.439 414.389 414.321 414.249 414.236 414.056 413.971 414.029 414.016 413.919 413.924 413.921 413.866 413.789 413.719 413.656 413.646 413.516 413.456 413.461 413.454 413.444 413.361 413.291 413.314 413.261 413.234 413.276 413.306 413.214 413.351 413.341 413.351 413.319 413.336 413.279 413.299 413.434 413.466 413.386 413.399 413.459 413.399 413.461 413.491 413.556 413.526 413.504 413.424 413.449 413.481 413.436 413.571 413.574 413.471 413.416 413.364 413.394 413.306
416.099 415.939 415.826 415.579 415.396 415.214 415.074 414.894 414.736 414.649 414.556 414.509 414.464 414.296 414.371 414.406 414.391 414.256 414.254 414.256 414.206 414.124 414.091 414.006 413.961 413.889 413.814 413.801 413.741 413.804 413.689 413.616 413.629 413.594 413.569 413.546 413.556 413.531 413.624 413.619 413.614 413.639 413.661 413.651 413.636 413.774 413.699 413.674 413.676 413.681 413.691 413.706 413.749 413.751 413.804 413.776 413.719 413.701 413.724 413.704 413.699 413.719 413.659 413.599 413.661 413.684 413.251
416.309 416.194 416.046 415.864 415.671 415.549 415.406 415.251 415.111 414.976 414.861 414.821 414.761 414.664 414.584 414.741 414.734 414.629 414.554 414.581 414.529 414.446 414.406 414.336 414.289 414.246 414.184 414.144 414.131 414.069 414.046 414.004 413.986 413.939 413.919 413.949 413.886 413.821 413.866 413.906 413.891 413.971 413.941 413.916 413.914 413.969 414.051 413.969 413.986 413.959 413.991 413.986 413.989 413.999 414.224 414.154 413.961 413.954 413.986 413.971 413.911 413.889 413.891 413.839 413.869 414.024 413.419
416.571 416.456 416.334 416.104 415.954 415.884 415.749 415.604 415.411 415.296 415.161 415.086 414.999 414.844 414.854 415.096 415.039 414.854 414.864 414.864 414.856 414.776 414.674 414.636 414.639 414.584 414.546 414.496 414.464 414.454 414.399 414.386 414.366 414.309 414.269 414.294 414.224 414.179 414.274 414.229 414.264 414.264 414.209 414.231 414.206 414.214 414.214 414.259 414.291 414.214 414.254 414.256 414.226 414.261 414.314 414.239 414.121 414.204 414.201 414.211 414.114 414.079 414.069 414.029 413.994 414.219 413.506
416.839 416.709 416.559 416.416 416.256 416.166 416.049 415.914 415.724 415.554 415.454 415.349 415.201 414.986 415.169 415.346 415.304 415.256 415.196 415.201 415.171 415.136 415.039 415.041 414.966 414.906 414.901 414.859 414.816 414.834 414.819 414.761 414.719 414.659 414.604 414.659 414.644 414.491 414.579 414.596 414.594 414.554 414.554 414.484 414.499 414.464 414.471 414.534 414.536 414.469 414.519 414.486 414.521 414.479 414.444 414.381 414.381 414.334 414.329 414.306 414.291 414.306 414.249 414.226 414.249 414.371 413.706
417.076 416.966 416.834 416.721 416.571 416.464 416.341 416.254 416.054 415.921 415.756 415.586 415.451 415.366 415.371 415.871 415.576 415.544 415.539 415.536 415.491 415.509 415.399 415.381 415.324 415.259 415.239 415.211 415.191 415.174 415.146 415.101 415.064 415.086 415.036 415.069 414.999 414.776 414.986 414.971 414.921 414.849 414.791 414.784 414.769 414.771 414.761 414.761 414.741 414.739 414.729 414.724 414.761 414.759 414.656 414.609 414.589 414.519 414.476 414.506 414.444 414.441 414.476 414.416 414.496 414.291 413.939
417.331 417.211 417.116 417.076 416.901 416.774 416.631 416.529 416.389 416.194 416.054 415.919 415.766 415.699 415.739 416.131 415.941 415.871 415.861 415.926 415.891 415.859 415.766 415.729 415.651 415.626 415.599 415.566 415.551 415.516 415.491 415.436 415.426 415.434 415.411 415.534 415.309 415.194 415.299 415.314 415.214 415.201 415.176 415.114 415.094 415.029 415.074 415.029 415.004 414.964 415.119 414.969 414.901 414.934 414.836 414.794 414.831 414.786 414.679 414.659 414.661 414.626 414.594 414.681 414.869 414.391 414.229
417.604 417.489 417.414 417.341 417.209 417.024 416.899 416.809 416.689 416.524 416.354 416.186 416.066 416.096 416.389 416.314 416.329 416.231 416.241 416.256 416.234 416.166 416.154 416.129 416.091 416.019 416.024 415.936 415.891 415.864 415.844 415.849 415.826 415.754 415.741 415.751 415.626 415.551 415.619 415.621 415.576 415.539 415.494 415.459 415.434 415.431 415.414 415.376 415.329 415.261 415.216 415.174 415.129 415.059 415.081 415.041 414.954 414.969 414.886 414.864 414.874 414.839 414.779 414.769 414.761 414.416 414.496
417.801 417.744 417.706 417.646 417.486 417.344 417.171 417.064 417.024 416.876 416.679 416.519 416.371 416.349 416.569 416.604 416.624 416.581 416.591 416.601 416.584 416.521 416.521 416.534 416.451 416.449 416.359 416.294 416.239 416.226 416.294 416.161 416.121 416.131 416.114 416.079 415.919 415.891 415.969 415.976 415.931 415.876 415.811 415.779 415.749 415.699 415.676 415.646 415.569 415.479 415.389 415.349 415.329 415.281 415.246 415.274 415.211 415.134 415.139 415.181 415.089 415.076 415.051 414.989 414.851 414.636 414.734
418.106 418.031 418.006 417.996 417.896 417.559 417.446 417.341 417.311 417.229 417.046 416.844 416.661 416.739 416.951 416.956 416.966 416.934 416.929 416.944 416.919 416.934 416.929 416.974 416.866 416.786 416.766 416.714 416.599 416.586 416.529 416.504 416.516 416.496 416.461 416.419 416.316 416.254 416.354 416.324 416.306 416.284 416.176 416.146 416.124 416.081 416.024 415.864 415.791 415.689 415.639 415.601 415.531 415.516 415.431 415.406 415.386 415.334 415.344 415.364 415.301 415.239 415.266 415.261 415.124 414.839 414.989
418.434 418.379 418.336 418.231 418.054 417.856 417.681 417.576 417.596 417.586 417.431 417.226 417.109 417.189 417.449 417.364 417.361 417.371 417.376 417.356 417.349 417.351 417.404 417.396 417.231 417.189 417.124 417.091 416.979 416.964 416.941 416.924 416.916 416.874 416.841 416.789 416.651 416.691 416.784 416.726 416.646 416.594 416.516 416.441 416.391 416.379 416.296 416.231 416.111 415.979 415.899 415.876 415.811 415.729 415.659 415.624 415.549 415.491 415.496 415.506 415.471 415.464 415.481 415.434 415.286 415.036 415.199
418.766 418.681 418.641 418.516 418.364 418.209 417.989 417.864 417.866 417.819 417.704 417.396 417.384 417.701 417.809 417.776 417.766 417.756 417.739 417.771 417.771 417.801 417.751 417.754 417.666 417.621 417.534 417.464 417.411 417.351 417.319 417.266 417.284 417.266 417.304 417.129 417.081 417.119 417.139 417.059 417.026 416.956 416.869 416.794 416.754 416.709 416.669 416.544 416.414 416.254 416.196 416.199 416.039 415.964 415.911 415.926 415.876 415.746 415.686 415.714 415.684 415.611 415.649 415.834 415.484 415.264 415.396
419.091 418.971 418.884 418.809 418.779 418.396 418.136 418.011 418.039 418.061 417.904 417.644 417.809 418.276 418.456 418.186 418.189 418.216 418.149 418.156 418.164 418.116 418.114 418.179 418.111 417.999 417.936 417.924 417.801 417.789 417.699 417.699 417.681 417.649 417.656 417.564 417.431 417.399 417.444 417.434 417.456 417.371 417.211 417.169 417.086 417.046 416.959 416.879 416.761 416.621 416.519 416.426 416.321 416.276 416.201 416.109 416.131 416.059 415.979 415.909 415.864 415.846 415.796 415.789 415.521 415.591 415.656
419.439 419.359 419.229 419.154 418.996 418.741 418.431 418.251 418.281 418.271 418.139 418.034 418.296 418.806 418.626 418.574 418.629 418.636 418.579 418.561 418.576 418.581 418.604 418.481 418.439 418.391 418.364 418.286 418.246 418.179 418.141 418.089 418.004 417.971 417.936 417.864 417.691 417.751 417.809 417.811 417.756 417.716 417.626 417.556 417.479 417.421 417.319 417.249 417.046 416.964 416.876 416.746 416.624 416.639 416.416 416.359 416.356 416.349 416.184 416.081 416.034 416.041 416.009 415.959 415.636 415.711 415.874
419.779 419.729 419.611 419.501 419.331 419.064 418.726 418.561 418.539 418.451 418.374 418.391 418.726 419.099 418.976 419.059 419.091 419.001 418.986 418.966 418.956 418.939 418.896 418.811 418.851 418.771 418.756 418.704 418.601 418.539 418.566 418.521 418.414 418.406 418.319 418.231 418.076 418.094 418.146 418.141 418.141 418.124 418.061 417.964 417.864 417.796 417.709 417.556 417.416 417.289 417.156 417.034 416.916 416.831 416.709 416.641 416.544 416.466 416.341 416.319 416.291 416.294 416.229 416.231 415.819 415.969 416.179
420.046 420.004 419.956 419.846 419.709 419.411 419.046 418.806 418.781 418.709 418.664 418.804 419.096 419.434 419.321 419.306 419.316 419.361 419.384 419.369 419.306 419.286 419.276 419.174 419.186 419.171 419.081 419.034 418.981 418.929 418.979 418.949 418.804 418.739 418.726 418.626 418.439 418.464 418.514 418.486 418.461 418.469 418.449 418.356 418.221 418.139 418.059 417.936 417.771 417.664 417.521 417.384 417.284 417.096 416.926 416.871 416.764 416.661 416.574 416.566 416.526 416.496 416.461 416.354 416.046 416.326 416.384
420.324 420.279 420.234 420.206 420.074 419.761 419.341 419.066 418.949 418.946 419.001 419.186 419.544 419.809 419.674 419.729 419.724 419.746 419.766 419.719 419.694 419.686 419.679 419.584 419.529 419.461 419.414 419.411 419.344 419.379 419.376 419.334 419.221 419.146 419.076 418.994 418.814 418.854 418.944 418.891 418.801 418.809 418.776 418.661 418.539 418.426 418.419 418.301 418.121 418.021 417.874 417.686 417.549 417.444 417.209 417.109 417.001 416.944 416.859 416.794 416.769 416.754 416.751 416.664 416.346 416.576 416.574
420.599 420.529 420.486 420.399 420.309 420.019 419.561 419.351 419.164 419.204 419.391 419.581 420.039 420.119 420.086 420.141 420.136 420.151 420.149 420.094 420.071 420.026 420.056 419.961 420.026 419.816 419.746 419.701 419.711 419.749 419.744 419.699 419.559 419.539 419.441 419.326 419.146 419.169 419.229 419.284 419.191 419.119 419.081 419.001 418.951 418.781 418.689 418.574 418.476 418.324 418.156 418.001 417.886 417.754 417.586 417.419 417.294 417.209 417.151 417.104 417.034 416.976 417.021 416.799 416.646 416.724 416.741
420.836 420.754 420.691 420.614 420.424 420.154 419.794 419.611 419.661 419.584 419.751 419.969 420.469 420.466 420.494 420.491 420.469 420.481 420.456 420.446 420.401 420.379 420.421 420.349 420.289 420.201 420.199 420.081 420.076 420.039 420.024 420.004 419.934 419.836 419.809 419.661 419.471 419.501 419.579 419.566 419.529 419.484 419.371 419.356 419.219 419.099 419.016 418.931 418.786 418.639 418.491 418.284 418.146 418.011 417.829 417.724 417.604 417.506 417.466 417.396 417.374 417.391 417.381 417.026 416.899 416.941 416.901
421.056 420.994 420.936 420.786 420.566 420.311 420.046 419.889 419.794 419.891 420.079 420.369 420.929 420.914 420.909 420.849 420.849 420.844 420.801 420.784 420.741 420.701 420.719 420.706 420.686 420.489 420.411 420.331 420.306 420.341 420.294 420.239 420.211 420.134 420.059 420.034 419.836 419.846 419.896 419.911 419.894 419.811 419.676 419.576 419.516 419.409 419.326 419.221 419.124 419.009 418.786 418.636 418.459 418.286 418.199 418.089 417.964 417.874 417.766 417.709 417.674 417.601 417.519 417.201 417.206 417.159 417.139
421.334 421.314 421.259 421.081 420.829 420.549 420.339 420.234 420.091 420.239 420.399 420.739 421.379 421.211 421.256 421.206 421.204 421.156 421.114 421.074 421.059 421.041 421.061 421.039 421.024 420.781 420.694 420.659 420.636 420.621 420.554 420.501 420.506 420.389 420.339 420.391 420.126 420.166 420.174 420.194 420.176 420.086 419.974 419.876 419.846 419.731 419.624 419.506 419.456 419.349 419.144 419.006 418.819 418.659 418.594 418.484 418.376 418.284 418.129 418.056 417.964 417.946 417.821 417.284 417.416 417.391 417.379
421.659 421.701 421.681 421.526 421.154 420.866 420.646 420.559 420.474 420.609 420.774 421.136 421.676 421.654 421.619 421.589 421.634 421.461 421.411 421.384 421.356 421.391 421.331 421.244 421.236 421.056 421.011 420.974 420.941 420.906 420.821 420.769 420.706 420.634 420.596 420.539 420.424 420.524 420.461 420.446 420.439 420.361 420.246 420.216 420.109 420.074 419.941 419.851 419.774 419.654 419.479 419.334 419.179 419.016 418.961 418.869 418.779 418.664 418.534 418.434 418.271 418.214 418.071 417.519 417.686 417.639 417.631
422.089 422.101 422.119 421.979 421.604 421.244 421.054 420.939 420.849 420.979 421.251 421.674 421.954 422.021 421.981 421.934 421.899 421.826 421.686 421.631 421.664 421.711 421.654 421.504 421.341 421.289 421.269 421.306 421.234 421.134 421.051 421.016 420.959 420.891 420.844 420.774 420.664 420.714 420.679 420.669 420.629 420.604 420.566 420.524 420.391 420.284 420.234 420.199 420.066 419.909 419.814 419.621 419.516 419.426 419.349 419.259 419.171 419.031 418.916 418.784 418.619 418.529 418.411 417.874 418.056 417.981 417.946
422.524 422.574 422.614 422.454 422.144 421.644 421.394 421.336 421.201 421.349 421.741 422.294 422.444 422.389 422.351 422.406 422.306 422.141 422.081 422.016 421.976 421.979 421.984 421.881 421.774 421.681 421.601 421.551 421.456 421.376 421.309 421.349 421.229 421.124 421.081 421.021 420.924 420.941 420.946 420.909 420.886 420.851 420.779 420.736 420.669 420.556 420.496 420.469 420.321 420.216 420.126 419.969 419.839 419.779 419.719 419.654 419.561 419.406 419.304 419.141 418.986 419.001 418.621 418.174 418.431 418.376 418.299
423.031 423.111 423.106 422.936 422.649 422.136 421.744 421.659 421.531 421.699 422.111 422.574 422.889 422.834 422.839 422.746 422.699 422.489 422.381 422.331 422.271 422.226 422.171 422.119 422.076 421.964 421.976 421.879 421.814 421.716 421.624 421.631 421.524 421.434 421.341 421.321 421.221 421.244 421.191 421.169 421.124 421.059 421.089 421.001 420.884 420.871 420.744 420.736 420.609 420.514 420.429 420.321 420.189 420.139 420.056 420.059 419.901 419.744 419.631 419.556 419.416 419.409 418.834 418.609 418.839 418.774 418.669
423.576 423.624 423.594 423.451 423.174 422.666 422.114 421.836 421.731 422.011 422.424 422.889 423.041 423.199 423.129 423.019 422.869 422.789 422.709 422.636 422.581 422.579 422.519 422.459 422.364 422.309 422.246 422.181 422.121 421.946 421.919 421.859 421.871 421.854 421.721 421.591 421.479 421.521 421.451 421.419 421.324 421.284 421.274 421.211 421.174 421.096 420.989 420.916 420.849 420.806 420.686 420.606 420.481 420.424 420.466 420.359 420.251 420.091 420.006 419.936 419.886 419.721 419.059 419.069 419.146 419.054 418.964
423.989 424.099 424.069 423.934 423.641 423.141 422.501 422.266 422.191 422.444 422.751 423.349 423.254 423.406 423.434 423.296 423.191 423.141 423.059 422.936 422.951 422.956 422.866 422.726 422.716 422.719 422.619 422.549 422.351 422.264 422.211 422.164 422.134 422.079 421.974 421.886 421.789 421.796 421.731 421.711 421.596 421.564 421.466 421.419 421.384 421.294 421.251 421.189 421.054 420.976 420.921 420.861 420.719 420.709 420.659 420.591 420.554 420.484 420.376 420.291 420.184 420.196 419.471 419.431 419.474 419.369 419.234
424.404 424.516 424.479 424.281 424.024 423.529 422.896 422.709 422.651 422.861 423.151 423.544 423.506 423.636 423.756 423.659 423.536 423.416 423.336 423.266 423.154 423.101 423.144 423.139 422.986 422.959 422.926 422.834 422.776 422.626 422.536 422.534 422.409 422.386 422.289 422.229 422.119 422.114 422.019 421.914 421.866 421.814 421.759 421.641 421.554 421.504 421.516 421.401 421.301 421.231 421.181 421.076 421.011 420.971 420.936 420.899 420.789 420.741 420.659 420.444 420.321 420.221 419.791 419.811 419.814 419.711 419.504
