20220701_namedtuples/mapdata/sd8876_DSM_2M.asc
ncols 500
nrows 500
xllcorner    388000
yllcorner    476000
cellsize     2
NODATA_value -9999
[rows 420 to 449 of 500, columns 268 to 334 of 500]
322.45 322.195 321.987 321.977 322.175 322.58 323.417 324.085 323.957 324.69 325.597 326.232 326.545 327.032 327.625 328.172 328.592 328.837 329.055 329.377 329.425 329.592 329.79 330.027 330.23 330.32 330.362 330.44 330.785 331.242 331.822 332.602 333.292 333.919 334.407 334.789 335.244 335.799 336.365 337.147 337.892 338.699 339.409 340.159 341.124 342.022 342.867 343.979 345.304 346.87 348.137 349.152 350.202 351.062 351.427 351.812 351.964 352.244 352.534 352.959 353.617 354.192 354.487 354.579 354.447 354.579 354.879
321.457 320.995 320.74 321.09 321.525 321.845 321.847 322.51 323.342 323.807 324.645 325.43 325.952 326.482 326.942 327.395 327.772 328.14 328.367 328.565 328.625 328.817 329.047 329.225 329.387 329.512 329.577 329.73 330.047 330.522 331.105 331.89 332.564 333.077 333.389 333.794 334.244 334.879 335.609 336.459 337.402 338.182 339.077 339.697 340.582 341.422 342.344 343.667 345.354 346.569 347.672 348.714 349.724 350.354 350.804 351.087 351.049 351.512 351.982 352.474 353.114 353.444 353.764 353.609 353.387 353.454 353.734
320.167 319.72 319.64 320.037 320.587 321.187 321.287 321.702 322.56 323.045 323.785 324.547 325.227 325.735 326.195 326.625 326.995 327.39 327.602 327.67 327.745 328.092 328.23 328.395 328.515 328.69 328.857 329.025 329.372 329.82 330.355 330.987 331.569 332.094 332.547 333.014 333.569 334.177 335.114 335.972 336.849 337.889 338.724 339.439 340.107 341.014 342.174 343.597 345.164 346.197 347.257 348.087 349.004 349.647 350.127 350.354 350.329 351.032 351.507 351.994 352.442 352.687 352.882 352.689 352.562 352.599 352.872
319.06 318.895 319.037 319.367 319.947 320.617 320.947 321.28 321.752 322.517 323.43 323.645 324.312 324.85 325.282 325.655 326.027 326.425 326.72 326.827 326.915 327.152 327.35 327.547 327.682 327.705 327.902 328.215 328.782 329.06 329.54 330.055 330.599 331.137 331.707 332.339 333.042 333.739 334.614 335.679 336.527 337.242 338.102 338.894 339.779 340.869 342.259 343.492 344.719 345.824 346.854 347.612 348.279 348.832 349.377 349.727 349.989 350.544 350.984 351.327 351.604 351.954 352.164 351.927 351.839 351.749 352.244
318.257 318.505 318.765 319.315 320.065 320.535 320.877 320.922 320.99 321.302 322.56 323.255 323.437 324.017 324.492 324.912 325.325 325.662 325.912 326.22 326.317 326.45 326.605 326.735 326.872 326.912 327.042 327.4 327.892 328.405 328.697 329.252 329.899 330.459 331.177 331.862 332.512 333.339 334.407 335.304 336.027 336.544 337.237 338.287 339.517 340.857 342.152 343.209 344.272 345.402 346.259 346.892 347.582 347.999 348.552 348.919 349.362 350.119 350.572 350.669 350.939 351.202 351.069 350.932 350.872 350.924 351.842
317.817 318.177 318.525 319.147 319.892 320.34 320.522 320.532 320.55 320.725 321.355 322.73 323.037 323.235 323.815 324.41 324.895 325.122 325.335 325.557 325.592 325.59 325.765 325.84 326.042 326.15 326.267 326.772 327.18 327.537 328.007 328.44 329.099 329.742 330.614 331.232 331.967 332.872 333.832 334.597 335.254 335.789 336.699 338.069 339.354 340.682 341.602 342.677 343.712 344.702 345.434 346.234 346.754 347.447 347.804 348.177 348.867 349.497 349.757 349.937 350.217 350.309 350.012 349.824 349.734 350.527 351.367
317.537 317.885 318.345 319.187 319.78 320.167 320.205 320.327 320.342 320.507 320.987 321.692 322.795 323.055 323.31 323.915 324.107 324.34 324.41 324.437 324.582 324.572 324.625 324.892 325.14 325.302 325.53 325.957 326.27 326.665 327.13 327.592 328.387 329.124 329.814 330.539 331.477 332.362 333.019 333.702 334.454 335.209 336.422 337.937 339.172 340.242 341.217 342.197 343.277 343.834 344.634 345.512 346.087 346.809 346.922 347.679 348.314 348.762 348.824 349.147 349.402 349.394 349.107 349.007 349.394 350.307 351.029
317.182 317.607 318.465 319.325 319.632 319.847 320.057 320.197 320.32 320.48 320.787 321.36 321.737 322.485 323.295 323.47 323.385 323.437 323.535 323.565 323.615 323.705 323.637 323.965 324.217 324.532 324.655 324.875 325.382 325.902 326.39 326.992 327.619 328.492 329.154 329.804 330.712 331.672 332.437 333.094 333.824 335.002 336.354 337.569 338.879 339.889 340.962 341.857 342.569 343.152 344.044 344.727 345.319 345.727 346.399 347.032 347.394 347.629 348.047 348.019 348.052 348.024 348.092 348.369 349.249 350.189 350.914
316.745 317.495 318.352 318.99 319.417 319.687 319.942 320.037 320.235 320.455 320.725 321.025 321.337 321.655 322.165 322.827 323.03 323.01 322.652 322.675 322.727 322.672 322.772 323.1 323.432 323.665 323.805 324.087 324.495 325.045 325.58 326.067 326.704 327.599 328.449 329.204 330.062 330.912 331.639 332.417 333.254 334.799 336.292 337.369 338.587 339.522 340.529 341.432 341.842 342.494 343.309 343.954 344.359 345.189 345.869 346.199 346.404 346.882 346.909 346.884 346.807 346.812 347.299 348.267 349.124 349.809 350.427
316.537 317.06 317.737 318.495 319.08 319.432 319.622 319.772 319.992 320.262 320.525 320.715 320.917 321.195 321.59 321.832 321.915 322.012 322.25 322.102 322.067 322.057 322.122 322.307 322.675 322.84 323.05 323.372 323.78 324.237 324.897 325.44 326.147 326.907 327.754 328.544 329.414 330.314 330.947 331.649 332.789 334.389 336.744 337.077 338.327 339.299 340.144 340.902 341.444 342.112 342.852 343.202 343.719 344.577 345.039 345.259 345.507 345.782 345.874 345.844 346.042 346.627 347.369 348.179 349.014 349.62 350.072
316.322 316.757 317.667 318.485 319.01 319.17 319.357 319.492 319.66 319.865 320.132 320.255 320.505 320.862 321.012 320.925 321.03 321.105 321.287 321.762 321.547 321.495 321.582 321.635 321.847 322.06 322.34 322.69 323.21 323.8 324.27 325.097 325.827 326.509 327.389 328.062 328.824 329.774 330.524 331.169 332.564 334.129 335.534 336.864 338.039 338.992 339.814 340.307 340.802 341.392 341.974 342.257 343.157 343.804 344.057 344.274 344.639 344.804 345.004 345.274 345.809 346.627 347.227 347.939 348.684 349.334 349.809
315.902 316.39 317.46 318.28 318.67 318.857 319.015 319.172 319.377 319.47 319.677 319.945 320.16 320.217 320.097 319.965 320.125 320.435 320.507 320.552 321.242 320.995 320.827 320.915 321.155 321.325 321.642 322.075 322.62 323.23 323.995 324.717 325.672 326.224 326.889 327.522 328.254 329.247 329.954 330.882 332.727 334.059 335.367 336.667 337.702 338.519 339.262 339.689 340.179 340.614 341.149 341.959 342.527 342.919 343.264 343.499 343.739 344.019 344.449 344.959 345.597 346.217 346.782 347.427 348.184 348.964 349.612
315.605 316.292 317.13 317.827 318.215 318.437 318.617 318.76 318.842 318.962 319.342 319.552 319.515 319.425 319.192 319.082 319.287 319.597 319.677 319.75 319.832 320.735 320.485 320.29 320.45 320.645 320.99 321.457 322.04 322.75 323.532 324.277 325.159 325.707 326.272 326.972 327.689 328.679 329.419 330.707 332.457 333.912 335.149 336.272 337.172 337.904 338.509 338.979 339.444 339.842 340.847 341.394 341.647 341.962 342.459 342.674 343.079 343.577 344.102 344.559 345.094 345.762 346.434 347.059 347.944 348.722 349.459
315.585 316.207 316.842 317.34 317.702 318 318.125 318.202 318.277 318.517 318.83 318.872 318.755 318.575 318.277 318.235 318.442 318.705 318.817 319.057 319.245 319.347 319.95 320.25 319.87 320.027 320.412 320.967 321.487 322.15 322.972 323.762 324.464 325.119 325.652 326.349 327.094 328.052 329.229 330.537 332.189 333.472 334.589 335.709 336.679 337.432 337.879 338.099 338.509 339.502 340.347 340.714 340.969 341.157 341.434 341.882 342.644 343.209 343.774 344.194 344.754 345.399 346.072 346.974 347.882 348.584 349.282
315.577 316.042 316.57 317.002 317.22 317.43 317.482 317.565 317.79 318.067 318.207 318.027 317.952 317.757 317.56 317.557 317.695 317.757 317.952 318.31 318.467 318.597 318.857 319.515 319.582 319.475 319.87 320.54 321.072 321.757 322.495 323.185 323.857 324.484 325.139 325.822 326.744 327.884 329.259 330.649 331.899 332.809 333.884 335.234 336.217 336.687 336.984 337.172 338.084 338.944 339.452 339.812 340.234 340.682 341.107 341.692 342.284 342.847 343.294 343.807 344.317 345.079 346.007 346.989 347.782 348.514 349.077
315.517 315.927 316.315 316.572 316.672 316.792 316.887 317.087 317.315 317.46 317.397 317.202 317.125 316.882 316.69 316.805 316.877 316.93 317.162 317.465 317.722 317.98 318.28 318.545 319.035 318.997 319.465 320.077 320.62 321.287 321.937 322.612 323.382 324.544 324.922 325.807 327.019 328.117 329.284 330.484 331.457 332.352 333.457 334.709 335.514 335.867 336.019 336.537 337.429 338.112 338.647 339.162 339.712 340.349 341.122 341.559 342.004 342.534 342.889 343.587 344.177 344.962 345.817 346.744 347.722 348.497 349.062
315.447 315.725 315.987 316.087 316.155 316.245 316.362 316.582 316.782 316.84 316.612 316.532 316.355 316.197 316.23 316.157 316.192 316.425 316.605 316.822 317.117 317.482 317.77 318.01 318.712 318.625 319.065 319.642 320.157 320.9 321.485 322.232 323.117 323.994 324.804 325.949 327.049 327.999 329.049 330.164 331.039 331.984 333.179 334.159 334.682 335.047 335.492 336.374 336.844 337.457 338.152 338.619 339.312 340.177 340.889 341.317 341.649 342.089 342.602 343.207 343.889 344.739 345.532 346.492 347.457 348.314 349.124
315.36 315.617 315.757 315.797 315.84 315.955 316.155 316.262 316.217 316.112 315.932 315.797 315.67 315.575 315.577 315.58 315.63 315.86 316.135 316.43 316.777 317.012 317.272 317.535 318.082 318.172 318.642 319.147 319.785 320.517 321.212 322.022 322.969 325.139 325.562 326.029 327.007 327.864 328.789 329.754 330.552 331.529 332.567 333.424 333.787 334.272 335.104 335.659 336.354 337.187 337.739 338.167 338.849 339.827 340.644 341.022 341.234 341.622 342.207 342.902 343.587 344.354 345.229 346.142 347.014 347.924 348.734
315.275 315.53 315.66 315.62 315.692 315.837 315.937 315.93 315.8 315.595 315.322 315.17 314.952 314.905 314.892 314.98 315.155 315.355 315.692 316.032 316.345 316.527 316.76 317.157 317.57 317.747 318.225 318.765 319.432 320.192 320.945 321.862 322.864 324.384 325.224 325.572 326.542 327.552 328.494 329.294 330.084 330.917 331.679 332.272 332.884 333.599 334.349 335.057 335.974 336.714 337.089 337.699 338.459 339.304 340.034 340.602 340.967 341.262 341.837 342.554 343.117 343.804 344.744 345.629 346.424 347.334 348.144
315.207 315.33 315.375 315.385 315.527 315.652 315.657 315.59 315.33 315.012 314.732 314.462 314.245 314.332 314.412 314.487 314.687 314.922 315.287 315.575 315.792 316.025 316.242 316.892 316.97 317.375 317.815 318.407 319.347 320.072 320.7 321.66 322.599 323.344 324.179 325.097 326.115 327.147 328.134 328.909 329.537 330.247 330.872 331.592 332.319 332.954 333.809 334.669 335.442 336.082 336.592 337.169 337.952 338.797 339.472 340.149 340.717 341.119 341.564 342.094 342.589 343.232 344.197 345.054 345.972 346.782 347.857
314.975 314.972 314.977 315.032 315.277 315.397 315.267 314.927 314.592 314.38 314.197 313.887 313.75 313.78 313.91 314.022 314.232 314.512 314.83 315.032 315.222 315.455 315.715 316.427 316.422 316.972 317.4 318.08 319.24 319.827 320.37 321.407 322.304 323.072 323.867 324.704 325.857 326.894 327.794 328.402 328.857 329.399 330.144 330.907 331.639 332.494 333.382 334.082 334.697 335.327 335.757 336.577 337.464 338.122 338.899 339.639 340.257 340.769 341.222 341.654 342.237 342.909 343.977 344.784 345.517 346.402 346.927
314.62 314.522 314.517 314.612 314.857 314.95 314.85 314.415 314.085 313.865 313.59 313.305 313.257 313.222 313.295 313.42 313.677 314.012 314.187 314.417 314.675 314.92 315.217 315.955 315.912 316.385 316.937 317.73 318.902 319.402 320.02 321.077 321.887 322.814 323.592 324.482 325.619 326.637 327.264 327.737 328.072 328.754 329.517 330.264 330.987 331.957 332.817 333.459 333.797 334.392 334.842 335.709 336.589 337.342 338.039 338.734 339.434 340.262 340.989 341.497 342.119 342.774 343.627 344.467 345.209 345.994 346.592
313.952 314.02 314.067 314.122 314.192 314.307 314.215 313.837 313.465 313.26 312.997 312.82 312.677 312.56 312.762 312.892 313.21 313.477 313.627 313.777 314.03 314.222 314.617 315.132 315.35 315.912 316.457 317.347 318.3 318.927 319.92 320.77 321.497 322.294 323.094 324.074 325.142 326.084 326.642 327.029 327.487 328.087 328.827 329.567 330.342 331.264 331.977 332.584 332.987 333.422 333.952 334.609 335.409 336.114 337.034 337.962 338.684 339.387 340.149 341.112 341.914 342.434 343.107 344.159 344.532 345.489 346.209
313.322 313.425 313.437 313.325 313.28 313.47 313.417 313.155 312.88 312.675 312.432 312.317 312.117 311.927 312.092 312.392 312.662 312.855 313.047 313.172 313.27 313.442 314.13 314.415 314.952 315.527 316.142 317.072 317.872 318.512 319.512 320.327 320.919 321.569 322.429 323.574 324.622 325.437 325.794 326.324 327.014 327.657 328.202 328.834 329.652 330.537 331.309 331.914 332.259 332.737 333.337 333.807 334.634 335.374 336.084 336.894 337.817 338.619 339.349 340.229 341.314 341.957 342.817 343.267 343.887 344.662 345.434
312.792 312.9 312.872 312.637 312.55 312.725 312.722 312.53 312.385 312.067 311.677 311.595 311.42 311.32 311.462 311.855 312.1 312.215 312.362 312.525 312.665 312.91 313.652 313.982 314.552 315.15 315.865 316.855 317.482 318.207 319.01 319.65 320.254 320.934 321.797 322.809 323.929 324.49 325.239 325.872 326.582 327.119 327.499 328.099 328.959 329.789 330.597 331.067 331.572 332.047 332.657 333.467 334.212 334.969 335.442 336.097 336.829 337.612 338.639 339.547 340.467 341.477 341.952 342.449 343.017 343.842 344.492
311.932 312.077 312.065 311.865 311.71 311.88 311.907 311.727 311.605 311.252 310.857 310.727 310.727 310.707 310.96 311.26 311.417 311.532 311.69 311.912 312.145 312.5 313.12 313.437 314.157 314.79 315.587 316.457 317.072 317.805 318.425 319.017 319.599 320.404 321.194 322.057 323.254 324.052 324.802 325.247 325.759 326.339 326.699 327.524 328.304 329.177 329.997 330.462 330.824 331.372 332.157 333.219 333.887 334.524 334.947 335.382 335.999 336.727 337.699 338.894 339.944 340.607 341.107 341.644 342.259 342.772 343.284
311.177 311.307 311.235 311.1 310.977 310.862 310.76 310.752 310.702 310.332 310.117 310.072 310.077 310.172 310.56 310.64 310.685 310.852 311.015 311.24 311.51 312.047 312.657 313.137 313.815 314.547 315.415 316.017 316.62 317.117 317.645 318.167 319.024 319.884 320.677 321.442 322.264 323.174 323.999 324.312 324.704 325.394 326.139 326.977 327.712 328.494 329.192 329.819 330.282 330.787 331.809 332.859 333.604 334.194 334.572 334.879 335.507 336.174 337.122 338.234 339.184 339.842 340.394 340.902 341.392 341.649 342.232
310.442 310.567 310.515 310.417 310.247 310.04 309.787 309.787 309.725 309.527 309.5 309.555 309.462 309.69 310.082 310.08 310.027 310.172 310.425 310.657 310.972 311.552 312.165 312.802 313.475 314.427 315.21 315.625 315.99 316.325 316.857 317.64 318.497 319.194 320.102 320.864 321.277 321.972 323.069 323.377 323.729 324.657 325.797 326.614 327.247 327.944 328.542 329.147 330.332 330.479 331.397 332.452 333.204 333.779 334.289 334.614 335.129 335.829 336.614 337.587 338.442 339.112 339.632 340.117 340.482 340.744 341.397
309.67 309.807 309.817 309.69 309.515 309.335 308.985 308.947 308.91 308.822 308.9 308.945 309.02 309.225 309.4 309.385 309.42 309.605 309.85 310.17 310.515 311.022 311.612 312.465 313.42 314.315 314.86 315.207 315.515 315.925 316.485 317.267 317.829 318.534 319.417 320.269 320.882 321.364 321.982 322.617 323.102 324.262 325.377 326.139 326.719 327.427 328.014 328.462 329.049 329.937 330.897 331.809 332.714 333.439 334.304 334.27 334.734 335.434 336.137 336.962 337.617 338.115 338.692 339.377 339.617 339.837 340.387
308.872 308.955 309.04 308.925 308.805 308.54 308.3 308.285 308.24 308.162 308.265 308.427 308.607 308.722 308.685 308.662 308.922 309.185 309.425 309.702 310.095 310.75 311.43 312.347 313.265 313.89 314.4 314.655 315.222 315.707 316.265 316.945 317.337 317.937 318.889 319.652 320.129 320.727 321.252 321.827 322.729 323.842 324.882 325.484 326.087 326.919 327.557 327.997 328.464 329.324 330.282 331.217 332.062 332.819 333.297 333.584 334.099 334.604 335.319 336.044 336.682 337.294 337.857 338.319 338.669 338.882 339.437
