20220701_namedtuples/mapdata/sd8876_DSM_2M.asc
ncols 500
nrows 500
xllcorner    388000
yllcorner    476000
cellsize     2
NODATA_value -9999
[rows 120 to 149 of 500, columns 335 to 401 of 500]
461.536 461.959 462.531 463.171 463.926 464.501 465.071 465.719 466.436 466.999 467.549 468.081 468.884 469.974 470.669 471.339 472.121 472.831 473.346 473.806 474.221 474.671 474.844 475.371 475.756 476.041 476.634 477.766 478.996 480.081 481.424 482.891 484.844 486.236 487.819 489.294 490.526 491.761 493.019 494.136 494.811 495.869 496.786 497.799 498.976 500.259 501.456 502.386 503.034 503.714 504.229 504.586 504.906 505.129 505.296 505.466 505.779 506.054 506.354 506.836 507.079 507.126 507.406 507.786 508.209 508.654 508.989
461.324 461.496 461.829 462.411 463.149 463.934 464.684 465.441 466.174 466.751 467.281 467.836 468.596 469.479 470.279 471.024 471.701 472.504 473.241 473.771 474.204 474.556 474.726 474.991 475.164 475.439 475.859 476.919 478.151 479.394 480.801 482.344 484.139 485.709 487.334 488.786 489.999 491.251 492.291 493.311 494.219 495.309 496.301 497.359 498.436 499.826 500.961 501.811 502.419 502.991 503.401 503.871 504.314 504.514 504.511 504.891 505.101 505.261 505.501 506.096 506.429 506.861 507.154 507.431 507.969 508.354 508.714
461.381 461.616 461.786 462.074 462.649 463.324 464.114 465.029 465.851 466.474 467.064 467.691 468.439 469.289 469.984 470.586 471.261 471.991 472.819 473.369 473.836 474.234 474.419 474.606 474.786 475.051 475.591 476.386 477.624 479.099 480.481 481.826 483.576 485.209 486.886 488.194 489.481 490.666 491.604 492.494 493.511 494.684 495.819 496.774 497.936 499.124 500.234 501.136 501.801 502.306 502.816 503.361 503.766 503.976 504.064 504.201 504.386 504.609 505.086 505.606 506.209 506.744 507.049 507.291 507.504 507.954 508.334
461.431 461.696 461.939 462.166 462.494 462.894 463.676 464.636 465.429 466.209 466.956 467.579 468.129 468.931 469.606 470.234 470.951 471.626 472.334 472.904 473.459 473.884 474.121 474.309 474.474 474.739 475.154 475.889 477.241 478.716 480.131 481.341 483.074 484.734 486.506 487.654 488.869 490.051 490.989 491.901 492.866 493.949 495.131 496.284 497.411 498.521 499.661 500.604 501.406 502.029 502.494 502.949 503.399 503.641 503.641 503.696 504.026 504.316 504.799 505.611 506.084 506.431 506.591 506.919 507.146 507.324 507.819
461.496 461.704 462.004 462.311 462.516 462.786 463.576 464.486 465.244 465.891 466.706 467.436 467.906 468.364 469.101 469.814 470.539 471.164 471.881 472.534 473.106 473.551 473.869 474.069 474.266 474.581 474.904 475.671 476.979 478.241 479.431 480.596 482.286 483.899 485.536 486.949 487.964 489.299 490.271 491.429 492.319 493.226 494.399 495.584 496.819 497.976 499.149 500.101 500.859 501.574 502.084 502.421 502.686 502.894 502.959 503.089 503.601 503.941 504.609 505.321 505.846 506.314 506.541 506.601 506.694 506.954 507.129
461.541 461.726 461.921 462.224 462.419 462.551 463.174 464.094 464.954 465.579 466.231 467.089 467.644 468.054 468.664 469.354 470.179 470.824 471.454 472.104 472.686 473.154 473.544 473.829 474.091 474.371 474.954 475.566 476.544 477.591 478.594 480.026 481.344 482.956 484.531 485.759 486.839 488.106 489.211 490.454 491.506 492.299 493.606 495.009 495.991 497.204 498.476 499.526 500.359 500.986 501.456 501.846 502.091 502.259 502.254 502.631 503.239 503.789 504.219 504.834 505.166 505.589 506.129 506.419 506.574 506.754 506.944
461.526 461.741 461.966 462.334 462.414 462.531 462.841 463.571 464.414 465.204 465.914 466.604 467.211 467.759 468.381 469.071 469.911 470.641 471.181 471.734 472.269 472.711 473.081 473.599 474.021 474.391 475.036 475.584 476.284 477.091 477.886 478.941 480.209 481.766 483.181 484.416 485.674 486.709 487.951 488.991 490.036 491.191 492.444 494.056 495.164 496.244 497.531 498.631 499.629 500.359 500.804 501.111 501.381 501.626 501.806 502.196 503.006 503.746 504.111 504.484 504.851 505.039 505.214 505.544 505.979 506.411 506.794
461.411 461.739 462.031 462.424 462.621 462.646 462.709 463.114 463.989 464.841 465.599 466.274 466.879 467.439 468.221 468.876 469.549 470.481 471.056 471.459 471.949 472.319 472.739 473.229 473.821 474.301 474.859 475.426 475.921 476.771 477.696 478.471 479.504 480.836 482.221 483.439 484.536 485.539 486.506 487.741 489.181 490.489 491.536 492.719 494.051 495.159 496.451 497.589 498.504 499.264 499.754 500.174 500.446 500.709 501.109 501.689 502.531 503.309 503.614 504.046 504.394 504.739 505.121 505.391 505.464 505.751 506.229
461.386 461.714 462.004 462.276 462.571 462.604 462.601 462.779 463.396 464.256 465.174 465.911 466.516 467.136 467.829 468.604 469.324 470.134 470.809 471.211 471.619 472.046 472.504 472.921 473.396 473.884 474.409 474.939 475.571 476.331 477.336 478.254 479.244 480.269 481.499 482.586 483.504 484.501 485.566 487.176 488.824 489.649 490.564 491.574 492.864 494.041 495.464 496.506 497.226 497.881 498.596 499.051 499.276 499.759 500.409 501.139 501.861 502.621 503.179 503.549 503.731 504.119 504.549 505.001 505.484 505.729 505.984
461.211 461.621 461.916 462.044 462.209 462.491 462.551 462.536 462.891 463.531 464.421 465.404 466.199 466.829 467.469 468.256 468.976 469.604 470.396 470.776 471.291 471.796 472.254 472.654 473.004 473.504 473.991 474.574 475.239 476.096 476.726 477.629 478.746 479.589 480.506 481.526 482.511 483.599 485.126 486.756 488.301 489.094 490.166 491.224 492.199 493.246 494.451 495.321 495.969 496.744 497.241 497.786 498.366 499.239 499.974 500.684 501.266 501.766 502.226 502.874 503.289 503.544 503.976 504.414 504.804 505.374 505.881
461.004 461.356 461.654 461.896 462.011 462.201 462.419 462.384 462.519 462.906 463.789 464.874 465.864 466.644 467.231 467.941 468.504 469.061 469.966 470.189 470.784 471.396 471.856 472.411 472.701 473.036 473.501 474.016 474.674 475.254 475.884 476.929 477.874 478.701 479.566 480.569 481.626 483.384 485.054 486.506 487.946 488.831 489.886 490.919 491.801 492.736 493.521 494.259 494.849 495.539 496.164 496.921 497.849 498.929 499.704 500.439 501.039 501.434 501.731 502.099 502.541 503.041 503.271 503.681 504.119 504.736 505.461
460.664 461.061 461.444 461.611 461.734 461.881 462.031 462.126 462.264 462.674 463.441 464.459 465.356 466.259 466.876 467.446 468.084 468.626 469.371 469.631 470.019 470.716 471.279 471.944 472.359 472.741 473.291 473.709 474.136 474.751 475.389 476.194 476.974 477.934 478.991 479.921 481.006 483.064 484.719 486.081 487.271 488.331 489.439 490.461 491.301 492.191 492.769 493.241 493.846 494.649 495.594 496.591 497.509 498.476 499.329 500.099 500.601 501.001 501.294 501.509 502.164 502.654 502.974 503.241 503.766 504.511 505.374
460.266 460.696 461.056 461.324 461.469 461.494 461.619 461.934 461.921 462.211 463.049 463.886 464.709 465.519 466.241 466.871 467.479 468.094 468.684 468.914 469.154 469.781 470.669 471.366 471.884 472.326 472.806 473.324 473.814 474.299 474.989 475.731 476.466 477.579 478.566 479.351 480.409 482.366 483.991 485.204 486.529 487.859 488.856 489.754 490.216 491.134 491.849 492.336 493.071 494.119 495.054 495.989 496.961 497.886 498.694 499.341 499.896 500.424 500.829 501.074 501.344 501.931 502.229 502.681 503.504 504.359 505.114
459.779 460.314 460.691 460.969 461.071 461.154 461.296 461.629 461.559 461.796 462.494 463.224 463.794 464.596 465.306 466.041 466.799 467.504 467.874 468.036 468.354 468.954 469.804 470.654 471.246 471.894 472.511 473.164 473.796 474.231 474.726 475.429 476.256 477.294 477.926 478.686 479.739 481.419 482.944 484.206 485.814 487.121 487.969 488.531 489.164 489.924 490.779 491.649 492.361 493.371 494.404 495.411 496.414 497.491 498.299 498.694 499.149 499.741 500.361 500.829 501.161 501.374 501.699 502.319 503.269 504.191 505.029
459.216 459.731 460.209 460.479 460.574 460.664 461.021 461.126 460.944 461.111 461.681 462.286 462.756 463.519 464.416 465.234 465.996 466.616 466.929 467.119 467.519 468.251 469.061 469.811 470.581 471.499 472.391 472.921 473.544 474.111 474.526 475.176 475.981 476.881 477.429 477.976 479.011 480.674 482.376 484.084 485.556 486.334 487.169 487.896 488.594 489.294 490.209 491.001 491.569 492.581 493.799 495.026 496.046 497.041 497.659 498.099 498.599 499.286 499.959 500.436 500.934 501.426 501.774 502.329 503.021 503.971 504.946
458.756 459.149 459.554 459.939 460.021 460.116 460.411 460.401 460.206 460.181 460.506 461.229 461.734 462.696 463.716 464.511 465.221 465.766 466.139 466.359 466.754 467.504 468.514 469.304 470.069 470.911 472.069 472.811 473.339 473.926 474.171 474.469 475.241 476.106 476.849 477.619 478.911 480.634 482.326 484.146 485.386 486.131 486.981 487.904 488.586 489.131 489.791 490.461 491.214 492.236 493.381 494.454 495.481 496.349 496.999 497.521 497.971 498.511 499.289 500.031 500.646 501.191 501.619 502.164 502.869 503.586 504.604
458.319 458.631 458.874 459.211 459.414 459.456 459.589 459.564 459.349 459.159 458.959 459.424 460.299 461.574 462.586 463.664 464.501 465.066 465.384 465.669 466.119 466.886 467.841 468.751 469.709 470.399 471.501 472.549 473.059 473.531 474.019 474.121 474.609 475.469 476.239 477.294 479.274 480.809 482.146 483.551 484.734 485.671 486.676 487.816 488.534 489.121 489.754 490.309 491.059 492.144 493.241 494.164 494.914 495.706 496.314 496.841 497.449 498.119 498.806 499.701 500.329 500.911 501.549 501.954 502.549 503.061 503.726
458.006 458.129 458.304 458.454 458.506 458.581 458.689 458.666 458.386 457.856 457.411 457.574 458.744 460.004 461.031 462.259 463.261 464.026 464.509 465.084 465.751 466.474 467.414 468.506 469.424 470.189 471.054 472.089 472.909 473.349 473.659 474.016 474.436 475.289 476.066 477.476 479.471 480.839 482.216 483.524 484.659 485.714 486.671 487.529 488.179 488.901 489.644 490.226 490.984 492.124 493.019 493.834 494.426 495.239 495.914 496.264 496.874 497.626 498.531 499.429 500.061 500.511 501.201 501.649 502.154 502.649 503.026
457.656 457.669 457.681 457.674 457.654 457.749 457.784 457.684 457.314 456.486 456.059 456.334 457.351 458.344 459.351 460.751 461.974 462.919 463.674 464.489 465.459 466.194 466.984 468.039 468.886 469.749 470.604 471.424 472.396 473.054 473.434 473.754 474.111 475.084 476.484 478.071 479.884 481.101 482.439 483.659 484.684 485.646 486.544 487.264 487.771 488.621 489.346 490.064 491.121 491.949 492.659 493.206 493.866 494.516 495.179 495.751 496.386 497.201 498.019 498.869 499.589 500.209 500.729 501.339 501.751 502.154 502.564
457.164 457.134 457.104 456.936 456.824 456.856 456.796 456.614 456.051 455.516 455.356 455.686 456.581 457.226 458.061 459.436 460.789 461.986 462.924 463.936 465.031 465.911 466.566 467.399 468.421 469.336 470.151 470.839 472.001 472.639 473.026 473.279 473.621 474.759 476.811 478.486 480.151 481.274 482.424 483.534 484.509 485.321 486.081 486.866 487.484 488.046 488.901 489.726 490.601 491.476 492.186 492.579 493.004 493.489 494.134 494.819 495.631 496.526 497.434 498.201 498.959 499.659 500.166 500.581 501.096 501.501 501.896
456.544 456.509 456.391 456.344 456.206 456.121 455.911 455.634 455.216 454.924 454.909 455.079 455.771 456.181 456.801 458.054 459.596 461.051 462.294 463.431 464.469 465.386 466.311 467.026 467.954 468.946 469.769 470.404 471.426 472.029 472.436 472.664 473.039 474.419 476.726 478.461 479.724 480.816 481.839 482.916 483.916 484.716 485.574 486.541 487.136 487.419 487.991 489.001 489.781 490.621 491.394 491.876 492.074 492.404 493.156 493.996 494.824 495.749 496.804 497.719 498.296 498.894 499.451 499.914 500.226 500.636 500.964
455.779 455.736 455.679 455.739 455.734 455.551 455.384 455.159 454.684 454.566 454.531 454.721 454.941 455.519 456.061 456.696 458.049 459.524 461.076 462.586 463.629 464.484 465.546 466.536 467.559 468.481 469.269 470.029 470.764 471.529 471.794 472.004 472.581 473.964 476.031 477.641 478.654 479.681 480.646 481.681 482.696 483.926 484.969 485.811 486.419 486.881 487.341 488.059 488.804 489.639 490.556 491.106 491.296 491.671 492.359 493.144 494.004 495.056 495.854 496.724 497.439 498.154 498.644 499.054 499.416 499.579 499.854
455.009 455.001 455.016 455.141 455.149 454.979 454.856 454.704 454.401 454.344 454.389 454.656 454.961 455.124 455.649 455.936 456.776 458.176 459.851 461.356 462.654 463.824 465.024 466.131 467.159 468.094 468.716 469.374 469.984 470.726 471.104 471.569 472.301 473.649 475.246 476.656 477.574 478.419 479.389 480.439 481.661 483.141 484.141 485.111 485.851 486.386 486.869 487.289 487.956 488.801 489.589 490.126 490.536 491.029 491.809 492.479 493.131 493.964 494.899 495.649 496.339 496.981 497.509 497.909 498.376 498.744 498.889
454.291 454.324 454.399 454.579 454.499 454.359 454.276 454.251 454.236 454.204 454.256 454.449 454.719 454.721 455.061 455.346 455.776 457.356 458.951 460.266 461.571 463.109 464.539 465.551 466.476 467.529 468.161 468.694 469.374 470.119 470.831 471.404 472.356 473.461 474.501 475.354 476.326 477.239 478.369 479.624 480.984 482.476 483.536 484.521 485.364 486.069 486.541 486.944 487.376 487.999 488.771 489.416 489.911 490.431 491.071 491.589 492.214 493.001 493.961 494.799 495.359 495.954 496.291 496.724 497.146 497.496 497.724
453.679 453.639 453.736 453.904 453.791 453.699 453.686 453.831 453.911 454.009 454.219 454.444 454.359 454.294 454.504 454.666 454.859 456.661 458.556 459.711 460.859 462.176 463.386 464.566 465.799 466.859 467.674 468.256 469.061 469.754 470.434 471.419 472.304 473.096 473.951 474.616 475.586 476.486 477.509 478.956 480.484 481.899 483.091 484.041 484.951 485.659 486.101 486.596 487.026 487.556 488.194 488.829 489.286 489.819 490.211 490.716 491.269 491.924 492.651 493.334 493.939 494.564 495.011 495.344 495.586 495.854 496.296
453.036 452.944 453.024 453.279 453.159 453.036 453.059 453.254 453.471 453.701 453.984 454.179 454.196 454.146 454.236 454.304 454.374 455.534 457.501 458.779 459.856 460.906 462.131 463.611 465.126 466.321 467.156 467.811 468.511 469.419 470.271 471.126 471.881 472.644 473.554 474.276 475.196 476.226 477.116 478.609 480.141 481.604 482.739 483.564 484.399 485.174 485.769 486.206 486.584 487.046 487.631 488.166 488.576 489.044 489.531 489.841 490.321 490.934 491.649 492.261 492.801 493.334 493.766 494.119 494.369 494.501 494.951
452.426 452.314 452.501 452.481 452.371 452.436 452.506 452.734 452.964 453.251 453.526 453.744 453.836 453.926 454.006 454.081 454.089 454.689 456.204 457.564 458.664 459.884 461.274 462.891 464.369 465.496 466.504 467.294 468.151 469.041 469.896 470.461 471.439 472.249 473.161 474.151 475.471 476.509 477.309 478.556 479.836 481.101 482.154 483.036 483.796 484.706 485.491 485.781 486.064 486.511 487.044 487.534 487.891 488.264 488.731 488.999 489.324 489.741 490.306 490.999 491.696 492.124 492.526 492.894 493.169 493.604 494.279
451.686 451.651 451.951 451.879 451.794 451.959 452.009 452.209 452.441 452.656 452.881 453.094 453.466 453.679 453.754 453.789 453.944 454.571 455.721 456.821 457.994 458.994 460.089 461.809 463.291 464.596 465.804 466.896 467.836 468.656 469.334 469.901 470.691 471.639 472.756 473.921 475.131 475.999 476.984 478.229 479.429 480.589 481.439 482.289 483.064 484.104 485.026 485.259 485.514 485.929 486.441 486.811 487.249 487.529 487.939 488.296 488.536 488.931 489.306 489.899 490.566 491.204 491.591 491.896 492.364 492.951 493.689
450.911 451.056 451.246 451.221 451.266 451.584 451.719 451.756 451.929 452.116 452.286 452.529 452.914 453.329 453.389 453.451 453.684 454.129 454.886 455.849 457.139 458.011 459.204 460.664 462.166 463.856 465.164 466.476 467.346 468.061 468.656 469.289 470.189 471.104 472.371 473.494 474.426 475.221 476.271 477.474 478.641 479.871 480.836 481.626 482.394 483.396 484.209 484.589 484.881 485.164 485.669 486.041 486.529 486.989 487.344 487.629 487.836 488.141 488.561 489.066 489.726 490.326 490.724 491.119 491.636 492.294 492.981
450.144 450.426 450.434 450.509 450.736 451.211 451.581 451.514 451.526 451.774 451.989 452.084 452.306 452.831 452.866 452.991 453.264 453.711 454.129 455.021 456.234 457.066 458.204 459.671 460.899 462.376 464.159 465.484 466.324 467.159 468.069 468.811 469.531 470.484 471.819 472.781 473.651 474.649 475.754 476.921 477.984 479.169 480.136 480.896 481.699 482.634 483.399 483.786 484.091 484.454 484.964 485.509 485.851 486.399 486.806 486.974 487.246 487.561 487.956 488.456 489.106 489.714 490.124 490.566 491.141 491.819 492.499
