20220701_namedtuples/mapdata/sd8875_DSM_2M.asc
ncols 500
nrows 500
xllcorner    388000
yllcorner    475000
cellsize     2
NODATA_value -9999
[rows 300 to 329 of 500, columns 335 to 401 of 500]
274.539 274.456 274.429 274.358 274.249 274.234 274.336 274.464 274.481 274.496 274.453 274.393 274.309 274.241 274.146 274.086 273.976 273.921 273.863 273.851 273.856 273.848 273.843 273.963 274.088 274.303 274.441 274.621 274.651 274.616 274.583 274.541 274.528 274.528 274.546 274.566 274.626 274.633 274.568 274.551 274.541 274.503 274.536 274.436 273.876 273.813 273.856 273.861 273.823 273.801 273.741 273.686 273.676 273.661 273.588 273.558 273.221 272.896 272.488 272.458 272.446 272.516 272.821 273.271 274.641 276.426 277.388
274.559 274.466 274.404 274.273 274.246 274.376 274.596 274.708 274.799 274.746 274.716 274.681 274.629 274.544 274.491 274.423 274.278 274.101 273.973 273.851 273.811 273.828 273.773 273.813 273.811 273.833 273.958 274.196 274.481 274.546 274.561 274.531 274.506 274.486 274.531 274.611 274.651 274.661 274.576 274.491 274.491 274.513 274.568 274.506 273.998 273.768 273.781 273.831 273.801 273.773 273.736 273.671 273.626 273.623 273.581 273.541 273.433 273.016 272.541 272.421 272.403 272.401 272.783 273.101 274.251 275.828 277.126
274.493 274.458 274.398 274.349 274.516 274.699 274.801 274.821 274.826 274.839 274.803 274.819 274.766 274.701 274.676 274.621 274.578 274.486 274.368 274.176 273.991 273.881 273.823 273.798 273.828 273.758 273.751 273.756 273.936 274.156 274.361 274.473 274.503 274.488 274.558 274.661 274.646 274.578 274.548 274.468 274.426 274.433 274.446 274.473 274.248 273.773 273.688 273.771 273.781 273.736 273.731 273.666 273.606 273.588 273.563 273.521 273.511 273.156 272.708 272.406 272.383 272.341 272.588 272.901 273.666 275.863 276.621
274.539 274.516 274.534 274.651 274.761 274.836 274.801 274.809 274.809 274.841 274.828 274.846 274.833 274.763 274.699 274.696 274.676 274.646 274.576 274.473 274.338 274.168 273.951 273.841 273.793 273.763 273.778 273.761 273.751 273.773 273.941 274.143 274.328 274.413 274.553 274.628 274.606 274.551 274.526 274.468 274.426 274.391 274.393 274.416 274.341 273.898 273.566 273.658 273.733 273.716 273.716 273.688 273.611 273.541 273.541 273.493 273.461 273.193 272.918 272.383 272.431 272.366 272.536 272.651 273.163 276.688 275.976
274.719 274.736 274.743 274.771 274.779 274.801 274.828 274.831 274.821 274.786 274.814 274.794 274.773 274.754 274.756 274.718 274.681 274.653 274.606 274.566 274.473 274.406 274.226 274.018 273.851 273.778 273.781 273.766 273.728 273.763 273.808 273.833 273.908 274.048 274.258 274.413 274.468 274.516 274.498 274.516 274.476 274.391 274.346 274.356 274.341 274.146 273.666 273.518 273.648 273.691 273.693 273.656 273.621 273.561 273.511 273.498 273.481 273.313 272.911 272.488 272.388 272.373 272.433 272.426 272.893 273.766 274.876
274.906 274.828 274.776 274.724 274.743 274.801 274.854 274.844 274.801 274.764 274.743 274.739 274.726 274.731 274.714 274.676 274.666 274.683 274.628 274.581 274.518 274.523 274.406 274.291 274.096 273.916 273.816 273.711 273.698 273.748 273.793 273.818 273.791 273.786 273.866 273.971 274.176 274.373 274.476 274.508 274.463 274.383 274.378 274.306 274.308 274.276 273.946 273.488 273.536 273.651 273.686 273.648 273.598 273.538 273.456 273.473 273.498 273.411 273.133 272.621 272.241 272.336 272.308 272.343 272.666 273.316 274.241
274.941 274.836 274.773 274.739 274.708 274.751 274.806 274.766 274.741 274.786 274.724 274.703 274.664 274.643 274.641 274.671 274.671 274.638 274.601 274.583 274.578 274.538 274.451 274.408 274.333 274.218 274.046 273.873 273.751 273.728 273.711 273.756 273.761 273.796 273.786 273.811 273.848 273.978 274.208 274.358 274.343 274.326 274.358 274.321 274.343 274.358 274.186 273.688 273.371 273.538 273.643 273.678 273.611 273.518 273.438 273.441 273.493 273.408 273.243 272.966 272.428 272.338 272.326 272.403 272.486 272.983 273.651
274.986 274.879 274.726 274.689 274.699 274.706 274.703 274.739 274.791 274.779 274.768 274.731 274.656 274.634 274.624 274.641 274.641 274.621 274.616 274.618 274.561 274.476 274.401 274.423 274.408 274.353 274.221 274.078 273.951 273.813 273.761 273.731 273.703 273.706 273.743 273.783 273.806 273.773 273.796 273.923 274.023 274.151 274.361 274.423 274.436 274.376 274.238 273.903 273.438 273.471 273.618 273.638 273.588 273.501 273.371 273.391 273.461 273.418 273.281 272.943 272.458 272.373 272.423 272.353 272.441 272.783 273.461
274.974 274.911 274.741 274.661 274.696 274.699 274.716 274.756 274.801 274.773 274.796 274.801 274.749 274.696 274.633 274.653 274.653 274.636 274.591 274.538 274.476 274.496 274.476 274.448 274.396 274.391 274.351 274.253 274.128 274.008 273.881 273.793 273.708 273.641 273.678 273.746 273.776 273.771 273.716 273.706 273.851 274.113 274.336 274.453 274.438 274.308 274.218 274.026 273.618 273.461 273.621 273.616 273.598 273.521 273.406 273.288 273.423 273.486 273.371 272.976 272.556 272.286 272.283 272.338 272.381 272.476 273.183
274.976 274.934 274.814 274.643 274.676 274.701 274.751 274.729 274.714 274.741 274.794 274.799 274.751 274.694 274.729 274.758 274.721 274.633 274.553 274.518 274.448 274.461 274.426 274.401 274.413 274.418 274.393 274.396 274.301 274.181 274.048 273.948 273.838 273.766 273.701 273.718 273.716 273.731 273.713 273.611 273.711 273.773 273.993 274.408 274.428 274.258 274.158 273.971 273.776 273.413 273.518 273.601 273.573 273.523 273.391 273.241 273.401 273.461 273.421 273.063 272.503 272.278 272.346 272.403 272.386 272.351 272.858
274.946 274.939 274.879 274.716 274.611 274.659 274.671 274.689 274.736 274.754 274.721 274.766 274.761 274.749 274.781 274.781 274.728 274.703 274.658 274.601 274.498 274.441 274.441 274.433 274.398 274.388 274.381 274.398 274.361 274.313 274.216 274.073 273.963 273.886 273.771 273.721 273.703 273.708 273.683 273.613 273.591 273.646 273.738 273.871 274.158 274.188 274.098 274.001 273.821 273.466 273.438 273.546 273.556 273.501 273.363 273.236 273.351 273.408 273.436 273.243 272.753 272.301 272.341 272.306 272.326 272.311 272.578
274.901 274.891 274.881 274.833 274.629 274.583 274.624 274.633 274.684 274.674 274.714 274.694 274.716 274.751 274.784 274.791 274.768 274.773 274.763 274.718 274.706 274.631 274.533 274.461 274.411 274.391 274.416 274.413 274.396 274.366 274.263 274.203 274.111 274.016 273.906 273.763 273.711 273.706 273.666 273.631 273.601 273.603 273.633 273.653 273.768 273.968 273.998 273.958 273.961 273.553 273.356 273.433 273.493 273.466 273.326 273.193 273.306 273.433 273.456 273.298 273.013 272.418 272.346 272.256 272.316 272.253 272.436
274.784 274.791 274.806 274.809 274.719 274.596 274.561 274.576 274.676 274.691 274.656 274.618 274.654 274.696 274.749 274.768 274.781 274.756 274.783 274.863 274.843 274.811 274.698 274.526 274.436 274.411 274.423 274.421 274.413 274.396 274.341 274.271 274.178 274.106 274.066 274.006 273.838 273.713 273.681 273.661 273.633 273.623 273.618 273.613 273.653 273.828 273.906 273.983 273.971 273.786 273.418 273.393 273.426 273.426 273.293 273.156 273.251 273.411 273.451 273.326 273.023 272.363 272.281 272.238 272.263 272.341 272.221
274.689 274.714 274.729 274.754 274.661 274.559 274.569 274.571 274.669 274.641 274.589 274.578 274.599 274.646 274.684 274.698 274.728 274.793 274.843 274.893 274.918 274.901 274.823 274.688 274.556 274.433 274.386 274.376 274.403 274.383 274.361 274.298 274.226 274.203 274.183 274.088 274.033 273.911 273.736 273.631 273.601 273.591 273.616 273.606 273.651 273.773 273.888 273.948 273.918 273.918 273.643 273.341 273.383 273.386 273.256 273.131 273.208 273.396 273.438 273.288 272.771 272.396 272.288 272.276 272.303 272.311 272.388
274.684 274.643 274.596 274.561 274.556 274.566 274.556 274.556 274.648 274.638 274.548 274.523 274.534 274.546 274.604 274.691 274.768 274.811 274.836 274.896 274.876 274.856 274.866 274.851 274.716 274.551 274.421 274.371 274.353 274.353 274.351 274.331 274.293 274.223 274.168 274.088 274.088 274.051 273.946 273.813 273.663 273.603 273.543 273.558 273.573 273.618 273.771 273.873 273.873 273.943 273.873 273.346 273.296 273.366 273.288 273.108 273.208 273.368 273.428 273.293 272.966 272.441 272.346 272.223 272.241 272.273 272.231
274.656 274.608 274.578 274.553 274.536 274.566 274.556 274.568 274.636 274.604 274.554 274.509 274.511 274.536 274.629 274.718 274.746 274.806 274.836 274.846 274.876 274.873 274.873 274.828 274.763 274.691 274.543 274.398 274.333 274.333 274.348 274.343 274.276 274.203 274.143 274.138 274.121 274.081 274.033 273.981 273.893 273.758 273.596 273.536 273.501 273.566 273.726 273.831 273.853 273.953 273.993 273.563 273.256 273.273 273.233 273.091 273.158 273.406 273.453 273.308 273.181 272.623 272.353 272.238 272.366 272.268 272.163
274.711 274.664 274.646 274.636 274.629 274.568 274.536 274.551 274.596 274.551 274.526 274.561 274.611 274.681 274.706 274.766 274.778 274.808 274.868 274.851 274.873 274.883 274.856 274.791 274.783 274.676 274.593 274.533 274.423 274.353 274.338 274.283 274.261 274.213 274.173 274.111 274.076 274.068 274.066 274.066 274.033 273.948 273.841 273.653 273.498 273.556 273.726 273.826 273.906 273.976 274.003 273.658 273.253 273.243 273.261 273.113 273.098 273.331 273.416 273.308 273.158 272.953 272.631 272.266 272.211 272.178 272.148
274.828 274.759 274.768 274.736 274.691 274.596 274.506 274.523 274.554 274.496 274.566 274.646 274.674 274.726 274.749 274.796 274.848 274.831 274.906 274.876 274.883 274.896 274.836 274.748 274.721 274.696 274.656 274.606 274.518 274.386 274.303 274.261 274.246 274.188 274.138 274.106 274.096 274.081 274.056 274.033 274.023 273.961 273.963 273.871 273.648 273.548 273.636 273.788 273.891 273.931 274.001 273.911 273.463 273.201 273.221 273.113 273.058 273.241 273.378 273.298 273.128 273.078 272.903 272.358 272.161 272.166 272.213
274.939 274.901 274.849 274.766 274.684 274.638 274.506 274.496 274.499 274.496 274.583 274.638 274.691 274.749 274.771 274.811 274.826 274.833 274.856 274.876 274.876 274.846 274.791 274.766 274.758 274.711 274.698 274.621 274.546 274.456 274.366 274.266 274.223 274.191 274.163 274.133 274.083 274.071 274.028 274.021 273.996 273.976 273.926 273.891 273.866 273.843 273.681 273.693 273.776 273.861 273.976 273.946 273.816 273.341 273.141 273.091 273.058 273.181 273.276 273.223 273.158 273.086 272.963 272.601 272.103 272.008 272.256
275.013 274.961 274.958 274.826 274.686 274.636 274.518 274.461 274.461 274.499 274.611 274.651 274.674 274.729 274.724 274.768 274.798 274.823 274.806 274.818 274.811 274.833 274.811 274.766 274.741 274.681 274.636 274.593 274.588 274.548 274.436 274.343 274.266 274.216 274.156 274.118 274.088 274.051 274.033 274.003 273.991 273.968 273.908 273.916 273.896 273.866 273.871 273.786 273.706 273.706 273.801 273.868 273.933 273.678 273.181 273.046 272.983 273.068 273.176 273.163 273.108 273.081 272.981 272.741 272.288 272.113 272.126
275.044 275.023 274.934 274.836 274.761 274.638 274.534 274.458 274.461 274.469 274.569 274.638 274.669 274.696 274.743 274.756 274.778 274.726 274.733 274.761 274.773 274.778 274.773 274.728 274.666 274.633 274.626 274.611 274.593 274.558 274.513 274.441 274.331 274.226 274.178 274.086 274.053 274.028 273.991 273.981 274.001 274.001 273.953 273.876 273.861 273.913 273.901 273.833 273.801 273.671 273.626 273.711 273.921 273.953 273.553 273.118 272.993 272.973 273.066 273.078 273.016 272.976 272.976 272.801 272.401 272.141 272.103
275.161 275.023 274.946 274.969 274.831 274.684 274.568 274.456 274.441 274.426 274.484 274.576 274.638 274.708 274.711 274.666 274.633 274.716 274.731 274.711 274.713 274.716 274.683 274.671 274.668 274.626 274.611 274.568 274.591 274.606 274.598 274.488 274.428 274.296 274.143 274.046 273.988 273.976 273.988 273.958 273.973 273.948 273.951 273.958 273.893 273.843 273.868 273.878 273.793 273.756 273.616 273.636 273.911 274.016 273.868 273.368 273.048 272.906 272.936 273.036 272.991 272.938 272.933 272.821 272.583 272.266 272.188
275.134 275.051 275.004 274.939 274.814 274.789 274.599 274.476 274.426 274.383 274.441 274.536 274.611 274.681 274.646 274.633 274.643 274.676 274.658 274.643 274.608 274.611 274.638 274.636 274.596 274.588 274.571 274.563 274.553 274.581 274.578 274.508 274.476 274.496 274.351 274.056 273.971 273.948 273.931 273.928 273.953 273.936 273.936 273.911 273.913 273.871 273.808 273.771 273.831 273.826 273.703 273.608 273.763 273.993 273.946 273.723 273.123 272.878 272.866 272.956 272.998 272.951 272.906 272.808 272.448 272.141 272.121
275.166 275.086 274.988 274.921 274.819 274.784 274.609 274.514 274.414 274.388 274.386 274.488 274.566 274.576 274.624 274.631 274.648 274.628 274.561 274.571 274.571 274.568 274.596 274.581 274.576 274.553 274.533 274.516 274.518 274.521 274.558 274.508 274.488 274.466 274.441 274.246 273.986 273.873 273.898 273.911 273.906 273.943 273.958 273.956 273.881 273.761 273.761 273.798 273.818 273.761 273.751 273.643 273.656 273.911 273.946 273.746 273.313 273.016 272.848 272.876 272.946 272.921 272.886 272.781 272.623 272.133 272.101
275.243 275.121 275.021 274.949 274.816 274.716 274.659 274.541 274.421 274.386 274.379 274.429 274.504 274.544 274.518 274.593 274.603 274.581 274.538 274.581 274.563 274.536 274.561 274.548 274.551 274.498 274.438 274.476 274.508 274.531 274.511 274.478 274.468 274.428 274.398 274.368 274.196 273.918 273.763 273.868 273.938 273.941 273.886 273.848 273.856 273.831 273.818 273.721 273.761 273.788 273.723 273.648 273.558 273.733 273.896 273.786 273.608 273.288 272.838 272.833 272.898 272.888 272.848 272.793 272.576 272.131 272.028
275.371 275.309 275.143 275.023 274.871 274.703 274.641 274.566 274.466 274.386 274.339 274.384 274.456 274.499 274.513 274.533 274.551 274.546 274.533 274.518 274.578 274.571 274.561 274.548 274.478 274.473 274.531 274.516 274.468 274.461 274.526 274.486 274.451 274.433 274.391 274.293 274.183 274.056 273.863 273.813 273.833 273.853 273.908 273.898 273.901 273.823 273.783 273.736 273.718 273.733 273.726 273.653 273.533 273.558 273.728 273.663 273.648 273.443 272.993 272.861 272.866 272.866 272.803 272.751 272.618 272.176 272.056
275.419 275.346 275.236 275.111 274.991 274.821 274.686 274.578 274.479 274.383 274.349 274.344 274.396 274.448 274.444 274.483 274.506 274.556 274.546 274.548 274.538 274.521 274.531 274.538 274.496 274.548 274.501 274.473 274.468 274.443 274.528 274.523 274.458 274.343 274.241 274.178 274.188 274.098 273.886 273.763 273.788 273.848 273.868 273.848 273.883 273.853 273.796 273.753 273.656 273.631 273.658 273.651 273.561 273.463 273.563 273.643 273.416 273.261 272.953 272.831 272.808 272.746 272.681 272.716 272.561 272.091 272.018
275.491 275.416 275.309 275.224 275.094 274.958 274.791 274.601 274.531 274.421 274.344 274.328 274.368 274.419 274.444 274.458 274.466 274.518 274.556 274.543 274.516 274.561 274.586 274.558 274.513 274.513 274.513 274.471 274.466 274.508 274.488 274.423 274.346 274.311 274.231 274.118 274.093 274.081 274.006 273.726 273.693 273.741 273.781 273.868 273.891 273.868 273.778 273.736 273.671 273.566 273.571 273.588 273.538 273.393 273.381 273.398 273.281 273.053 272.831 272.693 272.686 272.671 272.561 272.616 272.336 272.133 272.036
275.559 275.481 275.409 275.284 275.136 275.001 274.844 274.691 274.576 274.426 274.359 274.314 274.349 274.401 274.434 274.438 274.448 274.461 274.466 274.513 274.518 274.558 274.511 274.493 274.483 274.456 274.476 274.483 274.446 274.401 274.376 274.376 274.351 274.258 274.153 274.113 274.111 274.111 273.996 273.711 273.626 273.688 273.671 273.723 273.836 273.818 273.728 273.643 273.548 273.446 273.451 273.428 273.363 273.303 273.268 273.241 273.293 273.036 272.846 272.793 272.688 272.553 272.481 272.461 272.398 272.173 272.043
275.629 275.546 275.499 275.363 275.194 275.016 274.851 274.721 274.549 274.421 274.351 274.316 274.314 274.354 274.411 274.426 274.428 274.378 274.348 274.406 274.441 274.441 274.408 274.406 274.416 274.478 274.431 274.368 274.358 274.323 274.351 274.276 274.206 274.168 274.116 274.088 274.066 274.011 273.946 273.771 273.573 273.588 273.586 273.528 273.543 273.613 273.581 273.503 273.366 273.308 273.293 273.273 273.293 273.278 273.263 273.168 273.088 273.003 273.086 273.256 272.903 272.601 272.416 272.296 272.356 272.183 272.033
