20220701_namedtuples/mapdata/sd8877_DSM_2M.asc
ncols 500
nrows 500
xllcorner    388000
yllcorner    477000
cellsize     2
NODATA_value -9999
[rows 450 to 479 of 500, columns 268 to 334 of 500]
500.145 500.714 501.376 501.833 502.574 502.908 503.287 503.786 504.586 505.141 505.721 506.003 506.449 506.326 506.549 506.439 506.466 506.704 506.645 506.722 506.835 507.249 507.61 507.768 508.213 508.479 508.786 509.16 509.488 509.783 510.032 510.547 510.799 511.057 511.429 511.714 512.171 512.452 512.819 513.173 513.414 513.76 514.09 514.359 514.572 514.731 514.833 515.071 515.281 515.598 516.148 516.569 516.976 517.454 518.103 518.846 519.436 519.949 520.327 520.622 520.876 521.142 521.23 521.306 521.327 521.691 521.879
500.024 500.544 501.368 501.679 502.183 502.544 503.069 503.61 504.423 504.832 505.476 505.749 505.887 506.003 505.965 505.998 506.134 506.217 506.141 506.258 506.548 506.76 507.197 507.403 507.689 508.11 508.552 508.953 509.289 509.677 509.879 510.295 510.519 510.846 511.147 511.628 512.039 512.503 512.893 513.148 513.346 513.619 513.734 513.973 514.138 514.437 514.609 514.831 515.064 515.475 515.978 516.439 516.943 517.591 518.208 518.991 519.761 520.191 520.527 520.622 520.729 520.839 520.926 520.993 521.087 521.319 521.553
499.629 500.274 500.674 501.084 501.659 502.287 502.721 503.136 503.955 504.456 504.859 505.148 505.245 505.522 505.638 505.767 505.799 505.864 506.033 506.186 506.268 506.6 506.991 507.309 507.744 508.027 508.334 508.736 509.042 509.289 509.455 509.797 510.081 510.48 510.848 511.205 511.684 512.155 512.387 512.844 513.137 513.349 513.507 513.664 513.876 514.073 514.408 514.619 514.941 515.308 515.789 516.274 516.822 517.528 518.491 519.286 519.867 520.294 520.418 520.493 520.481 520.496 520.536 520.531 520.598 520.776 521.042
499.158 499.721 500.336 500.849 501.433 502.023 502.506 503.017 503.723 504.183 504.665 504.844 505.038 505.066 505.197 505.448 505.374 505.355 505.614 505.711 505.828 506.114 506.428 506.695 507.105 507.499 507.924 508.358 508.514 508.859 508.955 509.336 509.851 510.352 510.786 511.249 511.566 511.884 512.193 512.662 513.004 513.233 513.44 513.589 513.59 513.756 514.073 514.531 514.879 515.183 515.676 516.119 516.689 517.65 518.78 519.356 519.733 519.992 520.043 520.074 520.135 520.253 520.237 520.35 520.329 520.265 520.369
499.039 499.53 500.042 500.524 501.08 501.589 502.163 502.711 503.264 503.527 503.924 504.233 504.596 504.653 504.776 504.818 505.028 505.239 505.315 505.532 505.767 506.04 506.354 506.681 506.956 507.248 507.647 507.96 508.319 508.614 508.71 509.005 509.635 510.088 510.483 510.872 511.256 511.583 511.915 512.34 512.588 513.015 513.308 513.394 513.444 513.555 513.813 514.259 514.668 515.059 515.825 516.043 516.441 517.461 518.504 519.021 519.379 519.724 519.98 519.846 519.825 519.932 519.915 519.927 519.677 519.403 519.571
498.346 499.087 499.548 499.958 500.577 501.487 501.884 502.418 502.831 503.521 503.827 504.168 504.263 504.494 504.543 504.764 504.836 505.066 505.276 505.412 505.633 505.911 506.046 506.272 506.555 506.815 507.204 507.484 507.62 507.915 508.105 508.653 509.14 509.452 509.982 510.391 510.985 511.296 511.809 512.211 512.542 512.823 513.05 513.154 513.282 513.409 513.646 514.077 514.53 515.054 515.415 515.741 516.631 517.391 518.076 518.661 519.236 519.567 519.516 519.427 519.461 519.295 519.337 519.22 519.073 518.896 519.522
498.225 498.872 499.277 499.719 500.376 501.028 501.704 502.008 502.496 503.123 503.458 503.641 503.62 504.161 504.207 504.245 504.433 504.597 504.884 505.178 505.422 505.532 505.661 505.914 506.335 506.521 506.85 507.147 507.315 507.637 507.984 508.311 508.803 509.317 509.804 510.298 510.742 510.986 511.417 511.803 512.15 512.285 512.449 512.488 512.69 512.888 513.308 514.001 514.335 514.745 515.282 515.861 516.588 517.318 517.989 518.655 519.266 519.338 519.221 519.14 518.984 518.808 518.707 518.628 518.628 518.837 519.787
497.759 498.288 498.843 499.167 499.944 500.58 501.315 501.774 502.35 502.737 503.246 503.482 503.434 503.838 503.993 504.163 504.232 504.375 504.677 505.059 505.323 505.402 505.473 505.827 506.001 506.18 506.314 506.491 506.949 507.276 507.468 507.932 508.353 508.814 509.381 509.891 510.189 510.565 510.986 511.312 511.704 512.025 512.211 512.342 512.455 512.824 513.133 513.538 514.086 514.52 515.201 515.891 517.009 517.714 518.289 518.761 519.062 519.056 518.902 518.672 518.151 517.994 518.057 518.143 518.503 519.106 519.934
497.403 498.221 498.663 499.049 499.777 500.587 501.216 501.842 502.379 502.777 503.13 503.282 503.244 503.479 503.428 503.582 503.878 504.048 504.25 504.581 504.96 505.246 505.29 505.464 505.388 505.468 505.743 505.995 506.514 506.849 507.112 507.546 508.153 508.566 509.031 509.547 509.924 510.302 510.683 510.97 511.356 511.74 511.933 511.967 512.016 512.351 512.603 513.221 513.64 514.259 515.33 516.108 517.122 517.682 518.06 518.406 518.443 518.152 518.091 518 517.621 517.633 517.869 518.141 518.473 519.39 520.009
497.011 497.624 497.971 498.528 499.365 499.95 500.488 501.245 501.746 502.441 502.579 502.698 502.784 503.054 503.203 503.377 503.594 503.827 504.197 504.39 504.763 504.967 505.134 505.243 505.238 505.312 505.521 505.728 506.113 506.44 506.73 507.161 507.495 508.006 508.422 508.91 509.556 509.905 510.17 510.562 510.896 511.27 511.529 511.5 511.641 512.157 512.456 512.935 513.655 514.061 515.123 516.029 516.847 517.41 517.983 518.162 517.806 517.614 517.307 517.181 517.066 517.283 517.743 518.536 519.188 519.735 520.233
496.575 497.067 497.59 498.473 499.016 499.801 500.297 501.115 501.716 502.136 502.311 502.47 502.565 502.84 502.993 503.054 503.275 503.593 503.807 503.974 504.247 504.35 504.524 504.693 504.827 504.97 505.005 505.305 505.632 505.862 506.096 506.606 507.279 507.604 508.278 508.774 509.085 509.647 509.938 510.217 510.586 510.951 511.238 511.434 511.547 511.919 512.19 512.84 513.446 514.059 514.985 515.79 516.947 517.31 517.608 517.4 516.89 516.252 516.394 516.613 516.801 517.526 517.949 518.814 519.192 519.862 520.164
495.966 496.535 497.297 497.932 498.44 499.035 499.759 500.329 501.014 501.347 501.47 501.136 501.277 501.709 502.491 502.661 502.793 503.302 503.452 503.766 503.842 504.073 504.337 504.558 504.709 504.691 504.896 505.102 505.308 505.657 505.841 506.286 506.898 507.259 507.627 508.065 508.473 509.063 509.328 509.802 509.989 510.533 510.694 510.937 511.183 511.392 511.887 512.526 513.168 513.836 514.972 515.892 516.661 517.081 517.009 516.694 516.317 515.808 516.154 516.394 517.126 517.706 518.218 518.652 519.229 519.56 519.991
494.902 495.913 496.594 497.425 498.203 498.603 499.322 500.007 500.764 501.011 501.153 501.042 501.043 501.823 502.208 502.408 502.691 502.969 503.156 503.426 503.485 503.483 503.757 504.081 504.154 504.222 504.314 504.52 504.957 505.54 505.506 505.812 506.156 506.693 507.102 507.557 508.245 508.456 509.015 509.434 509.899 510.276 510.525 510.593 510.791 511.187 511.706 512.159 512.821 513.936 514.974 515.814 516.259 515.677 515.84 515.798 515.602 515.395 516.104 516.686 517.226 517.803 518.144 518.643 519.038 519.436 519.774
494.675 495.451 496.022 496.815 497.908 498.187 498.766 499.444 499.857 499.922 499.663 500.169 500.822 501.448 501.771 502.165 502.548 502.755 502.891 502.913 503.101 503.138 503.496 503.661 503.785 503.939 504.109 504.421 504.757 505.046 505.138 505.58 505.898 506.392 506.917 507.425 507.697 508.108 508.667 509.069 509.511 509.674 509.831 509.877 510.34 510.788 511.186 511.727 512.474 513.902 514.538 514.943 515.047 515.002 515.074 515.178 515.127 515.234 516.187 516.766 517.244 517.801 518.238 518.601 518.992 519.399 519.783
493.622 494.432 495.205 495.935 496.858 497.812 498.306 498.871 499.12 499.371 499.582 499.954 500.664 501.37 501.76 502.143 502.329 502.606 502.699 502.847 502.794 502.904 503.185 503.323 503.436 503.451 503.575 503.775 504 504.324 504.676 504.94 505.094 505.629 506.225 506.658 507.058 507.522 507.921 508.53 509.121 509.275 509.376 509.702 509.959 510.516 510.947 511.501 512.244 513.686 514.186 514.336 514.216 514.287 514.562 514.273 515.047 515.511 516.189 516.997 517.403 517.771 518.147 518.565 519.034 519.421 519.633
493.457 493.98 494.737 495.449 496.367 497.417 497.874 498.319 498.536 498.639 499.283 499.996 500.737 501.251 501.449 501.679 501.617 502.027 502.156 502.221 502.357 502.537 502.822 502.889 503.2 503.175 503.218 503.582 503.719 504.269 504.465 504.672 505.113 505.522 506.04 506.341 506.658 507.161 507.784 508.216 508.6 508.87 509.007 509.047 509.485 510.032 510.802 511.469 512.22 513.221 513.225 512.899 512.802 513.273 513.38 513.795 514.969 515.626 516.143 517.086 517.442 517.665 518.112 518.568 518.992 519.252 519.484
492.953 493.545 494.206 495.118 495.902 496.784 496.919 497.536 498.045 498.576 499.19 499.97 500.503 501.028 501.37 501.515 501.45 501.896 502.072 502.172 502.332 502.307 502.572 502.801 502.84 502.867 502.926 503.117 503.426 503.685 503.848 504.153 504.471 504.89 505.372 505.87 506.34 506.891 507.314 507.628 508.035 508.311 508.568 508.821 509.002 509.983 510.631 511.061 511.835 512.327 512.566 512.088 511.786 512.718 512.839 513.663 514.74 516.04 516.62 516.96 517.207 517.621 517.983 518.272 518.663 519.144 519.263
493.014 493.532 494.191 495.153 495.885 496.447 496.687 497.187 497.804 498.585 499.318 499.876 500.41 500.677 500.726 500.876 501.178 501.375 501.494 501.534 501.624 501.807 501.892 502.201 502.283 502.49 502.614 502.824 503.033 503.347 503.613 503.943 504.382 504.691 505.156 505.543 506.056 506.736 507.09 507.402 507.749 507.975 508.357 508.511 508.72 509.584 510.04 509.751 510.313 510.89 511.698 511.083 511.104 512.347 513.451 514.449 515.857 516.18 516.51 516.803 517.145 517.649 517.808 518.225 518.686 518.931 519.093
493.032 493.508 494.316 494.714 495.188 495.873 496.461 496.997 497.617 498.259 498.714 499.72 500.016 500.233 500.402 500.675 500.905 501.067 501.177 501.362 501.553 501.523 501.671 501.903 502.072 502.345 502.411 502.516 502.708 502.851 503.393 503.658 503.98 504.391 504.794 505.082 505.613 506.122 506.529 507.014 507.173 507.576 507.767 508.013 508.492 509.209 508.836 508.809 509.431 510.281 510.511 510.227 511.029 512.356 513.694 514.933 515.876 516.269 516.473 516.866 517.252 517.477 517.764 517.947 518.372 518.761 518.914
493.157 493.482 494.192 494.687 495.34 495.766 496.53 496.956 497.442 498.133 498.924 499.316 499.612 499.856 500.163 500.338 500.449 500.538 500.632 500.677 500.639 500.688 500.767 501.08 501.199 501.593 501.813 501.937 502.373 502.626 502.976 503.27 503.747 504.07 504.64 505.099 505.536 505.962 506.328 506.772 506.989 507.295 507.55 507.878 508.609 508.446 507.876 507.795 508.299 509.139 509.56 509.741 510.606 512.436 513.628 514.994 515.521 516.088 516.603 516.978 517.208 517.212 517.414 517.707 517.91 518.519 518.72
492.935 493.321 493.714 494.211 494.698 495.206 495.669 496.247 496.638 497.154 497.759 498.207 499.06 499.454 499.765 499.858 500.135 500.14 500.265 500.331 500.258 500.499 500.631 500.778 501.116 501.265 501.449 501.853 502.146 502.349 502.569 503.06 503.434 503.829 504.241 504.622 505.193 505.587 505.926 506.22 506.613 506.832 507.277 507.735 508.062 508.098 507.569 507.836 508.149 509.046 509.571 510.233 510.664 512.615 514.122 514.99 515.57 516.052 516.643 516.956 517.029 517.033 517.265 517.43 517.78 518.283 518.42
492.611 492.96 493.345 493.925 494.573 495.017 495.571 496.03 496.452 496.838 497.485 498.224 498.646 499.144 499.277 499.466 499.548 499.792 499.784 499.829 499.742 499.786 499.876 500.066 500.231 500.314 500.6 500.934 501.521 501.652 502.181 502.698 503.148 503.573 503.965 504.458 504.809 505.465 505.671 506.001 506.487 506.866 507.214 507.615 507.806 507.624 507.186 507.559 508.43 509.101 509.944 510.967 512.359 513.116 513.907 514.872 515.068 515.706 516.095 516.575 516.613 516.748 516.968 517.173 517.386 517.893 518.077
492.249 492.534 492.942 493.371 493.707 494.242 494.555 495.233 495.595 496.07 496.573 497.1 497.625 498.166 498.841 499.08 499.195 499.372 499.291 499.349 499.436 499.571 499.761 499.944 500.242 500.125 500.582 500.788 501.193 501.406 501.787 502.467 502.88 503.308 503.673 504.125 504.556 504.962 505.21 505.683 505.999 506.454 506.744 506.676 506.48 506.364 506.871 507.607 508.748 509.625 510.355 511.608 512.329 512.981 513.653 514.34 514.83 515.083 515.667 516.261 516.233 516.535 516.71 517.01 517.436 517.759 517.845
491.928 492.304 492.566 493.047 493.36 494.007 494.372 495.069 495.539 495.981 496.361 497.033 497.483 498.027 498.68 498.717 498.875 498.725 498.852 498.862 499.042 499.145 499.188 499.389 499.62 499.671 499.908 500.135 500.592 500.977 501.349 501.837 502.205 502.925 503.216 503.788 504.162 504.509 504.922 505.371 505.804 506.171 506.399 506.284 506.239 506.506 506.868 507.864 508.929 509.989 511.053 511.855 512.38 512.81 513.174 513.795 514.11 514.557 515.23 515.547 515.744 516.019 516.103 516.47 517.037 517.273 517.669
491.574 491.946 492.324 492.702 493.09 493.211 493.582 494.366 494.701 495.109 495.764 496.229 496.652 496.797 497.085 497.8 497.994 498.299 498.442 498.49 498.676 498.745 499.104 499.267 499.508 499.819 499.865 500.024 500.362 500.921 501.268 501.476 502.03 502.445 502.902 503.191 503.704 504.172 504.609 504.991 505.234 505.719 505.803 505.577 505.751 506.307 507.115 508.422 509.36 510.112 510.78 511.898 512.5 512.807 513.178 513.55 513.865 514.549 514.872 515.234 515.401 515.656 515.787 516.208 516.582 517.142 517.642
491.316 491.702 492.052 492.342 492.686 492.976 493.501 494.066 494.49 494.872 495.558 495.802 496.328 496.723 497.132 497.424 497.615 497.764 497.935 498.189 498.298 498.455 498.629 498.987 499.23 499.49 499.734 499.911 500.123 500.376 500.703 501.077 501.23 501.862 502.258 502.757 503.455 503.749 504.222 504.612 505.131 505.335 505.253 505.478 505.785 506.29 507.179 508.163 509.271 510.017 510.758 511.924 512.436 512.961 513.226 513.471 513.651 514.062 514.482 514.577 514.984 515.245 515.435 515.89 516.568 517.046 517.549
491.115 491.485 491.674 492.051 492.326 492.805 493.143 493.427 493.823 494.314 494.678 495.126 495.571 496.064 496.27 496.562 496.887 497.284 497.588 497.795 498.042 498.279 498.527 498.802 498.979 499.279 499.555 499.788 500.044 500.294 500.667 500.841 501.226 501.548 502.046 502.636 503.009 503.412 503.763 504.182 504.447 504.518 504.702 504.865 505.465 506.253 507.051 507.647 508.389 509.162 510.248 511.389 512.243 512.706 513.308 513.421 513.56 513.805 514.222 514.53 514.874 515.026 515.164 515.865 516.444 516.984 517.542
490.632 491.048 491.434 491.771 492.165 492.524 492.881 493.16 493.445 494.097 494.469 495.085 495.46 495.918 496.152 496.511 496.715 497.094 497.427 497.575 497.917 498.084 498.452 498.563 498.655 498.745 499.122 499.25 499.641 500.009 500.264 500.471 500.715 501.099 501.609 501.937 502.382 502.565 503.234 503.74 503.975 504.109 504.328 504.587 505.052 506.249 506.978 507.503 508.161 508.911 509.884 510.864 512.075 512.604 513.25 513.457 513.46 513.698 514.074 514.224 514.372 514.72 515.066 515.61 516.231 516.69 517.035
490.445 490.857 491.187 491.571 491.979 492.228 492.473 492.854 493.151 493.604 494.083 494.513 495.046 495.292 495.55 495.897 496.256 496.444 496.844 497.192 497.558 497.73 498.08 498.279 498.439 498.544 498.72 499.17 499.539 499.829 500.081 500.447 500.691 501.032 501.319 501.784 502.062 502.477 502.895 503.388 503.523 503.76 503.849 504.113 505.086 505.901 506.643 507.283 507.865 508.561 509.022 509.877 511.261 512.261 512.845 512.987 513.225 513.562 513.813 514.122 514.378 514.731 515.114 515.601 516.181 516.587 516.829
490.143 490.522 490.911 491.225 491.699 492.022 492.325 492.68 493.062 493.513 494.043 494.637 494.859 495.293 495.528 495.852 496.127 496.381 496.626 496.96 497.323 497.396 497.712 497.82 498.135 498.347 498.466 498.659 498.963 499.344 499.672 500.021 500.368 500.528 500.817 501.167 501.673 502.086 502.48 502.975 503.103 503.301 503.554 503.889 504.604 505.82 506.505 507.117 507.787 508.218 508.734 509.697 510.574 511.484 512.35 512.542 513.148 513.372 513.64 514.042 514.342 514.538 514.925 515.353 515.812 516.226 516.304
