20220701_namedtuples/mapdata/sd8878_DSM_2M.asc
ncols 500
nrows 500
xllcorner    388000
yllcorner    478000
cellsize     2
NODATA_value -9999
[rows 30 to 59 of 500, columns 68 to 135 of 500]
479.43 479.402 479.427 479.36 479.327 479.245 479.227 479.162 479.117 479.127 479.087 479.055 479.1 479.095 479.042 479.06 479.122 479.09 479.12 479.162 479.117 478.945 478.87 478.827 478.815 478.837 478.837 478.805 478.83 478.79 478.842 478.682 477.95 477.307 477.195 477.545 478.365 478.675 478.327 478.037 477.975 477.932 477.59 477.042 477.295 477.992 478.425 478.6 478.805 478.452 477.685 477.707 478.177 478.567 478.902 479.18 479.18 479.152 479.29 479.352 479.39 479.39 479.415 479.432 479.377 479.017 478.502 478.397
479.725 479.697 479.645 479.622 479.58 479.545 479.547 479.492 479.45 479.44 479.397 479.4 479.43 479.427 479.397 479.39 479.43 479.45 479.435 479.43 479.415 479.345 479.172 479.065 479.087 479.107 479.117 479.065 479.06 479.1 479.142 479.055 478.555 477.922 477.807 478.11 478.585 479.017 479.002 478.855 478.652 478.307 477.805 477.547 477.722 478.087 478.61 479.075 479.242 478.58 477.852 477.952 478.45 478.94 479.247 479.51 479.435 479.417 479.485 479.475 479.49 479.452 479.482 479.56 479.495 479.145 478.677 478.49
480.092 479.997 480.03 479.975 479.94 479.902 479.865 479.837 479.795 479.802 479.697 479.712 479.745 479.757 479.707 479.675 479.75 479.745 479.717 479.682 479.642 479.572 479.397 479.312 479.32 479.302 479.302 479.32 479.382 479.387 479.41 479.402 479.192 478.76 478.61 478.78 478.857 479.31 479.545 479.532 479.33 478.985 478.555 478.262 478.3 478.637 479.117 479.632 479.74 479.055 478.675 478.762 479.025 479.302 479.577 479.77 479.745 479.707 479.687 479.675 479.78 479.742 479.715 479.745 479.752 479.595 479.172 478.982
480.375 480.307 480.302 480.295 480.257 480.295 480.285 480.23 480.205 480.23 480.17 480.167 480.17 480.102 480.125 480.095 480.17 480.055 479.962 479.937 479.867 479.765 479.607 479.542 479.57 479.525 479.517 479.587 479.902 479.737 479.707 479.682 479.632 479.447 479.247 479.235 479.262 479.652 479.965 479.997 479.91 479.672 479.307 479.125 478.982 479.137 479.455 479.937 479.927 479.52 479.362 479.435 479.582 479.692 479.89 480.045 480.145 480.09 480.07 480.027 480.127 480 479.972 479.965 480.017 479.942 479.83 479.662
480.712 480.722 480.725 480.74 480.717 480.752 480.757 480.727 480.675 480.702 480.722 480.705 480.67 480.577 480.525 480.495 480.397 480.155 479.835 479.91 479.987 479.895 479.817 479.79 479.792 479.787 479.822 479.925 479.927 479.917 479.917 479.95 479.955 479.87 479.695 479.672 479.757 480.05 480.197 480.32 480.375 480.25 479.882 479.667 479.55 479.61 479.852 480.192 480.182 479.962 479.912 480.045 480.167 480.17 480.172 480.315 480.39 480.39 480.385 480.347 480.412 480.282 480.255 480.225 480.27 480.282 480.222 480.167
481.127 481.14 481.15 481.282 481.285 481.25 481.25 481.245 481.247 481.237 481.252 481.182 481.107 481.037 480.952 480.67 480.212 479.502 479.042 479.232 479.807 479.962 479.842 479.777 479.815 479.862 480.135 480.332 480.245 480.155 480.2 480.217 480.252 480.197 480.125 480.16 480.15 480.252 480.405 480.54 480.612 480.602 480.41 480.162 480.115 480.192 480.345 480.552 480.552 480.38 480.305 480.362 480.352 480.415 480.53 480.642 480.645 480.64 480.65 480.59 480.545 480.482 480.447 480.452 480.475 480.537 480.507 480.4
481.582 481.655 481.677 481.76 481.797 481.78 481.815 481.79 481.767 481.772 481.75 481.67 481.59 481.467 481.29 480.777 479.972 478.992 478.195 478.662 479.625 479.99 479.94 479.787 479.815 479.89 480.317 480.562 480.59 480.587 480.562 480.545 480.52 480.422 480.38 480.537 480.582 480.547 480.655 480.827 480.902 480.905 480.802 480.582 480.477 480.532 480.767 480.967 480.85 480.712 480.612 480.575 480.537 480.64 480.837 481.07 481.027 480.947 480.897 480.82 480.68 480.63 480.607 480.577 480.615 480.705 480.687 480.605
482.025 482.095 482.182 482.245 482.272 482.287 482.33 482.38 482.33 482.26 482.21 482.177 482.117 481.977 481.655 480.975 479.995 479.055 478.537 478.972 479.525 480.15 480.23 479.795 479.685 480.155 480.665 480.88 480.895 481.057 480.987 480.88 480.785 480.69 480.712 480.835 480.95 480.952 480.937 481.065 481.222 481.222 481.25 481.245 480.99 481.107 481.31 481.33 481.26 481.162 480.997 480.87 480.902 481.015 481.135 481.352 481.355 481.257 481.18 481.082 480.872 480.787 480.775 480.772 480.847 480.877 480.832 480.762
482.472 482.525 482.637 482.717 482.722 482.752 482.812 482.8 482.77 482.755 482.702 482.64 482.562 482.407 482.062 481.337 480.317 479.295 479.047 479.42 480.06 480.742 480.715 480.307 480.117 480.59 481.005 481.07 481.25 481.262 481.212 481.12 481.03 480.952 481.037 481.197 481.25 481.227 481.24 481.335 481.355 481.467 481.58 481.655 481.55 481.617 481.797 481.707 481.765 481.495 481.36 481.255 481.275 481.395 481.55 481.65 481.617 481.522 481.427 481.325 481.125 480.982 481.012 480.985 481.085 481.107 481.042 481.002
482.867 482.907 483.04 483.177 483.21 483.187 483.24 483.245 483.247 483.207 483.152 483.07 482.985 482.847 482.45 481.86 480.88 479.747 479.262 479.965 480.81 481.307 481.262 481.037 480.895 481.107 481.352 481.525 481.64 481.517 481.425 481.355 481.287 481.247 481.325 481.455 481.57 481.52 481.53 481.612 481.68 481.747 481.797 481.902 481.877 482.025 482.067 482.005 481.987 481.947 481.9 481.915 481.78 481.82 481.9 481.957 481.895 481.772 481.67 481.555 481.445 481.31 481.277 481.295 481.3 481.25 481.195 481.177
483.182 483.267 483.417 483.445 483.567 483.597 483.635 483.637 483.66 483.605 483.565 483.467 483.367 483.272 482.912 482.295 481.632 481.135 480.752 481.037 481.627 481.89 481.812 481.727 481.63 481.705 481.847 481.992 481.995 481.757 481.44 480.937 481.267 481.46 481.712 481.827 481.867 481.797 481.797 481.915 481.985 482.105 482.177 482.155 482.17 482.255 482.455 482.38 482.3 482.285 482.36 482.375 482.212 482.16 482.217 482.32 482.245 482.095 481.925 481.837 481.735 481.637 481.625 481.587 481.515 481.445 481.385 481.335
483.497 483.542 483.657 483.81 483.895 483.975 483.977 484.017 484.037 483.985 483.927 483.882 483.845 483.76 483.47 482.972 482.425 482.097 482.097 482.082 482.317 482.47 482.337 482.22 482.115 482.197 482.417 482.432 482.275 482.042 481.132 480.05 480.27 481.16 481.885 482.172 482.207 482.087 482.05 482.212 482.33 482.38 482.515 482.555 482.577 482.54 482.612 482.675 482.695 482.677 482.62 482.647 482.657 482.58 482.522 482.66 482.617 482.415 482.295 482.137 482.062 481.955 481.935 481.907 481.775 481.66 481.557 481.487
483.84 483.852 483.987 484.1 484.18 484.265 484.417 484.35 484.35 484.337 484.33 484.295 484.265 484.13 484.022 483.715 483.235 482.967 482.877 482.955 483.125 483.192 482.892 482.772 482.737 482.815 482.84 482.715 482.702 482.125 480.855 479.595 479.677 480.71 481.795 482.517 482.572 482.455 482.445 482.48 482.605 482.742 482.825 482.8 482.82 482.862 482.837 482.865 482.895 482.975 482.975 482.94 482.927 482.837 482.82 482.942 482.952 482.745 482.587 482.472 482.43 482.352 482.2 482.165 481.995 481.917 481.877 481.795
484.137 484.165 484.27 484.39 484.425 484.505 484.635 484.68 484.677 484.65 484.675 484.61 484.6 484.542 484.435 484.322 484.137 484.012 483.955 483.912 483.945 483.917 483.77 483.537 483.482 483.367 483.43 483.122 482.795 481.822 481.01 480.372 480.147 480.847 481.745 482.692 482.952 482.92 482.855 482.885 483.05 483.12 483.142 483.167 483.202 483.16 483.13 483.107 483.11 483.225 483.252 483.267 483.262 483.175 483.142 483.15 483.242 483.157 482.982 482.772 482.732 482.652 482.487 482.422 482.355 482.222 482.125 482.102
484.41 484.507 484.587 484.697 484.745 484.822 484.937 484.945 485.025 485.007 485.007 484.957 484.947 484.9 484.867 484.785 484.697 484.657 484.595 484.5 484.51 484.44 484.367 484.215 484.057 483.867 483.782 483.465 482.97 482.16 481.562 481.105 481.005 481.252 481.96 482.925 483.355 483.372 483.35 483.33 483.48 483.567 483.517 483.552 483.52 483.512 483.415 483.42 483.417 483.467 483.53 483.55 483.512 483.62 483.53 483.51 483.547 483.385 483.227 483.167 483.157 482.98 482.837 482.71 482.72 482.697 482.575 482.465
484.782 484.85 485.005 485.027 485.057 485.16 485.232 485.305 485.315 485.36 485.362 485.347 485.317 485.272 485.342 485.192 485.142 485.155 485 484.912 484.915 484.802 484.79 484.707 484.502 484.3 484.297 483.842 483.302 482.697 482.217 481.895 481.787 481.872 482.425 483.312 483.76 483.8 483.822 483.78 483.89 483.93 483.92 483.927 483.892 483.947 483.9 483.902 483.747 483.88 483.91 483.835 483.807 483.877 483.872 483.86 483.762 483.577 483.587 483.552 483.467 483.34 483.127 483.037 482.92 482.925 482.887 482.797
485.22 485.252 485.277 485.39 485.495 485.512 485.57 485.612 485.667 485.695 485.74 485.73 485.717 485.662 485.595 485.547 485.54 485.495 485.35 485.325 485.245 485.187 485.145 485.055 484.877 484.785 484.635 484.315 483.855 483.24 482.917 482.77 482.657 482.712 482.997 483.755 484.107 484.227 484.19 484.145 484.205 484.215 484.192 484.192 484.215 484.352 484.27 484.247 484.165 484.115 484.082 484.095 484.142 484.247 484.352 484.25 484.192 484.01 483.942 483.89 483.785 483.687 483.567 483.425 483.26 483.182 483.197 483.132
485.71 485.752 485.782 485.782 485.87 485.932 485.96 486.017 486.075 486.072 486.075 486.062 486.052 486.002 485.965 485.907 485.895 485.822 485.725 485.687 485.567 485.532 485.505 485.382 485.272 485.142 484.897 484.7 484.265 483.96 483.677 483.567 483.43 483.315 483.475 484.165 484.542 484.62 484.51 484.502 484.545 484.512 484.435 484.457 484.557 484.61 484.612 484.645 484.52 484.462 484.455 484.497 484.63 484.705 484.732 484.705 484.642 484.6 484.517 484.332 484.172 484.017 483.857 483.775 483.605 483.52 483.467 483.445
486.217 486.202 486.217 486.26 486.267 486.345 486.41 486.465 486.467 486.415 486.42 486.402 486.382 486.355 486.272 486.26 486.295 486.15 486.065 485.977 485.822 485.8 485.745 485.645 485.612 485.567 485.192 485.107 484.872 484.625 484.29 484.225 484.142 483.925 484.115 484.562 484.835 484.977 484.997 484.902 484.905 484.845 484.787 484.782 484.842 484.89 484.942 484.96 484.92 484.917 484.957 485.015 485.072 485.062 485.087 485.127 485.085 485.055 485.047 484.852 484.662 484.462 484.335 484.165 484.022 483.985 483.912 483.78
486.69 486.632 486.637 486.707 486.725 486.77 486.752 486.737 486.847 486.78 486.745 486.745 486.725 486.647 486.627 486.547 486.55 486.435 486.36 486.277 486.217 486.117 486.032 485.887 485.9 485.772 485.56 485.467 485.332 485.207 485.022 484.967 484.89 484.59 484.73 484.967 485.122 485.287 485.382 485.31 485.302 485.267 485.235 485.22 485.317 485.295 485.36 485.367 485.327 485.365 485.435 485.54 485.465 485.452 485.482 485.512 485.527 485.415 485.35 485.275 485.057 484.882 484.775 484.625 484.45 484.347 484.262 484.255
487.217 487.17 487.117 487.13 487.147 487.16 487.18 487.157 487.16 487.115 487.127 487.085 487.052 486.985 486.962 486.865 486.812 486.74 486.67 486.617 486.517 486.49 486.26 486.265 486.275 486.2 485.98 485.907 485.8 485.675 485.59 485.6 485.5 485.152 485.267 485.392 485.525 485.752 485.852 485.82 485.697 485.625 485.562 485.55 485.63 485.737 485.777 485.777 485.71 485.702 485.782 485.765 485.835 485.792 485.82 485.927 485.962 485.807 485.602 485.48 485.407 485.287 485.092 484.945 484.847 484.75 484.68 484.67
487.732 487.665 487.612 487.612 487.607 487.612 487.62 487.575 487.53 487.447 487.472 487.477 487.395 487.29 487.305 487.182 487.185 487.077 487.035 486.937 486.932 486.832 486.807 486.73 486.632 486.57 486.385 486.217 486.117 486.042 486.045 485.932 485.857 485.757 485.77 485.762 485.965 486.2 486.23 486.215 486.09 486.027 485.982 485.95 485.945 486.042 486.06 486.087 486.062 486.07 486.09 486.112 486.187 486.232 486.245 486.262 486.277 486.16 485.965 485.917 485.815 485.65 485.57 485.355 485.262 485.217 485.075 485.067
488.217 488.172 488.095 488.05 488.035 488.025 488.01 487.962 487.895 487.87 487.822 487.74 487.707 487.687 487.605 487.52 487.445 487.397 487.355 487.212 487.185 487.135 487.11 487.067 487.025 487.052 486.77 486.642 486.56 486.455 486.52 486.422 486.232 486.107 486.115 486.237 486.372 486.575 486.617 486.532 486.502 486.422 486.352 486.327 486.352 486.35 486.43 486.385 486.332 486.307 486.45 486.527 486.49 486.535 486.515 486.51 486.515 486.397 486.325 486.27 486.175 486.135 485.985 485.772 485.65 485.59 485.505 485.435
488.687 488.69 488.572 488.535 488.485 488.42 488.357 488.315 488.252 488.217 488.135 488.037 487.982 488.02 488.082 488.017 487.815 487.72 487.63 487.56 487.47 487.302 487.337 487.32 487.407 487.217 487.142 487.082 486.97 486.922 486.887 486.79 486.665 486.625 486.577 486.647 486.797 486.882 486.955 486.925 486.87 486.827 486.775 486.747 486.755 486.687 486.69 486.685 486.725 486.845 486.895 486.765 486.762 486.812 486.772 486.67 486.64 486.637 486.58 486.61 486.472 486.385 486.277 486.095 485.98 485.922 485.89 485.847
489.135 489.097 489.042 488.935 488.895 488.84 488.77 488.725 488.632 488.517 488.435 488.35 488.285 488.227 488.342 488.38 488.13 488.052 487.972 487.922 487.76 487.617 487.585 487.557 487.77 487.61 487.545 487.477 487.407 487.36 487.275 487.18 487.007 486.967 486.947 486.995 487.057 487.155 487.222 487.255 487.215 487.247 487.225 487.22 487.122 486.932 487 486.98 486.965 487.115 487.072 487.055 487.067 487.162 487.132 487.055 487.02 487 486.992 486.915 486.837 486.67 486.545 486.355 486.357 486.377 486.3 486.242
489.61 489.572 489.457 489.32 489.27 489.207 489.157 489.08 488.962 488.857 488.785 488.682 488.605 488.572 488.547 488.52 488.432 488.42 488.332 488.325 488.087 487.95 487.897 487.972 488.12 488.01 487.942 487.922 487.805 487.775 487.615 487.52 487.487 487.342 487.27 487.3 487.377 487.437 487.515 487.607 487.622 487.682 487.652 487.61 487.522 487.255 487.327 487.285 487.345 487.485 487.59 487.557 487.412 487.452 487.485 487.547 487.505 487.397 487.317 487.217 487.117 486.99 486.865 486.742 486.712 486.697 486.662 486.565
490.01 489.945 489.867 489.765 489.677 489.615 489.545 489.445 489.312 489.207 489.072 489.005 488.91 488.86 488.895 488.842 488.792 488.797 488.86 488.762 488.515 488.377 488.305 488.432 488.557 488.46 488.422 488.397 488.27 488.122 487.96 487.982 487.835 487.71 487.612 487.667 487.682 487.675 487.74 487.825 487.97 488.035 487.947 487.872 487.745 487.672 487.662 487.747 487.8 487.83 487.905 487.875 487.805 487.597 487.657 487.757 487.745 487.957 487.875 487.585 487.447 487.355 487.207 487.057 487.03 487 486.985 486.92
490.415 490.325 490.232 490.155 490.06 490.017 489.937 489.812 489.702 489.585 489.452 489.322 489.262 489.152 489.122 489.185 489.215 489.16 489.13 489.19 488.85 488.792 488.752 488.82 489.1 488.865 488.882 488.867 488.682 488.502 488.387 488.355 488.242 488.122 487.937 487.942 488.007 488.017 488.067 488.137 488.31 488.367 488.242 488.15 488.11 488.025 488.072 488.177 488.147 488.232 488.122 488.11 488.05 487.915 487.802 487.865 487.93 488.11 488.15 487.97 487.81 487.657 487.687 487.65 487.535 487.447 487.357 487.27
490.7 490.712 490.637 490.537 490.485 490.437 490.335 490.237 490.14 489.947 489.805 489.702 489.627 489.56 489.517 489.557 489.48 489.55 489.505 489.48 489.242 489.23 489.245 489.245 489.332 489.337 489.282 489.195 489.105 488.98 488.82 488.735 488.555 488.395 488.312 488.302 488.31 488.382 488.44 488.5 488.61 488.617 488.547 488.542 488.512 488.462 488.57 488.657 488.585 488.592 488.522 488.45 488.4 488.162 488.035 488.05 488.127 488.127 488.1 488.057 488.137 488.175 488.13 488.032 487.935 487.815 487.732 487.642
491.1 490.977 490.995 490.932 490.857 490.777 490.71 490.625 490.535 490.345 490.235 490.092 489.977 489.917 489.9 489.865 489.84 489.937 489.752 489.645 489.555 489.535 489.577 489.645 489.74 489.65 489.572 489.575 489.55 489.452 489.23 489.135 488.925 488.797 488.757 488.755 488.765 488.84 488.835 488.895 488.922 488.925 488.91 488.922 488.932 488.935 488.895 488.997 488.995 488.917 488.9 488.835 488.772 488.482 488.367 488.31 488.255 488.222 488.147 488.202 488.337 488.385 488.4 488.36 488.28 488.167 488.067 487.885
