20220701_namedtuples/mapdata/sd8876_DSM_2M.asc
ncols 500
nrows 500
xllcorner    388000
yllcorner    476000
cellsize     2
NODATA_value -9999
[rows 90 to 119 of 500, columns 402 to 468 of 500]
514.404 514.878 515.383 516.176 516.888 517.401 517.971 518.571 519.049 519.643 519.749 519.906 520.316 520.703 520.979 521.503 521.691 521.806 522.046 522.154 522.344 522.946 523.206 523.244 523.198 523.049 522.976 522.811 523.071 523.118 523.434 524.106 524.789 525.286 525.628 526.056 526.721 527.401 527.948 528.466 528.686 528.486 528.193 527.779 527.378 527.008 527.236 527.406 527.543 527.673 527.943 528.383 528.846 529.223 529.446 529.553 529.621 529.938 530.308 530.631 530.886 531.046 531.231 531.291 531.356 531.612 532.228
514.046 514.698 515.046 515.708 516.406 517.164 517.724 518.216 518.704 519.176 519.536 519.659 519.936 520.458 520.451 520.841 521.236 521.426 521.604 521.503 521.523 521.979 522.151 522.233 522.648 522.896 522.841 522.791 522.934 523.073 523.148 523.416 524.061 524.671 525.179 525.448 525.986 526.609 527.159 527.583 528.136 528.371 528.184 527.816 527.341 526.868 527.066 527.231 527.341 527.503 527.756 528.121 528.508 528.811 528.906 528.971 529.376 529.898 530.301 530.508 530.688 530.846 530.986 531.103 531.201 531.403 531.771
513.586 514.286 514.969 515.363 515.898 516.648 517.391 517.916 518.416 518.831 519.091 519.451 519.568 520.143 520.364 520.266 520.618 520.888 521.221 521.156 520.956 521.328 521.581 521.518 521.781 522.383 522.753 522.609 522.539 522.904 523.074 523.443 523.861 524.169 524.666 525.016 525.446 525.956 526.398 526.878 527.176 527.614 527.804 527.601 527.169 526.703 526.741 526.951 527.121 527.248 527.503 527.811 528.066 528.268 528.356 528.668 529.343 529.913 530.151 530.236 530.446 530.591 530.713 530.866 531.016 531.143 531.528
513.529 513.948 514.659 515.216 515.701 516.241 516.854 517.328 517.791 518.314 518.583 518.924 519.214 519.436 519.911 520.141 520.421 520.566 520.744 520.919 520.896 520.831 520.969 521.059 521.146 521.518 522.104 522.186 521.906 522.503 522.636 523.029 523.596 523.964 524.309 524.621 524.971 525.371 525.846 526.268 526.299 526.616 526.961 527.151 526.924 526.521 526.323 526.666 526.821 526.926 527.181 527.401 527.561 527.903 528.188 528.513 529.206 529.671 529.838 529.943 530.156 530.251 530.426 530.583 530.826 531.066 531.366
513.758 514.106 514.436 514.953 515.481 515.994 516.489 516.934 517.294 517.711 518.091 518.434 518.708 518.833 519.073 519.856 520.263 520.224 520.289 520.476 520.659 520.604 520.314 520.388 520.486 520.723 521.219 521.604 521.581 521.934 522.344 522.651 523.126 523.609 523.993 524.156 524.476 524.819 525.133 525.636 525.819 526.061 526.203 526.486 526.523 526.031 525.856 526.314 526.446 526.553 526.591 526.911 527.481 527.756 528.091 528.371 528.811 529.333 529.443 529.658 529.786 529.883 530.136 530.356 530.571 530.851 531.123
513.828 514.286 514.436 514.648 515.231 515.689 516.154 516.651 516.931 517.289 517.711 518.081 518.426 518.426 518.369 518.964 519.556 519.671 519.636 519.828 520.109 520.131 519.806 519.871 519.998 520.164 520.686 521.224 521.306 521.551 521.906 522.396 522.628 523.031 523.481 523.811 524.034 524.341 524.504 524.919 525.291 525.618 525.684 525.883 525.819 525.376 525.311 525.848 525.986 526.031 526.351 526.796 527.248 527.636 527.938 528.186 528.493 528.913 529.183 529.376 529.548 529.648 529.923 530.168 530.418 530.726 530.916
513.996 514.221 514.424 514.513 514.904 515.421 515.824 516.336 516.818 517.058 517.474 517.888 518.141 518.176 517.994 518.188 518.479 518.779 518.896 518.998 519.221 519.708 519.623 519.544 519.738 519.871 520.111 520.651 520.919 521.051 521.246 521.529 522.023 522.569 522.826 523.216 523.569 523.936 524.266 524.374 524.638 525.008 525.148 525.156 524.941 524.526 524.719 525.279 525.476 525.831 526.263 526.691 527.108 527.518 527.801 527.996 528.288 528.598 528.853 529.086 529.306 529.491 529.728 529.968 530.216 530.576 530.821
513.946 514.243 514.471 514.551 514.686 515.016 515.466 516.064 516.501 516.836 517.138 517.446 517.711 517.721 517.669 517.728 517.859 518.023 518.306 518.513 518.589 519.013 519.351 519.448 519.529 519.599 519.724 520.056 520.299 520.469 520.748 521.083 521.458 521.914 522.253 522.674 523.171 523.563 523.851 524.104 524.289 524.448 524.549 524.386 524.073 523.741 524.311 525.064 525.403 525.908 526.326 526.648 526.978 527.413 527.618 527.878 528.141 528.343 528.606 528.831 529.091 529.321 529.538 529.738 530.006 530.441 530.721
514.206 514.391 514.586 514.739 514.751 514.898 515.186 515.599 516.159 516.424 516.696 516.948 517.156 517.316 517.391 517.448 517.569 517.659 517.836 518.109 518.273 518.636 518.956 519.229 519.351 519.498 519.671 519.776 519.904 520.039 520.356 520.831 521.286 521.633 521.988 522.391 522.831 523.164 523.531 523.811 523.926 524.076 523.976 523.531 523.279 523.526 524.156 524.993 525.413 525.886 526.291 526.568 526.881 527.263 527.516 527.828 528.028 528.218 528.403 528.696 528.936 529.128 529.331 529.521 529.788 530.223 530.526
514.243 514.531 514.661 514.816 514.901 514.919 515.056 515.356 515.741 516.046 516.326 516.586 516.816 517.031 517.148 517.281 517.411 517.453 517.589 517.789 518.064 518.371 518.726 518.961 519.151 519.326 519.511 519.641 519.731 519.839 520.104 520.486 521.094 521.536 521.911 522.203 522.349 522.581 522.836 523.071 523.228 523.268 523.161 522.991 523.286 523.611 524.419 525.054 525.528 525.848 526.298 526.528 526.793 527.168 527.388 527.716 527.951 528.158 528.246 528.436 528.698 528.836 529.128 529.361 529.643 529.916 530.131
514.371 514.614 514.769 514.914 514.964 515.056 515.099 515.206 515.419 515.701 515.961 516.256 516.531 516.854 516.999 517.096 517.166 517.324 517.564 517.646 517.889 518.209 518.511 518.729 518.909 519.121 519.316 519.519 519.616 519.791 520.004 520.269 520.669 521.139 521.564 521.779 521.761 521.949 522.146 522.334 522.489 522.639 522.774 522.896 523.349 524.001 524.634 525.159 525.534 525.896 526.248 526.559 526.766 527.003 527.219 527.591 527.864 528.041 528.116 528.226 528.426 528.621 528.811 529.081 529.256 529.526 529.741
514.524 514.656 514.776 514.941 515.036 515.111 515.179 515.199 515.279 515.444 515.614 515.879 516.174 516.516 516.754 516.796 516.979 517.086 517.339 517.536 517.769 518.024 518.321 518.509 518.669 518.861 519.039 519.241 519.396 519.641 519.839 520.096 520.364 520.644 520.884 521.009 521.301 521.381 521.576 521.969 522.301 522.649 523.026 523.416 523.876 524.386 524.786 525.166 525.479 525.733 526.049 526.243 526.494 526.736 527.069 527.486 527.738 527.861 527.943 527.991 528.196 528.344 528.599 528.771 529.003 529.251 529.541
514.614 514.746 514.781 514.901 515.046 515.131 515.281 515.531 515.649 515.759 515.809 515.779 516.044 516.266 516.346 516.614 516.784 516.959 517.199 517.416 517.644 517.894 518.146 518.351 518.506 518.674 518.786 518.991 519.154 519.296 519.446 519.681 519.954 520.144 520.319 520.639 520.871 521.249 521.809 522.411 522.894 523.131 523.616 524.081 524.219 524.516 524.799 525.111 525.366 525.578 525.828 525.988 526.154 526.396 526.731 527.291 527.539 527.688 527.739 527.841 528.044 528.176 528.346 528.526 528.646 529.013 529.458
514.619 514.704 514.816 514.974 515.104 515.219 515.391 515.589 515.826 516.086 516.164 516.039 515.981 516.336 516.414 516.541 516.739 516.976 517.151 517.309 517.479 517.639 517.936 518.126 518.371 518.514 518.646 518.764 518.856 518.959 519.096 519.386 519.699 519.911 520.174 520.411 520.724 521.381 522.096 522.654 523.129 523.414 523.599 523.896 524.159 524.354 524.566 524.949 525.226 525.378 525.571 525.729 525.934 526.099 526.424 526.998 527.393 527.516 527.566 527.626 527.761 527.941 528.081 528.258 528.406 528.786 529.241
514.629 514.779 514.906 515.056 515.241 515.394 515.529 515.651 515.869 516.246 516.516 516.566 516.576 516.659 516.684 516.776 516.864 516.971 517.194 517.359 517.524 517.599 517.676 517.831 518.021 518.251 518.381 518.524 518.669 518.816 519.071 519.349 519.611 519.836 520.144 520.509 520.931 521.566 522.044 522.416 522.779 523.131 523.331 523.599 523.891 524.081 524.241 524.641 524.969 525.171 525.349 525.526 525.691 525.823 526.116 526.611 527.018 527.318 527.373 527.409 527.516 527.611 527.831 528.061 528.319 528.609 528.956
514.624 514.839 514.999 515.174 515.356 515.544 515.731 515.806 515.979 516.261 516.616 516.856 516.899 517.004 517.104 517.214 517.356 517.406 517.419 517.499 517.554 517.621 517.719 517.871 517.959 518.126 518.239 518.396 518.604 518.844 519.104 519.256 519.381 519.711 520.121 520.501 520.951 521.449 521.846 522.201 522.469 522.736 523.011 523.311 523.586 523.786 523.931 524.329 524.651 524.864 525.083 525.243 525.398 525.559 525.768 526.186 526.616 527.021 527.229 527.248 527.161 527.391 527.696 527.934 528.161 528.436 528.773
514.654 514.836 515.044 515.251 515.474 515.649 515.856 516.029 516.191 516.409 516.639 516.931 517.174 517.291 517.481 517.611 517.771 517.966 517.951 517.931 517.814 517.844 517.914 517.999 518.066 518.181 518.241 518.456 518.659 518.891 519.109 519.134 519.304 519.634 520.076 520.421 520.796 521.204 521.541 521.911 522.231 522.451 522.699 522.976 523.274 523.489 523.606 524.001 524.316 524.581 524.779 524.956 525.059 525.219 525.568 525.914 526.376 526.796 526.919 526.866 526.929 527.284 527.606 527.873 528.021 528.248 528.554
514.599 514.839 515.086 515.374 515.626 515.869 516.074 516.276 516.406 516.561 516.799 517.011 517.286 517.591 517.684 517.861 518.089 518.354 518.379 518.276 518.249 518.276 518.299 518.256 518.239 518.291 518.321 518.506 518.616 518.731 518.801 518.934 519.179 519.451 519.821 520.151 520.539 520.869 521.119 521.411 521.741 522.081 522.394 522.659 522.924 523.191 523.394 523.691 523.993 524.268 524.444 524.601 524.749 524.936 525.291 525.681 526.131 526.471 526.684 526.601 526.846 527.176 527.401 527.659 527.861 528.096 528.364
514.686 514.974 515.256 515.594 515.899 516.114 516.316 516.524 516.586 516.724 516.991 517.239 517.501 517.826 517.991 518.009 518.184 518.439 518.564 518.469 518.366 518.519 518.546 518.479 518.434 518.394 518.391 518.496 518.584 518.639 518.681 518.774 518.839 519.076 519.394 519.776 520.176 520.469 520.734 520.974 521.309 521.699 522.071 522.376 522.681 522.989 523.204 523.421 523.689 523.979 524.189 524.333 524.464 524.679 525.036 525.419 525.753 526.116 526.328 526.301 526.501 526.859 527.141 527.409 527.669 527.998 528.316
515.056 515.364 515.664 515.829 515.979 516.181 516.314 516.486 516.581 516.704 516.931 517.304 517.539 517.861 518.134 518.314 518.334 518.361 518.501 518.506 518.441 518.574 518.621 518.614 518.596 518.494 518.444 518.476 518.516 518.559 518.626 518.639 518.624 518.729 519.036 519.376 519.754 520.056 520.329 520.611 520.991 521.416 521.924 522.196 522.431 522.746 523.011 523.234 523.549 523.786 523.929 524.054 524.244 524.461 524.828 525.194 525.508 525.791 526.034 526.034 526.234 526.641 526.951 527.248 527.641 527.994 528.206
515.641 515.771 515.736 515.471 515.431 515.679 516.046 516.274 516.364 516.374 516.671 516.989 517.364 517.706 518.124 518.394 518.434 518.289 518.349 518.456 518.556 518.674 518.664 518.639 518.569 518.504 518.471 518.451 518.446 518.554 518.561 518.509 518.516 518.589 518.754 519.006 519.304 519.541 519.909 520.381 520.829 521.256 521.684 521.964 522.196 522.539 522.816 523.006 523.341 523.596 523.646 523.821 524.049 524.206 524.594 524.951 525.261 525.523 525.751 525.811 526.131 526.534 526.811 527.123 527.498 527.766 528.128
515.351 514.996 514.784 514.954 514.976 515.249 515.636 515.859 516.111 516.236 516.531 516.854 517.121 517.444 517.934 518.209 518.181 518.109 518.304 518.414 518.544 518.659 518.714 518.704 518.609 518.479 518.436 518.406 518.379 518.476 518.536 518.531 518.481 518.574 518.644 518.799 518.991 519.259 519.726 520.216 520.644 521.074 521.414 521.686 521.906 522.209 522.526 522.754 522.998 523.208 523.329 523.521 523.779 523.981 524.296 524.661 524.866 525.136 525.326 525.521 525.909 526.266 526.594 526.919 527.301 527.604 528.069
513.821 513.746 513.814 514.241 514.686 515.104 515.221 515.269 515.556 515.746 516.099 516.551 516.999 517.396 517.614 517.481 517.646 517.749 518.111 518.391 518.561 518.681 518.854 518.736 518.599 518.499 518.396 518.314 518.349 518.471 518.421 518.501 518.466 518.506 518.604 518.701 518.786 519.066 519.486 519.916 520.336 520.771 521.076 521.396 521.676 521.971 522.186 522.404 522.666 522.823 523.008 523.251 523.534 523.806 524.008 524.331 524.526 524.734 524.976 525.281 525.684 526.026 526.351 526.714 527.064 527.494 527.906
512.871 513.216 513.344 513.561 513.929 514.514 514.869 515.029 515.469 515.766 515.954 516.319 516.826 516.956 516.806 517.036 517.376 517.651 517.904 518.249 518.501 518.486 518.749 518.746 518.526 518.466 518.386 518.289 518.276 518.309 518.364 518.334 518.394 518.444 518.541 518.596 518.704 518.801 519.189 519.556 519.991 520.466 520.799 521.044 521.374 521.624 521.781 522.039 522.268 522.474 522.659 522.956 523.299 523.498 523.623 524.001 524.221 524.429 524.756 525.013 525.409 525.826 526.148 526.536 526.906 527.434 527.874
512.206 512.809 513.104 513.276 513.591 514.049 514.556 514.816 515.109 515.489 515.679 515.874 515.844 516.116 516.411 516.806 517.166 517.419 517.716 518.001 518.249 518.291 518.506 518.564 518.434 518.374 518.349 518.229 518.214 518.256 518.251 518.249 518.284 518.286 518.304 518.414 518.474 518.616 518.926 519.321 519.804 520.226 520.549 520.766 520.976 521.159 521.374 521.626 521.939 522.133 522.354 522.643 522.964 523.141 523.291 523.521 523.881 524.171 524.513 524.786 525.191 525.679 525.948 526.424 526.919 527.421 527.811
511.766 512.001 512.296 512.646 513.136 513.761 514.199 514.409 514.749 515.074 515.486 515.604 515.506 515.594 516.131 516.486 516.871 517.266 517.644 517.844 517.966 517.876 518.351 518.459 518.321 518.286 518.184 518.161 518.124 518.136 518.166 518.139 518.139 518.129 518.144 518.199 518.219 518.391 518.719 519.196 519.636 519.949 520.186 520.404 520.676 520.836 521.061 521.324 521.611 521.974 522.146 522.419 522.638 522.823 522.934 523.086 523.518 523.943 524.299 524.606 525.046 525.526 525.883 526.299 526.801 527.194 527.638
511.384 511.626 511.814 512.124 512.526 513.151 513.706 514.056 514.751 515.071 514.964 515.306 515.406 515.529 515.844 516.244 516.694 517.124 517.426 517.561 517.709 517.809 518.121 518.216 518.206 518.186 518.076 518.039 517.991 517.974 517.961 517.904 517.886 517.876 517.876 517.781 517.919 518.189 518.604 518.949 519.301 519.634 519.831 520.036 520.299 520.539 520.734 521.049 521.373 521.638 521.906 522.081 522.266 522.419 522.511 522.698 523.219 523.636 523.966 524.299 524.888 525.456 525.876 526.216 526.626 527.099 527.806
510.544 510.919 511.279 511.714 512.074 512.506 513.009 513.431 514.011 514.281 514.656 515.001 515.189 515.269 515.601 516.036 516.564 516.946 517.206 517.384 517.599 517.741 517.896 518.039 518.079 518.029 517.946 517.899 517.841 517.774 517.744 517.706 517.666 517.579 517.574 517.554 517.684 518.026 518.386 518.671 518.911 519.226 519.414 519.666 520.054 520.321 520.481 520.829 521.188 521.414 521.573 521.746 521.871 521.953 522.104 522.426 522.956 523.286 523.526 524.138 524.981 525.571 525.966 526.258 526.618 527.214 527.939
509.939 510.329 510.644 511.066 511.506 512.091 512.481 512.891 513.654 514.084 514.261 514.561 514.806 515.041 515.191 515.704 516.299 516.749 517.069 517.194 517.436 517.626 517.734 517.826 517.874 517.889 517.841 517.711 517.661 517.564 517.471 517.486 517.516 517.481 517.446 517.426 517.529 517.771 518.059 518.411 518.626 518.879 519.184 519.521 519.829 520.101 520.289 520.659 520.993 521.166 521.236 521.336 521.393 521.559 521.866 522.196 522.638 522.964 523.546 524.371 525.026 525.539 526.049 526.339 526.674 527.339 528.231
509.639 510.029 510.301 510.636 511.104 511.696 512.019 512.436 513.041 513.594 513.724 514.131 514.539 514.806 514.991 515.389 516.056 516.451 516.741 516.996 517.269 517.509 517.566 517.689 517.749 517.754 517.691 517.541 517.424 517.309 517.269 517.234 517.259 517.341 517.381 517.356 517.401 517.549 517.786 518.199 518.529 518.756 519.034 519.331 519.646 519.859 520.129 520.489 520.776 520.946 520.946 520.946 521.089 521.271 521.573 521.916 522.416 522.871 523.529 524.258 524.836 525.414 526.059 526.469 526.616 527.029 527.739
