20220701_namedtuples/mapdata/sd8879_DSM_2M.asc
ncols 500
nrows 500
xllcorner    388000
yllcorner    479000
cellsize     2
NODATA_value -9999
[rows 290 to 318 of 500, columns 335 to 401 of 500]
393.924 393.666 393.406 393.129 392.911 392.699 392.476 392.254 391.991 391.774 391.566 391.351 391.069 390.954 391.051 390.411 390.126 389.876 389.609 389.356 389.116 388.929 388.841 388.539 388.309 388.319 388.276 388.474 388.604 388.589 388.534 388.434 388.254 388.064 387.836 387.494 387.041 386.629 386.211 385.849 385.366 384.591 383.309 381.846 381.034 380.886 381.024 381.129 381.614 381.904 382.209 382.456 382.716 383.006 383.259 383.434 383.409 383.316 383.104 382.914 382.704 382.361 381.991 381.724 381.476 381.159 380.764
394.089 393.841 393.624 393.394 393.144 392.904 392.686 392.414 392.159 391.951 391.731 391.379 390.956 390.951 390.751 390.509 390.276 390.099 389.881 389.756 389.454 389.229 389.081 388.901 388.746 388.706 388.684 388.711 388.764 388.749 388.624 388.464 388.321 388.136 387.914 387.544 387.104 386.631 386.191 385.741 385.211 384.524 383.256 381.551 381.199 381.444 381.689 381.851 382.374 382.606 382.669 382.949 383.259 383.536 383.686 383.741 383.616 383.469 383.314 383.296 383.144 382.859 382.576 382.301 382.111 381.656 381.136
394.324 394.066 393.851 393.601 393.376 393.126 392.854 392.546 392.284 392.029 391.804 391.524 391.086 390.914 390.649 390.664 390.554 390.401 390.214 390.021 389.784 389.616 389.486 389.351 389.139 389.026 389.101 389.094 389.071 388.936 388.746 388.539 388.384 388.189 387.909 387.481 386.976 386.554 386.109 385.609 385.089 383.994 382.279 381.651 382.001 382.171 382.096 382.386 382.956 383.099 383.151 383.374 383.669 383.879 383.986 384.016 384.011 383.769 383.809 383.886 383.729 383.449 383.116 382.809 382.456 381.984 381.511
394.546 394.311 394.094 393.879 393.659 393.391 392.994 392.699 392.451 392.196 391.951 391.686 391.519 391.129 390.926 390.856 390.719 390.609 390.426 390.271 390.146 390.056 389.771 389.666 389.589 389.481 389.591 389.534 389.361 389.154 388.959 388.769 388.491 388.196 387.856 387.314 386.796 386.269 385.811 385.334 384.706 384.566 382.981 382.634 383.141 383.149 383.014 383.024 383.459 383.901 383.986 383.856 383.989 384.244 384.329 384.381 384.319 384.154 384.251 384.141 383.986 383.729 383.434 383.049 382.644 382.211 381.916
394.759 394.539 394.341 394.139 393.951 393.651 393.296 392.909 392.629 392.409 392.214 391.851 391.909 391.336 391.276 391.044 390.974 390.844 390.671 390.551 390.479 390.306 390.156 390.006 390.011 389.944 389.949 389.814 389.619 389.386 389.106 388.859 388.554 388.234 387.726 387.124 386.519 385.909 385.369 384.816 384.094 383.471 383.444 383.669 383.949 384.004 383.866 383.746 384.036 384.371 384.361 384.276 384.456 384.701 384.784 384.686 384.629 384.571 384.486 384.346 384.169 383.929 383.646 383.224 382.846 382.484 382.114
394.971 394.764 394.589 394.386 394.201 393.911 393.541 393.166 392.846 392.609 392.371 392.171 391.761 391.584 391.449 391.226 391.146 391.019 390.841 390.681 390.631 390.481 390.389 390.374 390.366 390.351 390.219 390.016 389.809 389.566 389.301 388.979 388.596 388.231 387.659 387.026 386.381 385.776 385.204 384.549 384.029 384.024 383.889 384.381 384.449 384.384 384.341 384.376 384.434 384.614 384.761 385.021 385.259 385.229 385.111 384.994 384.916 384.811 384.706 384.524 384.321 384.081 383.844 383.499 383.129 382.734 382.246
395.121 394.941 394.756 394.539 394.324 394.049 393.664 393.334 393.034 392.834 392.569 392.459 391.954 391.906 391.711 391.516 391.364 391.176 391.071 390.884 390.794 390.674 390.641 390.669 390.611 390.564 390.374 390.141 389.991 389.714 389.479 389.116 388.649 388.166 387.511 386.914 386.371 385.734 384.891 384.806 384.664 384.379 384.331 384.569 384.611 384.571 384.676 384.839 384.986 385.316 385.599 385.821 385.699 385.521 385.514 385.376 385.226 385.099 384.954 384.724 384.456 384.274 384.051 383.756 383.419 383.009 382.474
395.276 395.056 394.864 394.621 394.394 394.044 393.751 393.459 393.224 392.994 392.986 392.516 392.176 392.126 391.961 391.716 391.536 391.356 391.241 391.146 391.016 390.874 390.884 390.919 390.846 390.761 390.519 390.289 390.051 389.809 389.526 389.184 388.739 388.151 387.459 386.834 386.281 385.516 384.896 385.284 384.876 384.631 384.526 384.681 384.771 384.941 385.219 385.516 385.811 386.221 386.416 386.221 386.034 386.106 385.996 385.861 385.631 385.489 385.369 385.076 384.721 384.486 384.279 384.026 383.694 383.276 382.711
395.436 395.199 394.974 394.684 394.421 394.206 393.911 393.634 393.416 393.304 393.184 392.636 392.469 392.304 392.106 391.954 391.814 391.639 391.439 391.324 391.219 391.284 391.276 391.219 391.156 390.939 390.644 390.399 390.156 389.864 389.601 389.219 388.734 388.096 387.361 386.814 386.126 385.384 385.491 385.449 385.024 384.891 384.921 385.084 385.299 385.644 386.016 386.329 386.644 386.859 386.701 386.629 386.661 386.634 386.466 386.329 386.116 385.886 385.729 385.484 385.114 384.776 384.529 384.279 383.909 383.469 382.969
395.499 395.319 395.086 394.829 394.496 394.309 394.101 393.826 393.576 393.426 393.134 392.879 392.704 392.539 392.309 392.141 392.001 391.796 391.629 391.509 391.604 391.626 391.616 391.551 391.454 391.166 390.871 390.564 390.214 389.889 389.581 389.176 388.686 388.044 387.384 386.716 385.971 385.429 385.579 385.564 385.414 385.271 385.354 385.626 385.946 386.364 386.821 387.081 387.194 387.236 387.269 387.284 387.224 387.119 386.904 386.706 386.376 386.016 385.984 385.809 385.464 385.146 384.816 384.486 384.069 383.629 383.181
395.614 395.411 395.179 394.989 394.686 394.476 394.304 394.064 393.804 394.109 393.269 393.101 392.874 392.714 392.504 392.344 392.189 391.981 391.906 391.786 391.846 391.931 391.889 391.771 391.606 391.354 391.079 390.724 390.244 389.854 389.501 389.056 388.491 387.881 387.369 386.756 385.901 385.784 385.966 385.801 385.611 385.544 385.839 386.281 386.706 387.144 387.331 387.486 387.701 387.839 387.869 387.771 387.684 387.476 387.211 386.936 386.389 385.836 386.221 386.109 385.794 385.459 385.134 384.769 384.296 383.871 383.461
395.729 395.526 395.316 395.066 394.879 394.706 394.591 394.401 394.469 393.906 393.506 393.284 393.071 392.951 392.771 392.611 392.394 392.299 392.214 392.146 392.176 392.211 392.099 392.001 391.836 391.504 391.229 390.819 390.344 389.859 389.484 389.036 388.456 387.909 387.406 386.761 386.034 385.956 386.099 385.991 385.854 385.936 386.361 386.886 387.371 387.686 387.741 388.051 388.219 388.244 388.184 388.149 388.046 387.841 387.496 387.194 386.874 386.569 386.656 386.441 386.141 385.819 385.496 385.086 384.619 384.104 383.671
395.804 395.679 395.461 395.221 395.071 394.899 394.781 394.639 394.519 394.109 393.784 393.521 393.334 393.201 393.024 392.839 392.664 392.576 392.531 392.484 392.416 392.459 392.344 392.191 391.934 391.671 391.344 390.941 390.501 390.041 389.621 389.239 388.589 387.934 387.326 386.524 386.206 386.334 386.214 386.176 386.196 386.486 386.979 387.431 387.846 388.109 388.311 388.554 388.586 388.541 388.469 388.406 388.326 388.121 387.839 387.671 387.436 387.236 387.064 386.804 386.521 386.229 385.864 385.406 384.894 384.406 383.946
395.924 395.816 395.619 395.394 395.214 395.124 394.991 395.174 394.651 394.316 394.041 393.764 393.601 393.479 393.281 393.111 393.006 392.921 392.874 392.826 392.694 392.709 392.634 392.424 392.206 391.931 391.581 391.099 390.579 390.156 389.676 389.309 388.599 387.909 387.166 386.384 386.544 386.499 386.419 386.419 386.706 387.246 387.654 387.936 388.194 388.736 388.876 388.819 388.866 388.869 388.776 388.611 388.461 388.331 388.101 387.999 387.879 387.671 387.424 387.089 386.781 386.551 386.199 385.731 385.201 384.699 384.286
396.069 395.994 395.759 395.601 395.389 395.269 395.184 395.189 394.771 394.534 394.301 394.036 393.834 393.701 393.549 393.474 393.331 393.261 393.191 393.189 393.101 393.059 392.931 392.739 392.494 392.186 391.854 391.309 390.706 390.251 389.739 389.199 388.516 387.624 386.746 386.731 387.006 386.676 386.591 386.751 387.246 387.794 388.169 388.391 388.926 389.226 389.224 389.209 389.186 389.161 389.089 388.991 388.761 388.561 388.324 388.231 388.159 388.016 387.726 387.384 387.066 386.799 386.434 386.006 385.484 384.999 384.574
396.134 396.001 395.884 395.836 395.666 395.511 395.494 395.236 394.981 394.749 394.521 394.286 394.144 394.001 393.779 393.654 393.639 393.586 393.534 393.499 393.399 393.306 393.159 392.979 392.711 392.411 392.056 391.479 390.804 390.249 389.661 389.054 388.376 387.454 386.946 387.061 387.181 386.961 386.901 387.209 387.684 388.239 388.474 388.919 389.329 389.599 389.611 389.579 389.506 389.479 389.444 389.314 389.076 388.904 388.736 388.596 388.516 388.296 388.014 387.726 387.386 387.026 386.579 386.144 385.744 385.301 384.844
396.234 396.091 395.954 395.931 395.909 395.844 395.856 395.321 395.151 394.989 394.724 394.541 394.434 394.251 394.099 393.996 393.924 393.864 393.779 393.729 393.659 393.531 393.361 393.134 392.836 392.519 392.079 391.409 390.731 390.114 389.509 388.816 388.159 387.289 387.456 387.736 387.596 387.376 387.404 387.699 388.199 388.531 388.864 389.381 389.761 389.929 389.931 389.904 389.886 389.776 389.669 389.526 389.381 389.241 389.129 388.991 388.809 388.624 388.366 388.044 387.664 387.289 386.766 386.331 385.871 385.376 384.819
396.339 396.231 396.191 396.041 395.896 396.034 395.661 395.489 395.339 395.194 394.929 394.771 394.674 394.516 394.389 394.279 394.244 394.139 394.059 393.976 393.839 393.714 393.504 393.239 392.939 392.529 392.046 391.336 390.714 389.939 389.361 388.786 388.039 387.441 387.879 388.021 387.936 387.871 387.936 388.219 388.596 388.964 389.296 389.689 390.109 390.206 390.246 390.186 390.146 390.009 389.876 389.791 389.651 389.569 389.421 389.309 389.059 388.851 388.606 388.376 387.999 387.571 387.044 386.599 385.986 385.381 384.606
396.471 396.386 396.291 396.174 396.146 395.951 395.744 395.609 395.476 395.331 395.144 394.951 394.881 394.754 394.661 394.576 394.494 394.414 394.346 394.201 394.011 393.791 393.574 393.334 392.989 392.444 391.826 391.221 390.539 389.901 389.394 388.821 388.056 387.681 388.294 388.239 388.306 388.384 388.549 388.636 388.956 389.464 389.989 390.411 390.561 390.569 390.591 390.509 390.411 390.279 390.134 389.989 389.866 389.814 389.754 389.561 389.319 389.054 388.849 388.659 388.284 387.824 387.376 386.916 386.254 385.559 384.756
396.584 396.501 396.404 396.329 396.456 395.971 395.831 395.736 395.636 395.501 395.341 395.144 395.026 394.924 394.846 394.809 394.731 394.616 394.501 394.376 394.144 393.844 393.566 393.339 392.919 392.291 391.664 391.096 390.551 390.014 389.499 388.959 388.141 387.989 388.546 388.466 388.641 388.899 388.926 389.084 389.371 389.899 390.599 390.964 391.024 390.994 390.916 390.861 390.696 390.534 390.349 390.204 390.141 390.119 390.084 389.831 389.574 389.306 389.119 388.884 388.586 388.099 387.814 387.226 386.614 385.801 385.444
396.669 396.559 396.579 396.646 396.431 396.141 396.021 395.931 395.809 395.631 395.449 395.316 395.214 395.109 395.011 394.911 394.869 394.766 394.594 394.429 394.219 393.921 393.566 393.251 392.769 392.184 391.679 391.149 390.629 390.134 389.646 389.064 388.266 388.396 388.774 388.916 389.004 389.074 389.641 389.844 390.106 390.574 391.106 391.361 391.436 391.344 391.231 391.131 391.031 390.876 390.624 390.449 390.414 390.369 390.361 390.136 389.854 389.581 389.194 389.086 388.871 388.351 388.074 387.456 386.816 385.961 385.979
396.736 396.689 396.831 396.791 396.384 396.261 396.154 396.044 395.934 395.806 395.639 395.504 395.394 395.291 395.146 395.014 394.926 394.844 394.649 394.404 394.161 393.849 393.504 393.126 392.649 392.194 391.739 391.216 390.781 390.326 389.739 389.234 388.679 389.101 389.159 389.231 389.306 389.601 390.216 390.601 390.889 391.241 391.564 391.721 391.796 391.671 391.536 391.439 391.281 391.144 390.944 390.771 390.726 390.654 390.614 390.411 390.091 389.711 389.401 389.234 389.024 388.606 388.329 387.731 386.981 386.631 386.606
396.859 396.889 396.816 396.629 396.481 396.396 396.291 396.196 396.056 395.981 395.794 395.674 395.514 395.414 395.266 395.134 394.991 394.884 394.664 394.419 394.139 393.734 393.456 392.984 392.596 392.199 391.746 391.374 390.936 390.549 389.826 389.034 388.834 389.349 389.394 389.619 389.994 390.201 390.601 391.016 391.424 391.756 391.959 392.094 392.014 391.891 391.819 391.704 391.556 391.416 391.351 391.071 390.979 390.909 390.779 390.554 390.209 389.889 389.611 389.429 389.039 388.599 388.369 388.014 387.539 387.451 387.249
396.984 396.979 396.834 396.674 396.616 396.514 396.429 396.306 396.169 396.091 395.949 395.764 395.686 395.561 395.391 395.226 395.104 394.969 394.716 394.441 394.136 393.819 393.456 393.046 392.631 392.264 391.806 391.429 391.019 390.604 389.779 389.204 389.299 389.634 389.574 390.026 390.436 390.764 391.189 391.596 391.904 392.219 392.406 392.424 392.299 392.196 392.081 391.984 391.894 391.671 391.551 391.359 391.196 391.104 390.931 390.649 390.326 390.151 389.826 389.554 389.064 388.724 388.489 388.269 388.181 388.024 387.861
397.029 397.151 396.881 396.814 396.711 396.649 396.544 396.459 396.341 396.199 396.081 395.961 395.829 395.676 395.531 395.326 395.164 394.954 394.706 394.454 394.169 393.809 393.499 393.139 392.691 392.259 391.854 391.549 391.116 390.626 389.936 389.411 389.449 389.769 389.804 390.321 390.994 391.469 391.819 392.196 392.459 392.714 392.849 392.849 392.666 392.531 392.399 392.286 392.104 391.969 391.791 391.611 391.429 391.299 391.051 390.791 390.556 390.306 390.009 389.681 389.246 388.971 388.729 388.724 388.614 388.479 388.264
397.206 397.389 397.056 396.926 396.839 396.769 396.709 396.639 396.499 396.354 396.191 396.056 395.904 395.774 395.619 395.384 395.191 394.974 394.751 394.501 394.249 393.814 393.466 393.194 392.809 392.399 391.944 391.521 391.006 390.521 390.029 389.506 389.786 389.954 390.064 390.796 391.499 392.024 392.374 392.769 393.026 393.176 393.306 393.266 393.094 392.956 392.741 392.529 392.276 392.164 392.034 391.826 391.679 391.456 391.206 390.964 390.719 390.521 390.204 389.866 389.491 389.101 388.864 388.901 388.874 388.796 388.674
397.519 397.369 397.179 397.071 397.039 396.906 396.839 396.794 396.621 396.474 396.304 396.159 395.994 395.894 395.714 395.506 395.289 395.079 394.824 394.536 394.234 393.896 393.599 393.299 392.991 392.514 392.044 391.504 390.854 390.454 390.111 389.761 390.076 390.216 390.361 391.244 391.899 392.589 392.971 393.376 393.571 393.674 393.709 393.644 393.501 393.314 393.141 392.899 392.616 392.404 392.284 392.044 391.904 391.644 391.441 391.159 390.941 390.686 390.386 390.051 389.664 389.336 389.291 389.276 389.264 389.224 389.004
397.704 397.416 397.291 397.179 397.139 397.046 397.064 396.906 396.796 396.651 396.474 396.339 396.194 395.944 395.789 395.574 395.416 395.174 394.956 394.686 394.334 393.971 393.691 393.396 393.021 392.531 392.046 391.341 390.821 390.529 390.106 389.886 390.069 390.616 391.226 391.971 392.576 392.936 393.539 393.901 394.034 394.109 394.071 393.959 393.779 393.551 393.476 393.231 392.976 392.716 392.526 392.351 392.141 391.924 391.656 391.386 391.144 390.869 390.579 390.211 389.906 389.891 389.726 389.641 389.636 389.549 389.336
397.704 397.544 397.446 397.324 397.314 397.246 397.154 397.056 396.881 396.741 396.656 396.544 396.311 396.074 395.891 395.676 395.511 395.311 395.064 394.776 394.424 394.061 393.734 393.364 392.941 392.421 391.749 391.109 390.976 390.754 390.251 390.039 390.494 391.214 391.866 392.339 392.859 393.574 394.111 394.316 394.429 394.429 394.364 394.189 394.014 393.871 393.696 393.429 393.219 392.981 392.761 392.579 392.361 392.094 391.844 391.539 391.261 391.054 390.729 390.486 390.294 390.281 390.169 390.066 389.979 389.874 389.646
