20220701_namedtuples/mapdata/sd8879_DSM_2M.asc
ncols 500
nrows 500
xllcorner    388000
yllcorner    479000
cellsize     2
NODATA_value -9999
[rows 435 to 463 of 500, columns 67 to 133 of 500]
446.157 446.222 446.257 446.297 446.379 446.349 446.304 446.284 446.382 446.382 446.327 446.369 446.407 446.467 446.532 446.517 446.547 446.519 446.467 446.397 446.379 446.379 446.354 446.289 446.219 446.217 446.142 446.164 446.144 446.029 445.924 445.942 445.969 445.882 445.769 445.667 445.527 445.337 445.224 445.219 445.059 444.942 444.872 444.837 444.822 444.737 444.652 444.702 444.782 444.657 444.674 444.749 444.644 444.619 444.554 444.509 444.494 444.469 444.492 444.484 444.464 444.424 444.492 444.592 444.569 444.559 444.534
446.479 446.554 446.614 446.637 446.644 446.642 446.709 446.772 446.709 446.667 446.632 446.682 446.682 446.707 446.712 446.692 446.727 446.677 446.652 446.637 446.632 446.607 446.592 446.639 446.609 446.562 446.474 446.547 446.549 446.307 446.242 446.279 446.267 446.204 446.144 445.967 445.814 445.657 445.574 445.582 445.434 445.412 445.237 445.207 445.109 444.989 444.989 444.992 444.999 444.987 444.999 445.072 444.959 444.847 444.842 444.854 444.809 444.772 444.774 444.674 444.649 444.697 444.754 444.854 444.827 444.807 444.804
446.834 446.924 446.952 447.037 447.112 447.129 447.144 447.094 447.054 446.989 447.072 447.084 447.027 446.994 446.972 446.967 447.042 446.944 446.909 446.974 446.957 446.907 446.899 446.979 446.962 446.962 446.952 446.894 446.802 446.727 446.647 446.602 446.592 446.469 446.412 446.297 446.069 445.919 445.812 445.752 445.699 445.624 445.677 445.554 445.404 445.297 445.362 445.402 445.319 445.397 445.344 445.309 445.282 445.104 445.127 445.134 445.112 445.042 445.044 445.074 445.067 445.117 445.119 445.097 445.092 445.104 445.027
447.174 447.234 447.317 447.317 447.429 447.414 447.429 447.437 447.467 447.419 447.464 447.499 447.377 447.309 447.269 447.259 447.249 447.232 447.312 447.339 447.279 447.244 447.274 447.309 447.294 447.214 447.204 447.167 447.134 447.049 446.959 446.964 446.967 446.817 446.709 446.552 446.384 446.287 446.102 446.037 445.919 445.914 445.929 445.904 445.707 445.607 445.709 445.782 445.727 445.737 445.612 445.617 445.569 445.422 445.397 445.397 445.427 445.369 445.347 445.404 445.442 445.474 445.459 445.389 445.347 445.309 445.282
447.484 447.524 447.594 447.664 447.694 447.674 447.709 447.729 447.719 447.712 447.782 447.834 447.719 447.647 447.597 447.549 447.532 447.552 447.644 447.704 447.669 447.652 447.637 447.627 447.592 447.582 447.567 447.524 447.394 447.309 447.237 447.229 447.184 447.144 446.977 446.849 446.727 446.742 446.574 446.454 446.432 446.322 446.224 446.147 446.002 446.014 445.969 446.052 445.987 446.032 446.029 445.879 445.817 445.724 445.689 445.662 445.754 445.672 445.669 445.709 445.754 445.727 445.722 445.634 445.589 445.587 445.527
447.757 447.827 447.894 448.024 448.034 448.012 448.034 448.032 448.017 447.984 448.012 448.089 448.069 447.952 447.884 447.894 447.904 448.004 447.957 447.967 448.004 448.014 447.959 447.917 447.879 447.862 447.804 447.749 447.659 447.584 447.554 447.462 447.417 447.399 447.302 447.267 447.174 447.087 446.982 446.827 446.702 446.599 446.507 446.382 446.312 446.374 446.237 446.299 446.267 446.294 446.327 446.102 446.049 446.059 445.972 445.929 445.957 446.047 446.069 446.032 446.014 445.967 445.939 445.879 445.867 445.879 445.802
448.102 448.117 448.134 448.177 448.232 448.297 448.399 448.414 448.409 448.384 448.422 448.497 448.457 448.372 448.212 448.209 448.224 448.282 448.309 448.304 448.274 448.289 448.287 448.292 448.277 448.252 448.134 448.049 447.977 447.939 447.889 447.827 447.732 447.702 447.602 447.599 447.382 447.239 447.179 447.102 446.974 446.957 446.867 446.709 446.722 446.699 446.612 446.522 446.579 446.592 446.487 446.434 446.322 446.342 446.297 446.247 446.289 446.262 446.317 446.352 446.329 446.292 446.317 446.244 446.152 446.214 446.144
448.419 448.424 448.454 448.477 448.567 448.719 448.814 448.842 448.844 448.717 448.744 448.772 448.802 448.772 448.667 448.552 448.577 448.604 448.634 448.669 448.699 448.682 448.622 448.627 448.624 448.604 448.504 448.397 448.277 448.204 448.159 448.132 448.129 448.164 448.004 447.909 447.689 447.474 447.442 447.382 447.267 447.197 447.114 446.982 446.984 446.949 446.904 446.894 446.854 446.904 446.782 446.662 446.672 446.594 446.639 446.627 446.514 446.532 446.522 446.629 446.634 446.624 446.584 446.554 446.494 446.499 446.422
448.837 448.834 448.852 448.912 449.059 449.107 449.099 449.117 449.112 449.112 449.092 449.089 449.062 449.012 449.017 448.954 448.972 449.012 448.979 449.052 449.139 449.082 449.027 448.947 448.954 448.964 448.937 448.787 448.634 448.567 448.517 448.432 448.392 448.294 448.227 448.112 447.924 447.769 447.679 447.582 447.637 447.552 447.447 447.312 447.419 447.177 447.334 447.262 447.189 447.092 447.099 447.012 446.934 446.837 446.834 446.902 446.787 446.817 446.867 446.857 446.919 446.904 446.902 446.867 446.797 446.764 446.704
449.237 449.274 449.299 449.342 449.447 449.509 449.532 449.527 449.462 449.454 449.524 449.469 449.439 449.422 449.419 449.354 449.324 449.377 449.407 449.519 449.549 449.524 449.402 449.367 449.319 449.347 449.287 449.212 449.119 448.984 448.904 448.832 448.757 448.604 448.529 448.437 448.232 448.009 447.924 448.007 447.909 447.899 447.812 447.672 447.672 447.547 447.667 447.584 447.629 447.469 447.389 447.322 447.252 447.194 447.182 447.204 447.069 447.082 447.132 447.139 447.124 447.142 447.157 447.114 447.029 447.019 447.014
449.639 449.739 449.782 449.817 449.792 449.784 449.882 449.942 449.847 449.729 449.782 449.779 449.739 449.729 449.727 449.689 449.664 449.719 449.807 449.854 449.847 449.834 449.759 449.707 449.689 449.677 449.702 449.584 449.512 449.402 449.337 449.117 449.049 448.994 448.907 448.819 448.694 448.592 448.347 448.329 448.347 448.222 448.179 448.017 448.139 447.972 448.054 447.949 447.864 447.737 447.659 447.587 447.654 447.589 447.529 447.487 447.392 447.369 447.459 447.439 447.407 447.492 447.479 447.402 447.364 447.322 447.314
450.002 450.104 450.222 450.274 450.232 450.187 450.164 450.129 450.097 450.032 450.049 450.029 450.017 449.979 449.957 449.954 449.992 450.049 450.107 450.112 450.072 450.057 450.007 450.052 450.067 450.014 449.932 449.877 449.714 449.657 449.522 449.372 449.349 449.289 449.249 449.184 449.019 448.939 448.764 448.724 448.649 448.567 448.507 448.344 448.417 448.332 448.394 448.267 448.122 448.137 447.979 447.942 447.952 447.914 447.892 447.814 447.707 447.712 447.769 447.749 447.707 447.727 447.782 447.764 447.722 447.677 447.627
450.352 450.419 450.504 450.582 450.544 450.579 450.609 450.544 450.434 450.314 450.337 450.314 450.294 450.267 450.244 450.259 450.287 450.309 450.379 450.349 450.277 450.357 450.392 450.394 450.347 450.297 450.269 450.192 449.992 449.917 449.752 449.692 449.672 449.602 449.592 449.569 449.479 449.252 449.119 449.022 449.014 448.994 448.832 448.744 448.592 448.587 448.594 448.512 448.462 448.419 448.372 448.374 448.389 448.262 448.169 448.072 448.012 448.077 448.134 448.139 448.054 448.097 448.132 448.104 448.067 448.022 447.972
450.624 450.679 450.767 450.894 450.812 450.814 450.854 450.884 450.817 450.709 450.652 450.627 450.544 450.537 450.502 450.512 450.504 450.564 450.597 450.547 450.549 450.599 450.694 450.652 450.627 450.557 450.504 450.427 450.157 450.082 450.079 450.042 449.974 449.949 449.984 449.904 449.779 449.567 449.432 449.342 449.302 449.304 449.187 449.077 448.894 448.989 448.882 448.757 448.809 448.784 448.749 448.732 448.737 448.652 448.597 448.484 448.427 448.349 448.389 448.414 448.389 448.479 448.459 448.412 448.332 448.322 448.282
450.984 450.994 451.064 451.119 451.209 451.172 451.059 450.987 450.999 451.042 450.942 450.804 450.859 450.917 450.759 450.697 450.772 450.804 450.832 450.739 450.732 450.782 450.839 450.832 450.794 450.744 450.692 450.589 450.392 450.279 450.257 450.259 450.204 450.197 450.214 450.142 450.024 449.899 449.749 449.624 449.579 449.539 449.474 449.409 449.324 449.282 449.244 449.117 449.164 449.134 449.117 449.122 449.049 449.044 449.022 448.912 448.764 448.707 448.677 448.762 448.699 448.729 448.739 448.769 448.629 448.644 448.592
451.325 451.307 451.382 451.465 451.542 451.572 451.397 451.232 451.165 451.22 451.215 451.062 451.087 451.07 451.092 451.055 451.045 451.05 451.03 450.975 451.01 451.1 451 450.987 450.962 450.907 450.812 450.752 450.582 450.507 450.45 450.477 450.48 450.47 450.507 450.407 450.252 450.207 450.055 449.89 449.837 449.807 449.752 449.692 449.597 449.577 449.455 449.407 449.445 449.452 449.425 449.505 449.455 449.507 449.39 449.242 449.152 449.04 449.05 449.03 449.062 449.022 448.992 449.01 448.955 448.947 448.922
451.605 451.62 451.717 451.822 451.847 451.827 451.742 451.552 451.447 451.427 451.465 451.342 451.277 451.325 451.362 451.322 451.307 451.39 451.372 451.342 451.367 451.39 451.345 451.305 451.182 451.082 450.985 450.942 451.017 450.917 450.72 450.747 450.727 450.76 450.737 450.7 450.587 450.427 450.29 450.172 450.027 450.007 450.022 449.995 449.897 449.862 449.787 449.737 449.735 449.73 449.792 449.722 449.742 449.76 449.712 449.637 449.51 449.412 449.375 449.37 449.312 449.31 449.327 449.292 449.36 449.23 449.175
451.882 451.952 452.062 452.127 452.15 452.09 452.007 451.907 451.89 451.732 451.637 451.552 451.512 451.555 451.735 451.687 451.675 451.565 451.607 451.642 451.632 451.662 451.627 451.562 451.475 451.315 451.287 451.282 451.247 451.012 450.95 451 451.01 450.96 451.015 450.927 450.847 450.67 450.56 450.467 450.405 450.33 450.287 450.207 450.165 450.162 450.045 450.05 449.985 450.002 450.062 450.037 449.972 450.02 449.917 449.847 449.76 449.722 449.685 449.612 449.617 449.592 449.53 449.535 449.542 449.537 449.457
452.125 452.192 452.22 452.262 452.345 452.332 452.39 452.415 452.325 452.07 451.9 451.952 451.85 451.88 451.962 451.985 451.96 451.9 451.85 451.882 451.8 451.802 451.785 451.715 451.682 451.637 451.742 451.747 451.657 451.487 451.47 451.307 451.297 451.28 451.352 451.235 451.132 451.015 450.9 450.85 450.817 450.687 450.625 450.467 450.442 450.375 450.292 450.255 450.337 450.27 450.352 450.355 450.272 450.245 450.155 450.11 450.04 449.987 449.892 449.882 449.887 449.872 449.81 449.75 449.802 449.782 449.755
452.367 452.39 452.4 452.535 452.567 452.625 452.595 452.595 452.56 452.367 452.205 452.267 452.267 452.19 452.222 452.267 452.175 452.162 452.107 452.067 452.02 452.062 452.022 451.945 451.937 451.957 452.077 452.065 451.987 451.842 451.727 451.565 451.52 451.65 451.81 451.58 451.42 451.307 451.232 451.21 451.15 451.017 450.902 450.622 450.662 450.662 450.53 450.55 450.545 450.552 450.54 450.51 450.525 450.427 450.385 450.357 450.33 450.31 450.21 450.21 450.127 450.082 450.04 449.99 449.977 449.952 449.91
452.657 452.71 452.71 452.742 452.86 452.88 452.785 452.745 452.712 452.552 452.497 452.477 452.465 452.465 452.452 452.46 452.41 452.367 452.352 452.377 452.235 452.242 452.292 452.26 452.275 452.267 452.38 452.3 452.217 452.172 452.045 451.89 451.937 452.055 452.025 451.867 451.735 451.635 451.565 451.567 451.477 451.3 451.17 450.967 450.94 450.917 450.832 450.862 450.862 450.82 450.77 450.632 450.645 450.625 450.545 450.557 450.53 450.537 450.487 450.452 450.46 450.355 450.3 450.227 450.192 450.165 450.165
452.925 452.967 452.987 453.015 453.045 453.025 452.932 452.93 452.912 452.79 452.827 452.765 452.717 452.745 452.755 452.672 452.65 452.642 452.67 452.647 452.57 452.382 452.397 452.42 452.537 452.522 452.567 452.562 452.482 452.402 452.347 452.342 452.315 452.33 452.21 452.02 451.927 451.842 451.852 451.812 451.692 451.517 451.342 451.272 451.275 451.137 451.122 451.135 451.06 450.957 450.917 450.85 450.93 450.855 450.72 450.66 450.61 450.625 450.595 450.54 450.59 450.512 450.507 450.432 450.417 450.425 450.432
453.2 453.195 453.192 453.225 453.227 453.135 453.097 453.105 453.132 453.065 453.042 453.047 452.932 452.915 452.862 452.987 452.925 452.892 452.877 452.835 452.825 452.74 452.745 452.792 452.79 452.79 452.792 452.83 452.74 452.685 452.66 452.685 452.602 452.54 452.365 452.217 452.057 452.022 452.072 452.112 451.955 451.822 451.55 451.565 451.54 451.467 451.46 451.402 451.282 451.137 451.152 451.155 451.19 451.12 450.902 450.772 450.735 450.707 450.625 450.577 450.54 450.54 450.65 450.58 450.59 450.717 450.725
453.445 453.452 453.432 453.462 453.412 453.32 453.32 453.325 453.37 453.372 453.32 453.267 453.23 453.1 453.115 453.165 453.175 453.09 453.052 453.045 453.06 453.087 453.082 453.075 453.082 453.147 453.077 453.072 453.095 453.01 453.002 452.927 452.857 452.767 452.58 452.405 452.26 452.252 452.307 452.32 452.182 451.917 451.782 451.915 451.802 451.702 451.63 451.602 451.547 451.425 451.427 451.382 451.477 451.327 451.065 450.897 450.827 450.875 450.732 450.622 450.675 450.662 450.772 450.777 450.855 450.932 450.9
453.705 453.71 453.742 453.712 453.642 453.532 453.58 453.627 453.677 453.675 453.645 453.557 453.485 453.435 453.395 453.412 453.402 453.387 453.292 453.295 453.315 453.437 453.36 453.36 453.387 453.447 453.445 453.422 453.42 453.367 453.302 453.197 453.082 452.937 452.835 452.735 452.642 452.565 452.555 452.505 452.322 452.072 452.08 452.235 452.082 451.94 451.837 451.845 451.772 451.677 451.627 451.595 451.677 451.537 451.367 451.242 451.182 451.057 450.995 450.925 450.795 450.855 451.005 451.025 451.105 451.162 451.16
453.972 453.977 454.087 454.067 453.972 453.882 453.915 453.852 453.85 453.92 453.94 453.752 453.77 453.73 453.7 453.69 453.627 453.59 453.56 453.585 453.672 453.65 453.64 453.635 453.685 453.78 453.802 453.857 453.747 453.67 453.575 453.5 453.335 453.175 453.117 453.07 452.952 452.855 452.81 452.737 452.55 452.397 452.385 452.422 452.312 452.172 452.132 452.17 452.025 451.957 451.787 451.76 451.84 451.782 451.665 451.582 451.472 451.307 451.16 451.185 451.082 451.11 451.192 451.27 451.28 451.347 451.312
454.217 454.262 454.285 454.3 454.325 454.267 454.152 454.102 454.03 454.072 454.045 454.01 453.902 453.94 453.977 453.902 453.937 453.942 453.93 453.975 453.945 453.995 454.055 454.065 454.117 454.17 454.212 454.177 454.162 454.112 453.897 453.727 453.545 453.44 453.41 453.43 453.322 453.2 453.07 453.01 452.867 452.722 452.65 452.727 452.552 452.497 452.4 452.375 452.33 452.202 452.125 452 452.05 452.06 451.955 451.795 451.707 451.532 451.367 451.357 451.292 451.297 451.377 451.49 451.515 451.535 451.515
454.415 454.467 454.46 454.49 454.647 454.522 454.445 454.41 454.302 454.407 454.335 454.257 454.182 454.19 454.15 454.162 454.205 454.227 454.392 454.4 454.385 454.39 454.355 454.41 454.4 454.382 454.435 454.39 454.407 454.365 454.212 453.992 453.872 453.76 453.73 453.685 453.575 453.505 453.345 453.265 453.1 452.947 453.052 452.962 452.867 452.707 452.65 452.617 452.532 452.45 452.335 452.337 452.31 452.272 452.185 452.03 451.905 451.712 451.632 451.58 451.577 451.567 451.64 451.732 451.75 451.775 451.732
454.605 454.642 454.687 454.835 454.995 454.947 454.737 454.69 454.687 454.632 454.597 454.577 454.46 454.427 454.452 454.405 454.427 454.512 454.692 454.812 454.825 454.832 454.825 454.767 454.69 454.635 454.637 454.625 454.56 454.515 454.44 454.345 454.287 454.115 454.005 453.962 453.822 453.707 453.65 453.562 453.485 453.315 453.372 453.24 453.14 453.03 452.93 452.892 452.755 452.687 452.58 452.547 452.487 452.447 452.39 452.285 452.13 451.98 451.877 451.85 451.817 451.845 451.92 452.02 452.03 452.03 451.987
