20220701_namedtuples/mapdata/sd8877_DSM_2M.asc
ncols 500
nrows 500
xllcorner    388000
yllcorner    477000
cellsize     2
NODATA_value -9999
[rows 240 to 269 of 500, columns 402 to 468 of 500]
588.1 587.579 587.803 588.23 588.403 588.282 588.122 588.096 587.984 587.918 587.887 587.553 587.213 586.948 587 587.167 587.435 587.698 588.254 588.511 588.572 588.698 588.609 588.574 588.609 588.775 588.87 588.987 589.2 589.439 589.834 590.109 590.484 590.972 591.224 591.546 591.772 592.064 592.451 592.858 593.062 593.165 593.16 593.264 593.462 593.663 593.598 593.837 593.735 593.37 593.072 592.86 592.278 591.918 591.608 591.23 590.889 590.892 590.998 590.936 591.144 591.362 591.57 591.884 592.036 592.269 592.227
587.466 587.627 587.831 587.984 588.1 588.245 588.194 587.847 587.743 587.673 587.597 587.202 586.641 586.842 586.901 587.071 587.255 587.609 588.043 588.406 588.434 588.365 588.37 588.35 588.457 588.682 588.84 588.943 589.111 589.505 589.604 589.953 590.472 590.886 591.187 591.44 591.743 591.887 592.387 592.789 592.902 592.971 592.948 593.115 593.356 593.57 593.649 593.714 593.855 593.623 593.476 593.193 592.963 592.382 591.656 591.397 591.11 591.009 591.031 591.123 591.182 591.58 591.609 591.658 591.868 592.152 592.043
587.463 587.68 587.728 587.758 587.97 587.982 587.857 587.675 587.523 587.459 587.248 586.771 586.545 586.563 586.713 586.939 587.063 587.516 588.178 588.367 588.078 588.128 588.149 588.229 588.337 588.537 588.631 588.689 588.809 589.205 589.423 589.71 590.234 590.752 591.152 591.456 591.756 591.966 592.21 592.501 592.76 592.619 592.924 592.849 593.322 593.485 593.551 593.748 593.83 593.799 593.708 593.633 593.102 592.543 592.163 591.573 591.206 591.099 591.101 591.144 591.571 591.509 591.515 591.604 591.739 591.919 592.089
587.571 587.586 587.546 587.55 587.561 587.617 587.588 587.354 587.222 587.216 586.942 586.357 586.314 586.325 586.452 586.741 586.897 587.507 587.953 588.086 587.881 587.961 588.11 588.135 588.212 588.281 588.297 588.366 588.679 589.063 589.198 589.695 590.106 590.514 590.829 591.079 591.219 591.51 591.847 591.843 592.33 592.462 592.546 592.916 593.175 593.519 593.539 593.662 593.852 594.006 593.849 593.618 593.31 592.913 592.409 591.945 591.478 591.401 591.521 591.547 591.543 591.561 591.505 591.546 591.693 591.825 592.055
587.616 587.289 587.253 587.267 587.26 587.099 586.906 586.874 586.77 586.581 586.437 586.025 586.086 585.969 586.134 586.339 587.009 587.279 587.448 587.744 587.618 587.721 588.029 588.063 588.022 588.043 588.072 588.215 588.508 588.718 589.088 589.438 589.952 590.393 590.716 590.92 591.138 591.325 591.597 591.863 592.193 592.33 592.56 592.754 593.114 593.439 593.49 593.665 593.981 594.017 593.992 593.822 593.592 593.471 592.998 592.24 591.818 591.586 591.709 591.579 591.56 591.567 591.534 591.574 591.585 591.752 591.968
587.46 587.028 586.877 586.832 586.606 586.161 585.712 586.039 586.332 586.119 585.821 585.714 585.742 585.779 585.881 586.199 586.722 586.992 587.254 587.262 587.345 587.437 587.653 587.737 587.81 587.752 587.809 588.046 588.444 588.465 588.857 589.31 589.697 589.898 590.337 590.51 590.903 591.205 591.292 591.679 591.818 592.213 592.604 592.675 593.251 593.421 593.612 593.695 593.879 594.078 594.073 593.857 593.819 593.58 593.07 592.594 592.073 591.787 591.653 591.741 591.597 591.401 591.386 591.568 591.608 591.877 592.059
587.068 586.913 586.564 586.54 586.468 585.718 585.422 585.609 585.771 585.59 585.401 585.445 585.437 585.519 585.645 586.02 586.457 586.659 586.936 586.99 586.877 586.927 587.225 587.466 587.499 587.537 587.618 587.937 588.038 588.183 588.695 589.074 589.319 589.773 590.092 590.244 590.652 590.897 591.248 591.485 591.718 591.945 592.427 592.763 593.145 593.309 593.457 593.727 593.898 593.866 593.791 593.875 593.872 593.551 593.036 592.746 592.172 591.903 591.926 591.876 591.833 591.666 591.651 591.636 591.666 591.919 591.992
586.501 586.282 586.203 586.252 585.731 585.507 585.312 585.195 585.183 585.216 585.123 585.169 585.261 585.324 585.464 585.751 586.084 586.32 586.331 586.418 586.492 586.603 586.913 587.133 587.233 587.273 587.439 587.634 587.756 588.129 588.455 588.942 589.308 589.552 589.868 590.064 590.414 590.829 591.069 591.302 591.636 591.938 592.34 592.683 592.959 593.073 593.372 593.611 593.754 593.856 593.756 593.859 594.038 593.562 592.975 592.803 592.4 592.24 592.049 591.993 592.021 591.747 591.796 591.686 591.698 591.727 591.967
585.986 585.899 585.805 585.596 585.416 585.047 584.936 584.934 584.897 584.835 584.876 584.901 585.018 585.208 585.284 585.473 585.718 585.843 585.814 585.734 585.889 586.519 586.8 586.926 586.982 587.13 587.333 587.422 587.598 587.911 588.292 588.63 588.836 589.17 589.439 589.595 590.01 590.533 590.803 591.032 591.316 591.621 591.974 592.385 592.74 593.135 593.319 593.495 593.724 593.779 593.641 593.915 594.026 593.602 593.15 592.857 592.514 592.395 592.284 592.104 592.01 591.97 591.946 591.788 590.94 590.58 592.004
585.567 585.253 585.141 585.022 584.798 584.632 584.624 584.448 584.369 584.643 584.603 584.521 584.694 584.802 584.828 585.144 585.094 585.262 585.085 585.094 585.447 586.079 586.471 586.769 586.829 586.821 587.038 587.088 587.404 587.757 587.904 588.121 588.316 588.788 589.165 589.437 589.854 590.217 590.599 590.787 591.147 591.595 592.032 592.273 592.716 593.06 593.185 593.434 593.571 593.612 593.512 593.65 593.784 593.419 593.233 593.019 592.679 592.5 592.395 592.223 592.099 591.975 591.893 591.742 590.858 591.239 591.768
585.007 584.779 584.671 584.518 584.488 584.302 584.203 584.021 584.092 584.263 584.255 584.028 584.384 584.507 584.405 584.398 584.64 584.459 584.537 584.642 584.984 585.505 586.047 586.205 586.481 586.495 586.563 586.781 587.201 587.71 587.764 588.1 588.394 588.57 588.784 589.033 589.503 589.904 590.187 590.593 590.747 591.02 591.531 591.966 592.259 592.798 593.157 593.205 593.253 593.44 593.29 593.419 593.487 593.451 593.321 592.945 592.799 592.59 592.374 592.188 592.085 592.092 592.006 591.964 591.901 591.942 592.096
584.729 584.471 584.296 584.243 584.177 583.927 583.813 583.697 583.697 583.587 583.558 583.773 584.032 584.047 584.045 584.095 583.882 583.601 583.924 584.205 584.541 585.031 585.458 585.915 586.023 586.056 586.238 586.607 586.848 587.064 587.373 587.815 588.058 588.408 588.392 588.683 589.107 589.35 589.534 590.028 590.442 590.842 591.373 591.74 592.216 592.532 592.997 593.088 593.294 593.188 593.267 593.218 593.332 593.452 593.32 592.944 592.779 592.727 592.473 592.353 592.126 592.029 592.016 591.966 591.938 592.017 592.096
584.27 584.153 584.138 583.912 583.773 583.513 583.467 583.424 583.284 583.228 583.342 583.622 583.684 583.79 583.724 583.638 583.385 583.206 583.584 583.713 584.057 584.663 585.022 585.328 585.421 585.616 585.951 586.461 586.162 586.629 587.148 587.375 587.635 588.102 588.487 588.678 588.904 589.227 589.473 589.921 590.117 590.782 591.04 591.384 591.899 592.567 592.597 592.828 593.098 592.942 592.986 593.179 593.299 593.128 593.031 592.888 592.777 592.71 592.595 592.348 592.143 592.064 592.119 592.126 592.031 592.018 592.218
583.832 583.818 583.787 583.658 583.37 583.39 583.286 582.951 582.883 583.017 583.092 583.181 583.304 583.292 583.273 583.279 583.167 583.044 583.114 583.24 583.516 584.042 584.458 584.759 584.954 584.961 585.406 585.608 586.082 586.337 586.693 587.1 587.424 587.904 588.282 588.481 588.769 589.042 589.243 589.586 589.956 590.486 590.916 591.216 591.679 591.961 592.327 592.608 592.69 592.662 592.826 593.075 593.165 593.047 592.931 592.875 592.812 592.764 592.641 592.408 592.168 592.051 592.057 592.051 592.035 592.304 592.072
583.433 583.46 583.429 583.283 583.155 583.177 583.038 582.674 582.529 582.649 582.738 582.802 582.848 582.846 582.872 583.008 582.951 583.036 582.97 583.017 583.111 583.589 583.742 584.129 584.42 584.474 584.77 585.187 585.859 586.166 586.48 586.573 586.949 587.531 587.888 588.199 588.62 588.814 589.044 589.332 589.834 590.194 590.494 590.908 591.381 591.732 591.966 592.127 592.29 592.452 592.665 592.999 593.01 592.98 592.751 592.798 592.698 592.65 592.541 592.35 592.043 591.991 592.138 592.129 592.25 592.161 592.112
583.043 583.173 583.113 583.031 583.001 582.932 582.768 582.474 582.345 582.37 582.361 582.481 582.452 582.574 582.684 582.728 582.81 582.817 582.853 582.806 582.834 582.956 583.264 583.554 583.676 584.022 584.407 585.089 585.58 585.738 586.106 586.441 586.872 587.413 587.724 587.918 588.12 588.406 588.737 588.814 589.557 589.721 590.005 590.384 590.996 591.358 591.48 591.712 591.869 592.181 592.432 592.684 592.836 592.878 592.751 592.537 592.373 592.464 592.231 591.992 591.946 591.907 592.013 592.089 592.178 592.223 592.117
582.736 582.775 582.783 582.722 582.724 582.678 582.305 582.248 582.222 582.119 581.986 582.064 582.275 582.357 582.527 582.531 582.548 582.606 582.583 582.582 582.704 582.73 582.951 583.123 583.27 583.624 584.119 584.843 585.132 585.351 585.543 585.67 586.124 586.687 587.322 587.389 587.671 588.038 588.479 588.813 588.885 589.235 589.613 590.095 590.443 590.47 591.2 591.367 591.645 592.008 592.333 592.394 592.415 592.444 592.39 592.149 591.985 592.015 591.877 591.777 591.797 591.873 591.804 592.009 592.17 592.148 592.132
582.374 582.445 582.388 582.414 582.433 582.128 582.026 582.002 581.94 581.921 581.952 581.949 582.065 582.118 582.347 582.431 582.514 582.521 582.453 582.438 582.47 582.582 582.754 582.804 583.093 583.572 584.081 584.529 584.543 584.577 585.025 585.417 586.006 586.36 586.899 587.139 587.424 587.709 588.02 588.193 588.615 588.908 589.302 589.601 589.733 589.873 590.217 590.696 590.767 591.113 591.796 592.014 591.873 591.845 591.883 591.818 591.767 591.686 591.67 591.639 591.73 591.792 591.79 591.795 591.893 591.929 592.164
581.872 581.88 581.988 582.11 581.989 581.686 581.693 581.752 581.781 581.832 581.892 581.857 581.942 582.047 582.197 582.325 582.377 582.383 582.395 582.399 582.37 582.495 582.576 582.564 583.035 583.374 583.763 584.01 584.25 584.504 584.551 584.911 585.251 585.946 586.316 586.743 587.009 587.167 587.36 587.703 588.034 588.518 588.73 588.692 589.007 589.169 589.67 590.01 590.485 590.7 591.154 591.644 591.336 591.224 591.209 591.499 591.431 591.423 591.461 591.464 591.509 591.582 591.548 591.631 591.607 591.752 591.9
581.457 581.565 581.503 581.476 581.334 581.35 581.419 581.483 581.617 581.687 581.697 581.809 581.833 581.94 582.029 582.14 582.279 582.191 582.292 582.309 582.325 582.469 582.544 582.605 582.87 583.212 583.411 583.548 583.706 583.809 584.005 584.619 584.892 585.264 585.874 585.957 586.567 586.684 587.029 587.355 587.695 588.164 588.29 588.532 588.631 588.858 589.468 589.537 589.724 589.986 590.329 590.527 590.809 590.794 590.84 590.919 590.887 590.996 590.878 590.817 591.006 591.23 591.4 591.427 591.438 591.653 591.761
581.069 581.133 581.065 580.97 581.078 581.221 581.322 581.372 581.452 581.655 581.622 581.683 581.676 581.849 581.985 582.066 582.094 582.099 582.198 582.263 582.322 582.417 582.506 582.586 582.594 582.812 583.036 583.273 583.243 583.396 583.779 584.336 584.725 585.187 585.587 585.932 585.989 586.499 586.712 587.057 587.142 587.486 587.649 587.95 587.976 588.345 588.507 588.843 588.871 589.08 589.412 589.648 589.87 590.262 590.339 590.475 590.594 590.812 590.618 590.662 590.75 590.913 591.131 591.104 591.265 591.512 591.586
580.561 580.689 580.773 580.827 580.929 581.054 581.244 581.338 581.356 581.488 581.521 581.58 581.689 581.811 581.924 581.949 582.002 582.107 582.134 582.222 582.323 582.316 582.401 582.424 582.422 582.485 582.648 582.709 582.713 583.02 583.53 584.008 584.378 584.75 585.169 585.452 585.815 585.975 586.218 586.314 586.564 586.725 586.934 587.312 587.617 587.97 588.194 588.28 588.43 588.489 588.755 589.218 589.355 589.698 589.995 590.191 590.221 590.221 590.241 590.221 590.234 590.359 590.578 590.771 591.02 591.293 591.385
580.56 580.67 580.715 580.728 580.929 580.965 581.139 581.294 581.343 581.334 581.441 581.485 581.548 581.687 581.854 581.846 581.879 581.991 582.107 582.164 582.201 582.319 582.348 582.41 582.445 582.403 582.446 582.441 582.435 582.616 583.059 583.729 584.365 584.955 585.1 585.344 585.634 585.837 585.987 586.058 586.271 586.554 586.522 586.847 586.883 587.401 587.497 587.703 587.574 587.852 588.213 588.62 588.669 588.863 589.349 589.583 589.597 589.534 589.487 589.731 590.088 590.203 590.478 590.689 590.879 591.252 591.403
580.382 580.586 580.634 580.775 580.894 580.945 581.069 581.185 581.227 581.277 581.341 581.366 581.472 581.598 581.728 581.807 581.883 581.984 582.059 582.101 582.129 582.252 582.24 582.225 582.323 582.41 582.421 582.304 582.332 582.349 583.01 583.517 584.159 584.542 585.016 585.311 585.447 585.523 585.712 585.661 585.976 586.076 586.172 586.237 586.549 586.645 586.669 586.709 587.015 587.34 587.612 587.978 588.388 588.482 588.789 589.072 589.142 589.118 589.31 589.678 589.84 590.013 590.278 590.467 590.81 591.143 591.225
580.25 580.581 580.652 580.691 580.749 580.85 580.944 581.08 581.144 581.162 581.215 581.255 581.434 581.599 581.668 581.706 581.774 581.884 582.009 582.087 582.063 582.041 582.052 582.16 582.264 582.23 582.334 582.276 582.417 582.311 582.586 583.261 584.108 584.501 584.779 585.092 585.17 585.429 585.53 585.495 585.71 585.712 585.889 586.062 586.221 586.303 586.331 586.317 586.385 586.553 586.86 587.272 587.732 588.083 588.33 588.359 588.658 588.672 589.045 589.467 589.629 589.804 589.934 590.202 590.618 590.917 591.077
580.136 580.469 580.705 580.669 580.769 580.89 580.924 581.068 581.077 581.098 581.202 581.384 581.559 581.685 581.679 581.552 581.702 581.789 581.693 581.811 581.859 581.874 581.913 581.992 582.128 582.154 582.212 582.233 582.279 582.207 582.406 583.163 583.984 584.56 584.656 585.003 585.185 585.31 585.42 585.482 585.407 585.388 585.528 585.684 585.888 585.808 585.911 585.737 585.909 586.071 586.484 586.843 587.21 587.421 587.626 588.09 588.282 588.519 588.871 589.24 589.554 589.738 589.927 590.206 590.476 590.752 591.157
580.09 580.296 580.479 580.467 580.704 580.772 580.918 581.015 581.05 581.107 581.199 581.374 581.479 581.497 581.38 581.443 581.519 581.514 581.734 581.717 581.678 581.744 581.842 582.099 582.067 582.083 582.183 582.255 582.331 582.32 582.212 583.013 583.617 584.111 584.271 584.666 584.914 585.044 585.148 585.233 585.275 585.372 585.404 585.482 585.584 585.675 585.719 585.319 585.665 586.023 586.198 586.424 586.63 586.859 587.117 587.588 587.988 588.378 588.694 588.932 589.305 589.484 589.844 589.989 590.177 590.548 590.78
580.029 580.249 580.285 580.328 580.513 580.774 580.896 581.012 581.049 581.123 581.208 581.338 581.333 581.363 581.28 581.342 581.381 581.472 581.569 581.613 581.687 581.756 581.87 581.962 582.041 582.151 582.225 582.27 582.263 582.29 582.312 582.348 583.105 583.873 584.197 584.512 584.767 584.834 584.927 585.005 585.244 585.291 585.391 585.368 585.409 585.461 585.574 585.64 585.758 585.84 585.902 585.929 586.049 586.441 586.693 587.202 587.699 588.127 588.413 588.742 589.183 589.399 589.644 589.704 589.865 590.267 590.581
580.019 580.151 580.252 580.33 580.565 580.892 581.012 581.08 581.115 581.148 581.205 581.29 581.26 581.249 581.235 581.318 581.373 581.475 581.499 581.584 581.646 581.723 582.012 582.08 582.081 582.18 582.223 582.233 582.228 582.283 582.286 582.535 583.247 583.494 583.925 584.331 584.507 584.597 584.692 584.755 584.801 584.996 585.049 585.053 585.114 585.112 585.446 585.461 585.576 585.617 585.684 585.762 585.857 586.188 586.633 586.953 587.57 587.92 588.281 588.58 588.891 589.243 589.465 589.553 589.863 590.169 590.463
580.003 580.065 580.263 580.342 580.621 580.976 581.012 581.063 581.098 581.18 581.248 581.362 581.308 581.177 581.23 581.305 581.37 581.416 581.48 581.564 581.637 581.77 582.006 582.11 582.134 582.173 582.203 582.179 582.17 582.258 582.2 582.197 582.603 583.113 583.483 583.934 584.035 584.153 584.258 584.422 584.519 584.641 584.809 584.865 584.891 585.141 585.398 585.532 585.528 585.491 585.499 585.569 585.536 585.835 586.486 586.94 587.326 587.56 587.866 588.288 588.77 589.165 589.414 589.549 589.703 590.062 590.338
