20220701_namedtuples/mapdata/sd8875_DSM_2M.asc
ncols 500
nrows 500
xllcorner    388000
yllcorner    475000
cellsize     2
NODATA_value -9999
[rows 450 to 479 of 500, columns 0 to 66 of 500]
382.438 382.338 382.268 381.968 381.748 381.491 381.21 381.03 380.818 380.765 379.858 379.388 379.185 379.018 378.703 378.5 378.438 378.358 378.28 378.215 378.14 378.068 377.933 377.845 377.735 377.628 377.503 377.31 377.055 376.808 376.563 376.303 376.183 376.083 375.551 375.098 374.698 374.41 374.12 373.833 373.493 373.228 372.995 372.703 372.345 372 371.543 371.178 370.923 370.7 370.426 370.041 369.648 369.273 369.101 368.966 368.866 368.616 368.301 368.046 367.746 367.336 367.016 366.728 366.333 365.926 365.543
382.483 382.408 382.313 382.108 381.861 381.55 381.343 381.083 380.838 380.688 380.225 379.715 379.335 379.108 378.923 378.65 378.57 378.538 378.45 378.345 378.28 378.195 378.083 377.97 377.861 377.743 377.618 377.483 377.27 377 376.725 376.52 376.335 376.133 375.75 375.418 375.2 375.023 374.618 374.14 373.868 373.503 373.253 372.928 372.535 372.135 371.808 371.333 371.038 370.778 370.528 370.151 369.836 369.598 369.456 369.296 369.108 368.916 368.653 368.351 368.071 367.748 367.356 367.041 366.706 366.283 365.806
382.565 382.473 382.335 382.19 382.09 381.903 381.47 381.318 380.98 380.765 380.733 379.951 379.665 379.308 378.983 378.95 378.741 378.655 378.608 378.483 378.375 378.305 378.21 378.125 377.998 377.88 377.741 377.608 377.408 377.145 376.895 376.655 376.39 376.15 375.915 375.878 375.968 375.655 374.948 374.405 374.02 373.635 373.313 373.053 372.718 372.366 372.046 371.758 371.23 370.878 370.578 370.363 370.138 369.976 369.798 369.576 369.403 369.193 368.946 368.658 368.341 368.026 367.653 367.318 366.991 366.648 366.148
382.65 382.585 382.458 382.313 382.173 381.86 381.688 381.585 381.208 380.918 380.663 380.515 380.135 379.563 379.208 379.07 378.893 378.753 378.708 378.61 378.495 378.435 378.353 378.273 378.155 378.048 377.863 377.708 377.546 377.303 377.003 376.768 376.543 376.32 376.158 376.153 376.068 375.708 375.193 374.65 374.125 373.72 373.435 373.205 372.87 372.52 372.168 371.905 371.45 371.033 370.641 370.398 370.328 370.178 369.983 369.803 369.563 369.388 369.178 368.941 368.591 368.331 368.031 367.603 367.206 366.953 366.461
382.745 382.713 382.59 382.433 382.3 382.175 381.968 381.785 381.548 381.065 380.865 380.798 380.533 380.02 379.52 379.176 379.048 378.921 378.73 378.681 378.565 378.518 378.48 378.426 378.318 378.158 378.005 377.83 377.635 377.486 377.236 376.94 376.728 376.525 376.36 376.293 376.278 375.878 375.325 374.783 374.3 373.855 373.578 373.333 372.991 372.58 372.293 372.02 371.638 371.22 370.881 370.596 370.411 370.308 370.153 369.978 369.826 369.596 369.461 369.161 368.851 368.593 368.306 367.901 367.478 367.118 366.731
382.878 382.823 382.688 382.528 382.393 382.28 382.16 381.938 381.638 381.25 381.03 380.828 380.708 380.43 379.71 379.463 379.241 378.968 378.765 378.648 378.56 378.52 378.555 378.51 378.431 378.3 378.128 377.943 377.796 377.588 377.388 377.153 376.953 376.801 376.62 376.518 376.548 376.266 375.893 375.233 374.643 374.13 373.8 373.52 373.155 372.853 372.55 372.26 371.995 371.635 371.226 370.863 370.611 370.443 370.276 370.076 369.946 369.826 369.541 369.253 369.038 368.833 368.561 368.146 367.771 367.353 367.033
382.991 382.933 382.825 382.673 382.53 382.368 382.268 381.995 381.838 381.548 381.308 380.948 380.77 380.695 380.118 379.893 379.523 379.15 378.813 378.618 378.51 378.533 378.553 378.56 378.548 378.44 378.283 378.04 377.885 377.68 377.525 377.363 377.135 377.003 376.888 376.813 376.698 376.6 376.06 375.673 374.935 374.4 374.043 373.741 373.385 373.063 372.763 372.473 372.293 372.125 371.593 371.168 370.836 370.633 370.441 370.226 370.038 369.826 369.606 369.456 369.238 369.058 368.883 368.503 368.116 367.638 367.278
383.075 383.04 382.97 382.79 382.645 382.468 382.35 382.176 381.878 381.798 381.488 381.058 380.848 380.703 380.448 380.323 379.796 379.353 378.943 378.69 378.57 378.505 378.548 378.628 378.59 378.505 378.385 378.123 377.928 377.76 377.565 377.393 377.27 377.185 377.103 377.025 376.8 376.63 376.285 375.683 375.118 374.623 374.323 374.048 373.708 373.455 373.148 372.785 372.611 372.303 371.876 371.516 371.128 370.823 370.653 370.438 370.233 370.006 369.773 369.531 369.363 369.153 368.971 368.738 368.358 367.903 367.533
383.198 383.135 383.06 382.958 382.793 382.655 382.53 382.333 382.168 381.935 381.66 381.418 381.22 380.863 380.678 380.708 380.448 379.77 379.2 378.968 378.695 378.503 378.503 378.551 378.603 378.528 378.35 378.148 377.915 377.71 377.575 377.463 377.36 377.255 377.153 377.015 376.823 376.563 376.301 375.733 375.318 375.098 374.845 374.418 374.128 373.868 373.568 373.243 372.87 372.573 372.241 371.808 371.511 371.133 370.846 370.613 370.353 370.046 369.873 369.686 369.553 369.306 369.093 368.913 368.658 368.286 367.853
383.278 383.225 383.155 383.048 382.948 382.866 382.73 382.535 382.39 382.2 381.958 381.663 381.438 381.108 380.843 380.736 380.708 380.4 379.383 379.005 378.79 378.615 378.473 378.458 378.483 378.378 378.213 378.07 377.878 377.695 377.583 377.486 377.39 377.278 377.135 376.988 376.758 376.553 376.348 376.203 375.868 375.663 375.475 374.991 374.593 374.263 374.003 373.695 373.275 372.84 372.526 372.306 371.841 371.498 371.138 370.781 370.546 370.233 370.008 369.808 369.596 369.376 369.196 369.003 368.866 368.638 368.296
383.378 383.318 383.218 383.163 383.07 383.033 382.9 382.78 382.63 382.421 382.08 381.853 381.71 381.323 381.173 380.885 380.728 380.503 379.605 379.258 379.07 378.81 378.488 378.38 378.315 378.253 378.145 378 377.87 377.695 377.59 377.503 377.388 377.25 377.138 377.058 376.875 376.678 376.538 376.46 376.348 376.063 375.838 375.36 375.11 374.753 374.483 374.12 373.655 373.183 372.806 372.538 372.353 371.846 371.373 371.018 370.736 370.428 370.171 369.971 369.801 369.556 369.301 369.103 368.973 368.821 368.623
383.473 383.408 383.335 383.223 383.158 383.103 383.003 382.903 382.805 382.63 382.35 381.988 381.725 381.705 381.418 380.973 380.68 380.64 379.848 379.546 379.338 378.838 378.693 378.423 378.265 378.228 378.133 378 377.863 377.733 377.645 377.543 377.465 377.34 377.28 377.18 377.115 376.988 376.73 376.546 376.63 376.36 376.1 375.823 375.665 375.385 374.938 374.558 374.065 373.595 373.131 372.861 372.568 372.291 371.751 371.311 370.981 370.651 370.366 370.101 369.891 369.703 369.458 369.263 369.111 369.008 368.898
383.6 383.525 383.425 383.3 383.2 383.125 383.073 383 382.848 382.695 382.398 382.133 381.986 381.878 381.748 381.128 380.768 380.413 379.908 379.705 379.395 379 378.788 378.395 378.26 378.206 378.168 378.073 377.951 377.85 377.77 377.685 377.598 377.51 377.435 377.348 377.26 377.073 376.883 376.743 376.641 376.543 376.285 376.223 376.145 375.903 375.483 375.02 374.535 373.985 373.503 373.181 372.908 372.591 372.211 371.648 371.198 370.833 370.558 370.283 370.066 369.793 369.616 369.573 369.306 369.166 369.043
383.675 383.573 383.48 383.398 383.265 383.175 383.118 383.008 382.898 382.73 382.423 382.17 382.04 381.928 381.815 381.243 380.861 380.648 380.413 379.968 379.578 379.255 378.83 378.568 378.39 378.245 378.208 378.138 378.025 377.963 377.878 377.808 377.693 377.59 377.49 377.368 377.253 377.155 377.008 376.78 376.698 376.7 376.523 376.493 376.355 376.235 375.986 375.573 374.933 374.458 373.936 373.513 373.231 372.871 372.493 372.163 371.573 371.103 370.878 370.671 370.326 370.056 369.713 369.561 369.408 369.241 369.078
383.77 383.653 383.575 383.463 383.29 383.208 383.115 383 382.845 382.65 382.405 382.18 382.033 382.03 381.87 381.31 381.085 380.805 380.708 380.4 379.888 379.546 379.18 378.78 378.435 378.268 378.233 378.218 378.168 378.073 377.923 377.818 377.671 377.575 377.513 377.403 377.265 377.24 377.09 376.88 376.738 376.683 376.71 376.515 376.485 376.458 376.358 376.215 375.513 374.908 374.478 373.848 373.496 373.101 372.818 372.466 372.018 371.446 371.011 370.731 370.398 370.186 369.901 369.696 369.541 369.361 369.138
383.813 383.723 383.615 383.505 383.305 383.178 383.063 382.915 382.708 382.508 382.328 382.198 382.038 381.813 381.678 381.35 381.273 381.015 380.753 380.755 380.46 379.903 379.438 378.893 378.598 378.455 378.34 378.323 378.25 378.113 377.995 377.86 377.745 377.643 377.555 377.47 377.38 377.31 377.15 376.968 376.833 376.713 376.733 376.588 376.54 376.455 376.43 376.34 375.991 375.4 374.941 374.391 373.976 373.496 373.173 372.893 372.376 371.803 371.136 370.808 370.491 370.306 370.161 370.011 369.826 369.538 369.318
383.858 383.72 383.575 383.448 383.265 383.105 382.945 382.748 382.595 382.468 382.27 382.158 382.043 381.953 381.888 381.64 381.433 381.233 381.038 380.883 380.79 380.03 379.363 379.168 379 378.693 378.546 378.458 378.335 378.205 378.103 378.02 377.82 377.695 377.595 377.505 377.41 377.323 377.228 376.998 376.878 376.8 376.778 376.738 376.65 376.588 376.498 376.453 376.125 375.77 375.368 374.911 374.346 373.806 373.311 372.936 372.668 372.046 371.396 370.953 370.703 370.506 370.343 370.228 370.046 369.871 369.521
383.908 383.723 383.578 383.448 383.253 383.093 382.903 382.71 382.595 382.503 382.325 382.2 382.203 382.085 381.935 381.87 381.825 381.478 381.171 380.915 380.796 380.185 379.518 379.51 379.173 378.803 378.703 378.6 378.395 378.273 378.138 378.068 377.915 377.813 377.66 377.588 377.473 377.385 377.243 377.038 376.908 376.848 376.895 376.88 376.708 376.7 376.618 376.625 376.503 376.095 375.781 375.201 374.666 374.211 373.811 373.226 372.913 372.336 371.738 371.231 370.876 370.593 370.433 370.286 370.156 370.026 369.801
383.998 383.828 383.63 383.458 383.315 383.158 382.975 382.8 382.643 382.543 382.383 382.296 382.198 382.178 382.06 381.918 381.926 381.57 381.288 381.2 381 380.278 380.135 379.845 379.345 378.94 378.843 378.585 378.483 378.475 378.223 378.138 378.023 377.913 377.783 377.678 377.56 377.425 377.285 377.118 377.063 376.95 377.016 377.043 376.82 376.798 376.72 376.741 376.615 376.385 376.198 375.693 375.276 374.808 374.361 373.896 373.268 372.883 372.206 371.623 371.068 370.773 370.548 370.478 370.213 370.091 369.943
384.243 384.023 383.865 383.62 383.48 383.33 383.138 382.986 382.785 382.625 382.52 382.413 382.28 382.303 382.093 381.9 381.913 381.668 381.578 381.333 381.135 380.688 380.565 380.233 379.538 379.243 378.903 378.723 378.75 378.758 378.338 378.208 378.093 377.965 377.845 377.748 377.673 377.518 377.36 377.255 377.173 377.123 377.138 377.145 377.02 376.861 376.83 376.828 376.683 376.605 376.501 376.163 375.873 375.473 374.948 374.493 373.848 373.306 372.831 372.108 371.406 370.996 370.668 370.423 370.313 370.203 370.051
384.6 384.296 384.073 383.845 383.645 383.493 383.293 383.098 382.88 382.72 382.605 382.491 382.403 382.375 382.193 381.928 381.935 381.935 381.678 381.415 381.201 380.923 380.865 380.408 379.833 379.46 379.113 378.945 378.793 378.63 378.385 378.233 378.153 378.015 377.918 377.843 377.723 377.62 377.445 377.388 377.298 377.353 377.348 377.4 377.248 377.095 377 376.988 376.85 376.785 376.671 376.438 376.276 375.983 375.568 375.013 374.388 373.911 373.368 372.706 371.951 371.373 370.971 370.648 370.406 370.298 370.211
384.92 384.57 384.29 383.995 383.748 383.498 383.328 383.148 382.973 382.82 382.698 382.608 382.51 382.435 382.288 382.033 381.983 381.908 381.671 381.47 381.345 381.038 380.788 380.801 380.3 379.65 379.383 379.083 379.01 378.793 378.633 378.413 378.21 378.173 377.985 377.93 377.718 377.615 377.525 377.453 377.458 377.458 377.51 377.535 377.353 377.296 377.233 377.13 376.986 376.968 376.901 376.678 376.543 376.306 375.988 375.491 374.988 374.428 373.841 373.213 372.531 371.881 371.463 371.066 370.613 370.556 370.386
385.265 384.913 384.583 384.153 383.848 383.595 383.388 383.268 383.13 383.01 382.855 382.758 382.635 382.483 382.31 382.138 382.018 381.885 381.74 381.563 381.365 381.095 380.833 380.855 380.645 379.861 379.533 379.345 379.09 378.903 378.828 378.54 378.463 378.283 378.068 377.915 377.72 377.598 377.638 377.645 377.59 377.613 377.56 377.573 377.433 377.435 377.32 377.285 377.143 377.093 377.106 377.056 376.861 376.681 376.363 375.963 375.503 374.933 374.378 373.633 373.061 372.411 371.813 371.163 370.791 370.643 370.478
385.563 385.255 384.828 384.405 384.11 383.85 383.563 383.433 383.383 383.283 383.1 382.931 382.743 382.568 382.37 382.175 382.07 382 381.87 381.71 381.486 381.278 381.07 380.833 380.5 380.018 379.678 379.548 379.25 379.09 378.861 378.763 378.45 378.403 378.178 377.965 377.933 377.736 377.815 377.903 377.875 377.905 377.895 377.673 377.56 377.51 377.515 377.468 377.323 377.328 377.158 377.106 377.006 376.833 376.656 376.366 375.931 375.286 374.741 374.071 373.441 372.903 372.083 371.446 370.936 370.601 370.561
385.79 385.495 385.153 384.793 384.46 384.178 383.87 383.643 383.575 383.44 383.233 383.083 382.921 382.67 382.495 382.343 382.26 382.171 382.188 381.903 381.595 381.348 381.105 381.03 380.87 380.508 379.9 379.688 379.426 379.22 378.97 378.76 378.798 378.361 378.238 378.363 378.233 377.863 377.66 377.65 377.695 377.72 377.743 377.83 377.585 377.576 377.558 377.451 377.473 377.465 377.286 377.051 376.978 376.866 376.771 376.621 376.271 375.748 375.108 374.501 373.846 373.301 372.628 371.856 371.236 370.726 370.526
386.025 385.753 385.468 385.13 384.763 384.43 384.133 383.853 383.701 383.59 383.435 383.263 383.09 382.888 382.675 382.533 382.453 382.383 382.181 381.89 381.685 381.478 381.296 381.14 380.89 380.758 380.655 380.1 379.688 379.421 379.285 378.865 378.848 378.513 378.55 378.575 378.093 377.815 377.675 377.683 377.733 377.663 377.733 377.773 377.77 377.713 377.63 377.563 377.49 377.39 377.281 377.161 377.063 377.051 376.916 376.826 376.603 376.188 375.583 374.933 374.268 373.646 373.181 372.311 371.708 371.053 370.803
386.255 385.995 385.78 385.438 384.99 384.611 384.255 384.005 383.84 383.713 383.57 383.445 383.31 383.105 382.913 382.773 382.575 382.348 382.17 382.02 381.818 381.723 381.568 381.305 381.09 380.918 380.953 380.523 379.986 379.705 379.413 379.105 378.938 378.678 378.715 378.393 378.253 377.955 377.77 377.755 377.73 377.72 377.695 377.723 377.763 377.965 377.78 377.738 377.478 377.425 377.443 377.396 377.306 377.231 377.068 377.006 376.906 376.618 376.041 375.396 374.743 374.073 373.503 372.826 372.173 371.576 371.018
386.483 386.22 385.983 385.63 385.198 384.78 384.453 384.135 383.995 383.861 383.718 383.605 383.44 383.288 383.12 382.935 382.68 382.588 382.428 382.223 382 382.023 381.738 381.508 381.21 380.988 380.778 380.785 380.118 379.973 379.563 379.218 378.893 378.995 378.866 378.488 378.353 378.063 377.818 377.833 377.778 377.838 377.91 377.838 377.758 377.645 377.725 377.9 377.653 377.515 377.558 377.556 377.548 377.406 377.328 377.208 377.141 376.986 376.501 375.873 375.233 374.561 373.826 373.256 372.473 371.911 371.311
386.655 386.403 386.11 385.805 385.421 385.03 384.628 384.308 384.178 384.025 383.895 383.733 383.595 383.448 383.32 383.133 382.933 382.72 382.546 382.388 382.123 382.1 381.878 381.605 381.328 381.025 380.878 380.895 380.551 380.003 379.748 379.451 379.171 379.208 379.22 378.768 378.52 378.215 378.003 377.933 377.963 377.998 377.913 377.788 377.675 377.64 377.773 377.843 377.845 377.708 377.653 377.648 377.671 377.513 377.461 377.276 377.258 377.261 376.813 376.308 375.651 374.918 374.211 373.583 372.883 372.266 371.656
386.818 386.558 386.273 385.975 385.628 385.283 384.875 384.498 384.308 384.225 384.018 383.848 383.683 383.53 383.39 383.215 383.035 382.858 382.648 382.445 382.293 382.25 382.013 381.778 381.44 381.165 380.983 380.925 381.033 380.44 380.12 379.948 379.74 379.465 379.483 379.218 378.755 378.503 378.198 378.003 378.095 377.98 377.89 377.815 377.701 377.658 377.778 377.87 377.908 377.921 377.841 377.693 377.671 377.553 377.571 377.391 377.308 377.311 377.081 376.561 376.066 375.391 374.711 373.998 373.321 372.648 372.016
