20220701_namedtuples/mapdata/sd8875_DSM_2M.asc
ncols 500
nrows 500
xllcorner    388000
yllcorner    475000
cellsize     2
NODATA_value -9999
[rows 390 to 419 of 500, columns 402 to 468 of 500]
272.261 272.273 272.286 272.276 272.278 272.311 272.328 272.311 272.308 272.326 272.316 272.298 272.323 272.313 272.303 272.218 272.001 271.866 271.783 271.616 271.523 271.576 271.696 271.843 272.033 272.106 272.146 272.188 272.213 271.848 271.536 271.451 271.473 271.408 271.381 271.381 271.278 271.166 271.028 271.381 271.363 271.201 270.776 270.681 270.801 270.631 270.746 271.038 271.586 271.656 271.708 271.753 271.828 272.093 272.841 273.936 275.063 276.718 277.681 278.351 279.203 279.106 279.541 279.533 279.961 280.608 281.058
272.226 272.246 272.233 272.226 272.268 272.303 272.336 272.358 272.378 272.356 272.311 272.296 272.306 272.353 272.391 272.351 272.256 272.198 272.111 271.991 271.756 271.476 271.491 271.613 271.793 271.951 271.998 272.046 272.086 271.961 271.491 271.463 271.491 271.483 271.448 271.353 271.221 271.178 271.003 271.256 271.348 271.173 270.721 270.658 270.673 270.631 270.736 271.036 271.508 271.623 271.681 271.746 271.773 271.868 272.238 273.086 274.681 276.028 277.168 277.636 278.808 279.076 279.296 279.723 279.761 280.276 280.923
272.188 272.173 272.178 272.206 272.236 272.283 272.336 272.348 272.346 272.301 272.281 272.236 272.266 272.306 272.368 272.393 272.396 272.396 272.391 272.343 272.223 271.951 271.736 271.548 271.598 271.713 271.866 271.841 271.838 271.871 271.681 271.458 271.356 271.466 271.441 271.303 271.188 271.118 270.891 271.281 271.283 271.183 270.846 270.711 270.703 270.556 270.676 270.933 271.456 271.611 271.641 271.691 271.726 271.763 272.028 272.758 273.881 275.153 276.296 276.938 278.876 279.043 279.108 279.718 279.493 280.116 280.776
272.133 272.096 272.131 272.141 272.216 272.228 272.236 272.296 272.303 272.283 272.216 272.213 272.218 272.238 272.311 272.346 272.376 272.386 272.413 272.421 272.376 272.276 272.168 271.946 271.688 271.643 271.661 271.581 271.633 271.691 271.736 271.463 271.498 271.461 271.373 271.241 271.211 271.071 270.806 271.216 271.278 271.153 270.803 270.673 270.711 270.736 270.736 270.801 271.328 271.591 271.631 271.648 271.703 271.711 271.803 272.468 273.391 274.453 275.286 276.408 278.033 279.108 279.071 279.263 279.481 279.871 280.563
272.073 272.073 272.093 272.098 272.166 272.196 272.226 272.243 272.226 272.213 272.183 272.151 272.146 272.208 272.268 272.283 272.313 272.353 272.411 272.403 272.396 272.446 272.338 272.241 272.066 271.831 271.823 271.786 271.758 271.758 271.733 271.486 271.328 271.358 271.403 271.323 271.271 271.096 270.916 271.201 271.233 271.146 270.838 270.683 270.561 270.751 270.873 270.638 271.196 271.518 271.578 271.601 271.666 271.671 271.776 272.153 272.933 273.903 275.121 276.513 277.351 279.096 279.028 279.046 279.691 279.681 280.216
271.971 271.976 272.028 272.068 272.148 272.191 272.206 272.211 272.176 272.181 272.158 272.123 272.168 272.208 272.253 272.261 272.296 272.283 272.363 272.363 272.393 272.418 272.368 272.308 272.213 272.096 272.061 272.138 272.181 272.173 271.921 271.533 271.286 271.311 271.358 271.366 271.218 271.073 270.908 271.173 271.183 271.161 270.821 270.658 270.648 270.671 270.621 270.706 271.131 271.421 271.541 271.561 271.608 271.638 271.673 271.908 272.636 273.488 274.976 276.453 277.291 278.471 278.931 278.988 279.776 279.666 280.173
271.946 271.946 271.973 272.051 272.128 272.153 272.181 272.171 272.161 272.093 272.093 272.113 272.156 272.181 272.238 272.253 272.263 272.288 272.306 272.331 272.346 272.376 272.378 272.321 272.268 272.208 272.206 272.236 272.273 272.241 271.983 271.521 271.338 271.271 271.321 271.266 271.133 270.986 270.856 271.101 271.123 271.128 270.833 270.603 270.638 270.683 270.721 270.711 270.978 271.351 271.513 271.511 271.553 271.558 271.573 271.751 272.143 273.048 274.261 275.663 277.208 278.186 278.966 278.941 279.221 279.933 280.138
271.883 271.871 271.956 272.031 272.081 272.093 272.123 272.116 272.103 272.071 272.043 272.088 272.131 272.168 272.211 272.238 272.256 272.276 272.283 272.321 272.328 272.318 272.353 272.271 272.236 272.193 272.173 272.263 272.258 272.188 271.921 271.521 271.278 271.208 271.181 271.256 271.218 271.048 270.916 271.043 271.081 271.098 270.833 270.638 270.596 270.711 270.681 270.688 270.908 271.236 271.446 271.516 271.543 271.546 271.531 271.526 271.843 272.531 273.803 275.213 276.528 277.316 278.703 278.848 278.993 279.876 279.938
271.838 271.831 271.913 271.986 272.013 272.033 272.098 272.076 272.033 272.038 272.006 272.051 272.106 272.143 272.171 272.198 272.278 272.256 272.283 272.298 272.308 272.273 272.321 272.251 272.198 272.146 272.126 272.153 272.198 272.141 271.786 271.448 271.271 271.281 271.236 271.173 271.218 271.021 270.858 271.023 271.051 271.083 270.841 270.688 270.586 270.656 270.651 270.776 270.811 271.313 271.418 271.521 271.481 271.491 271.483 271.451 271.633 272.211 273.388 274.773 278.301 277.096 278.858 278.863 278.858 279.401 279.766
271.806 271.788 271.836 271.951 271.986 272.018 272.023 272.026 271.983 271.963 271.958 272.033 272.083 272.083 272.113 272.153 272.206 272.226 272.228 272.276 272.268 272.278 272.301 272.276 272.173 272.113 272.058 272.098 272.138 272.033 271.593 271.348 271.218 271.251 271.241 271.226 271.166 270.993 270.833 270.981 271.046 271.093 270.746 270.641 270.651 270.626 270.636 270.638 270.733 271.151 271.338 271.451 271.461 271.466 271.473 271.433 271.466 272.033 272.903 274.563 276.498 277.643 277.963 278.961 278.811 279.023 279.793
271.806 271.761 271.789 271.924 271.956 271.974 271.959 271.949 271.919 271.931 271.994 272.019 272.014 272.021 272.036 272.086 272.144 272.164 272.224 272.226 272.229 272.259 272.231 272.216 272.124 272.061 272.016 272.049 272.081 271.916 271.471 271.324 271.211 271.219 271.174 271.256 271.089 270.921 270.724 270.961 271.001 271.119 270.651 270.591 270.666 270.661 270.606 270.696 270.744 271.226 271.294 271.444 271.464 271.454 271.431 271.394 271.464 271.761 272.546 273.956 276.604 280.366 277.621 278.749 278.769 278.851 279.914
271.781 271.749 271.786 271.846 271.921 271.916 271.896 271.909 271.884 271.929 271.991 271.971 271.926 271.914 271.934 271.971 272.026 272.066 272.144 272.196 272.199 272.201 272.189 272.179 272.074 272.006 271.959 271.971 271.871 271.626 271.316 271.184 271.096 271.104 271.049 271.096 270.946 270.761 270.704 270.931 271.001 270.931 270.629 270.556 270.534 270.581 270.694 270.644 270.634 271.016 271.254 271.376 271.439 271.436 271.396 271.364 271.374 271.641 272.329 273.334 275.016 276.054 277.064 278.469 278.776 278.771 279.759
271.779 271.741 271.709 271.834 271.879 271.879 271.851 271.841 271.831 271.881 271.991 271.971 271.896 271.876 271.856 271.899 271.951 272.009 272.071 272.151 272.161 272.174 272.144 272.134 272.024 271.914 271.871 271.836 271.644 271.394 271.179 271.074 271.036 271.051 271.046 270.956 270.816 270.631 270.746 270.994 271.066 270.981 270.714 270.451 270.484 270.496 270.679 270.629 270.646 271.081 271.236 271.304 271.414 271.431 271.361 271.306 271.291 271.574 272.121 272.936 274.101 275.426 276.551 277.904 279.009 278.759 279.319
271.734 271.746 271.716 271.799 271.836 271.839 271.806 271.789 271.834 271.924 271.961 271.934 271.886 271.834 271.816 271.831 271.886 271.911 271.984 272.066 272.106 272.124 272.111 272.069 271.931 271.784 271.786 271.644 271.389 271.251 271.096 271.034 271.009 271.014 271.079 270.989 270.736 270.546 270.744 271.001 270.976 270.946 270.549 270.409 270.406 270.479 270.666 270.641 270.659 271.226 271.244 271.241 271.371 271.374 271.311 271.261 271.241 271.446 271.984 272.699 273.779 274.864 276.334 277.211 278.641 278.744 278.861
271.684 271.696 271.691 271.729 271.789 271.769 271.744 271.736 271.834 271.941 271.956 271.909 271.839 271.761 271.776 271.771 271.841 271.866 271.906 271.979 272.021 272.061 272.039 272.006 271.884 271.696 271.621 271.356 271.249 271.211 271.079 271.094 271.034 270.989 270.999 270.964 270.724 270.541 270.794 270.924 270.866 270.861 270.396 270.411 270.406 270.551 270.656 270.556 270.679 271.239 271.214 271.219 271.341 271.381 271.281 271.206 271.219 271.324 271.806 272.509 273.471 274.519 276.031 276.869 278.656 278.719 278.736
271.664 271.671 271.691 271.679 271.721 271.716 271.689 271.684 271.854 271.966 271.966 271.881 271.794 271.711 271.706 271.726 271.781 271.786 271.804 271.836 271.911 271.996 271.986 271.954 271.774 271.586 271.391 271.229 271.254 271.224 271.116 271.249 271.069 270.889 271.029 270.909 270.706 270.686 270.826 270.899 270.844 270.621 270.379 270.334 270.351 270.471 270.526 270.574 270.949 271.246 271.151 271.146 271.311 271.304 271.251 271.144 271.156 271.256 271.639 272.426 273.361 274.304 275.639 276.659 277.809 278.774 278.709
271.621 271.656 271.649 271.639 271.679 271.691 271.596 271.631 271.859 271.931 271.916 271.821 271.729 271.646 271.621 271.651 271.671 271.654 271.671 271.694 271.751 271.849 271.869 271.836 271.689 271.506 271.299 271.186 271.199 271.146 271.211 271.306 271.109 270.809 270.884 270.821 270.626 270.614 270.761 270.904 270.834 270.519 270.316 270.329 270.354 270.479 270.504 270.541 270.854 271.164 271.109 271.079 271.254 271.259 271.216 271.144 271.121 271.169 271.536 272.229 273.349 274.161 275.499 276.449 277.239 278.551 278.666
271.566 271.614 271.651 271.629 271.619 271.619 271.544 271.646 271.786 271.871 271.856 271.774 271.679 271.604 271.589 271.554 271.544 271.554 271.534 271.524 271.519 271.614 271.699 271.699 271.606 271.426 271.259 271.129 271.109 271.159 271.251 271.274 271.139 270.861 270.851 270.746 270.484 270.679 270.851 270.821 270.594 270.229 270.256 270.324 270.379 270.416 270.471 270.511 271.181 271.121 271.069 271.044 271.204 271.254 271.199 271.131 271.071 271.134 271.339 272.171 273.456 274.236 275.269 276.164 277.031 278.294 278.639
271.506 271.551 271.611 271.639 271.536 271.559 271.519 271.619 271.811 271.836 271.799 271.754 271.664 271.596 271.544 271.491 271.491 271.469 271.466 271.459 271.404 271.394 271.379 271.356 271.389 271.294 271.146 271.111 271.086 271.126 271.144 271.114 270.959 270.769 270.741 270.606 270.516 270.686 270.824 270.689 270.296 270.246 270.186 270.211 270.271 270.434 270.529 270.606 271.124 271.104 271.039 270.996 271.196 271.186 271.171 271.094 271.039 271.121 271.231 272.071 273.339 274.396 275.111 275.879 276.604 277.536 278.606
271.474 271.471 271.546 271.566 271.501 271.511 271.519 271.634 271.791 271.844 271.801 271.766 271.711 271.589 271.559 271.511 271.471 271.429 271.406 271.379 271.306 271.321 271.356 271.326 271.206 271.191 271.099 271.059 271.031 271.024 271.009 271.066 271.011 270.644 270.559 270.644 270.574 270.716 270.739 270.314 270.259 270.141 270.194 270.146 270.249 270.416 270.471 270.944 271.216 271.094 271.046 270.984 271.131 271.161 271.201 271.086 271.011 271.021 271.121 271.744 273.056 274.146 274.944 275.709 276.331 277.126 278.566
271.424 271.411 271.476 271.484 271.439 271.419 271.521 271.649 271.786 271.854 271.809 271.769 271.726 271.676 271.574 271.536 271.476 271.391 271.346 271.316 271.274 271.299 271.296 271.284 271.211 271.151 271.069 271.034 270.986 271.004 271.084 271.131 271.134 270.739 270.704 270.471 270.541 270.669 270.429 270.114 270.146 270.116 270.186 270.184 270.399 270.464 270.544 271.164 271.204 271.104 271.031 271.014 271.119 271.166 271.109 271.066 271.009 271.026 271.089 271.394 272.306 273.506 274.426 275.264 276.086 276.814 278.126
271.471 271.411 271.414 271.479 271.411 271.411 271.449 271.566 271.714 271.829 271.841 271.804 271.739 271.674 271.611 271.541 271.494 271.424 271.334 271.209 271.214 271.261 271.246 271.244 271.229 271.076 270.999 270.989 271.011 271.076 271.119 271.161 271.081 270.629 270.566 270.464 270.494 270.429 270.081 270.064 270.039 270.081 270.074 270.244 270.329 270.441 270.861 271.316 271.231 271.059 271.016 270.994 271.116 271.181 271.156 271.034 271.084 271.049 270.974 271.166 271.601 272.841 273.741 274.806 275.794 276.659 277.824
271.454 271.436 271.401 271.411 271.391 271.381 271.406 271.506 271.656 271.759 271.824 271.814 271.746 271.636 271.601 271.591 271.546 271.454 271.311 271.226 271.236 271.261 271.289 271.291 271.161 270.974 270.939 270.974 271.049 271.109 271.139 271.171 271.099 270.586 270.461 270.401 270.419 270.091 269.984 270.011 269.991 270.031 270.116 270.266 270.356 270.614 271.161 271.254 271.271 271.049 270.976 270.934 271.086 271.224 271.154 271.101 271.086 270.989 270.961 271.029 271.379 272.249 273.259 274.329 275.314 276.444 277.274
271.454 271.424 271.371 271.394 271.349 271.354 271.356 271.436 271.554 271.656 271.731 271.736 271.679 271.651 271.626 271.629 271.596 271.479 271.384 271.284 271.264 271.264 271.304 271.204 271.001 270.886 270.884 270.969 271.071 271.109 271.154 271.136 271.056 270.566 270.359 270.259 270.086 269.979 269.904 269.931 269.946 269.954 270.091 270.241 270.454 271.119 271.146 271.196 271.286 271.024 270.881 270.884 271.051 271.194 271.166 271.124 271.036 270.901 270.866 270.956 271.179 271.764 273.016 273.951 275.034 276.199 277.021
271.431 271.419 271.371 271.371 271.331 271.311 271.314 271.399 271.566 271.639 271.624 271.634 271.634 271.636 271.661 271.641 271.576 271.496 271.461 271.341 271.261 271.254 271.244 271.009 270.941 270.919 270.914 271.026 271.126 271.149 271.089 271.116 270.834 270.436 270.224 270.111 269.986 269.871 269.809 269.914 269.899 269.869 270.161 270.531 271.071 271.176 271.134 271.124 271.271 270.999 270.851 270.809 271.086 271.194 271.161 271.119 271.046 270.939 270.846 271.009 271.009 271.414 272.554 273.739 274.786 276.001 276.839
271.366 271.404 271.389 271.354 271.324 271.309 271.256 271.326 271.529 271.609 271.626 271.629 271.621 271.564 271.541 271.501 271.516 271.516 271.479 271.359 271.294 271.214 271.054 270.896 270.914 270.931 270.994 271.086 271.096 271.081 271.066 271.064 270.644 270.241 270.061 269.944 269.864 269.721 269.816 269.814 269.906 270.376 270.736 270.884 271.101 271.181 271.129 271.106 271.199 270.984 270.809 270.836 271.084 271.159 271.166 271.109 271.056 270.981 270.946 270.816 270.999 271.171 272.194 273.404 274.396 275.649 276.624
271.284 271.304 271.336 271.339 271.296 271.264 271.231 271.244 271.461 271.536 271.579 271.639 271.659 271.604 271.549 271.501 271.436 271.399 271.376 271.336 271.269 271.056 270.859 270.881 270.891 270.921 271.001 271.019 271.049 271.031 271.024 270.924 270.366 270.036 269.869 269.761 269.676 269.724 269.826 270.009 270.536 270.634 270.701 270.784 271.104 271.186 271.151 271.084 271.186 270.994 270.806 270.849 271.046 271.136 271.146 271.146 271.074 271.029 270.951 270.746 270.941 271.024 271.879 272.961 273.846 275.076 276.311
271.241 271.249 271.246 271.249 271.261 271.204 271.181 271.174 271.261 271.459 271.481 271.574 271.641 271.626 271.556 271.491 271.329 271.281 271.264 271.271 271.196 270.954 270.846 270.859 270.876 270.931 270.989 270.991 270.979 270.999 270.964 270.831 270.096 269.771 269.704 269.659 269.704 269.679 269.951 270.559 270.584 270.614 270.676 270.686 271.096 271.231 271.146 271.076 271.094 270.831 270.721 270.816 271.001 271.044 271.096 271.124 271.071 271.009 270.891 270.776 270.706 270.934 271.484 272.599 273.614 274.729 275.871
271.251 271.214 271.226 271.196 271.201 271.169 271.146 271.124 271.126 271.349 271.401 271.481 271.561 271.596 271.519 271.404 271.231 271.216 271.181 271.181 271.099 270.854 270.866 270.846 270.851 270.931 270.939 270.944 270.961 270.934 270.936 270.516 269.844 269.619 269.624 269.684 269.709 270.054 270.506 270.554 270.564 270.606 270.681 270.696 271.056 271.226 271.149 271.079 270.974 270.744 270.709 270.771 270.949 270.986 271.039 271.076 271.086 271.029 270.926 270.761 270.686 270.699 271.049 272.221 273.321 274.441 275.599
271.209 271.231 271.209 271.161 271.159 271.136 271.141 271.179 271.079 271.119 271.271 271.361 271.469 271.476 271.446 271.259 271.161 271.129 271.066 270.986 270.916 270.784 270.809 270.834 270.884 270.939 270.889 270.901 270.889 270.866 270.796 270.231 269.606 269.564 269.679 269.629 269.849 270.361 270.471 270.571 270.544 270.554 270.726 270.681 270.916 271.169 271.124 271.099 270.921 270.819 270.874 270.811 270.886 270.946 270.939 271.011 271.066 271.081 270.924 270.781 270.669 270.604 270.984 271.771 273.066 274.104 275.284
