20220701_namedtuples/mapdata/sd8878_DSM_2M.asc
ncols 500
nrows 500
xllcorner    388000
yllcorner    478000
cellsize     2
NODATA_value -9999
[rows 360 to 389 of 500, columns 272 to 339 of 500]
590.781 590.782 590.742 590.762 590.822 590.895 591.231 591.402 591.708 592.018 591.951 591.949 592.031 592.226 592.32 592.149 591.903 591.745 591.61 591.302 591.119 590.865 590.663 590.357 590.39 590.432 590.446 590.424 590.244 590.205 589.984 589.872 589.631 589.369 589.47 589.619 589.826 589.75 589.608 589.853 589.557 589.608 589.327 589.453 589.123 589.266 589.384 589.343 589.456 588.963 588.986 588.977 588.657 588.423 588.279 588.179 588.106 587.898 587.908 587.998 588.073 587.905 587.885 587.812 587.48 587.265 587.196 587.074
591.215 591.149 591.203 591.115 591.122 591.383 591.57 591.733 592.14 592.362 592.342 592.399 592.396 592.618 592.683 592.575 592.481 592.255 592.276 592.167 591.643 591.296 591.061 590.727 590.673 590.821 590.684 590.744 590.567 590.385 590.313 590.096 590.01 589.893 589.898 590.02 590.086 590.063 590.101 590.402 590.451 590.429 589.709 589.587 589.73 589.852 589.845 589.818 589.796 589.49 589.648 589.473 588.98 588.839 588.627 588.418 588.451 588.319 588.443 588.628 588.562 588.38 588.206 587.983 587.687 587.634 587.476 587.46
591.566 591.805 591.539 591.367 591.479 591.735 592.029 592.173 592.417 592.62 592.744 592.717 592.683 592.845 592.856 592.756 592.728 592.613 592.498 592.251 592.093 591.713 591.102 590.993 590.901 591.177 590.888 590.921 590.842 590.629 590.458 590.53 590.432 590.346 590.294 590.396 590.453 590.554 590.579 590.655 590.688 590.277 589.824 589.809 590.016 590.211 590.014 589.974 590.182 590.1 590.139 589.55 589.26 589.015 588.869 588.799 588.784 588.898 589.13 589.061 589.258 589.086 588.452 588.169 588.106 587.976 587.859 587.955
591.856 591.977 591.73 591.516 591.717 591.981 592.349 592.469 592.75 592.957 593.028 592.983 593.205 593.144 593.023 592.976 592.969 592.669 592.764 592.392 592.426 592.162 591.956 591.332 591.313 591.454 591.377 591.238 591.233 591.091 590.97 590.929 590.933 590.924 590.735 590.608 590.85 590.851 590.851 590.886 590.628 590.525 590.518 590.381 590.432 590.184 590.049 590.291 590.815 590.632 590.288 589.929 589.567 589.15 589.267 589.193 589.029 588.989 589.494 589.782 589.807 589.555 589.078 588.77 588.42 588.258 588.157 588.131
592.332 592.369 592.152 592.043 592.057 592.508 592.873 593.249 593.465 593.49 593.551 593.795 593.728 593.603 593.596 593.507 593.474 592.994 592.959 593.038 592.952 592.682 592.452 591.944 591.723 591.87 591.784 591.597 591.406 591.186 591.197 591.211 591.056 591.254 591.293 591.38 591.144 591.363 591.374 591.382 591.061 590.642 590.651 590.852 590.736 590.88 591.053 590.907 591.008 590.823 590.435 590.396 590.144 589.955 589.707 589.7 589.513 589.527 589.788 590.202 590.1 589.991 589.523 589.05 588.782 588.621 588.422 588.274
592.524 592.784 592.361 592.245 592.164 592.643 593.08 593.392 593.656 593.741 593.746 594.04 593.987 593.88 593.749 593.763 593.643 593.199 593.087 593.288 593.459 592.991 592.617 592.51 591.964 592.204 592.128 591.721 591.51 591.403 591.432 591.449 591.32 591.521 591.611 591.736 591.359 591.53 591.754 591.671 591.275 590.848 590.783 591.017 591.162 591.34 591.228 591.279 591.084 590.976 590.769 590.636 590.697 590.527 590.165 590.073 590.118 590.002 590.23 590.371 590.402 590.188 589.784 589.372 589.136 588.916 588.798 588.681
593.13 592.771 592.587 592.635 592.728 593.472 593.625 593.792 593.942 594.031 594.02 593.971 594.208 594.046 593.965 594.229 593.656 593.307 593.305 593.543 593.711 593.431 593.182 592.962 592.752 592.504 592.365 592.218 591.929 591.684 591.81 591.773 591.689 591.766 591.729 591.745 591.559 591.65 592.092 592.206 591.987 591.387 591.025 591.14 591.495 591.445 591.396 591.21 591.238 591.319 591.459 591.302 590.987 590.612 590.648 590.514 590.751 590.638 590.763 590.777 590.645 590.38 589.944 589.892 589.632 589.36 589.209 588.91
593.312 593.166 592.912 593.065 593.062 593.518 593.959 594.158 594.044 594.262 594.333 594.291 594.264 594.22 594.144 594.298 593.835 593.502 593.372 593.721 593.882 593.928 593.689 593.375 593.202 592.903 592.63 592.365 592.186 591.932 592.021 592.016 591.903 591.945 592.042 592.013 591.872 591.948 592.339 592.331 592.224 591.662 591.404 591.578 591.555 591.561 591.575 591.541 591.604 591.703 591.626 591.535 591.206 590.896 590.907 591.18 591.385 591.567 591.321 591.09 590.894 590.651 590.375 590.213 590.125 589.832 589.573 589.24
593.423 593.784 593.634 593.413 593.717 594.229 594.493 594.571 594.445 594.332 594.443 594.538 594.509 594.234 594.159 594.178 593.803 593.628 593.628 593.767 593.888 593.918 593.753 593.662 593.397 593.251 592.966 592.653 592.458 592.343 592.314 592.23 592.158 592.153 592.198 592.108 592.199 592.246 592.556 592.514 592.555 592.401 592.087 591.932 591.877 591.897 591.978 592.059 592.094 592.091 592.06 591.839 591.543 591.257 591.372 591.542 591.827 591.789 591.713 591.416 591.15 590.771 590.742 590.589 590.388 590.08 589.693 589.207
593.482 593.751 593.681 593.625 593.974 594.378 594.55 594.486 594.654 594.656 594.549 594.566 594.48 594.388 594.268 594.099 593.899 593.743 593.686 593.797 593.927 593.958 593.798 593.687 593.484 593.328 592.988 592.782 592.607 592.525 592.33 592.275 592.303 592.2 592.222 592.258 592.319 592.387 592.554 592.588 592.58 592.379 592.276 592.275 592.286 591.909 592.069 592.33 592.413 592.336 592.364 591.955 591.676 591.383 591.701 591.957 591.93 591.884 591.812 591.82 591.366 591.201 591.197 591.272 590.922 590.532 590.045 589.656
593.463 593.699 593.753 594.015 594.276 594.383 594.698 594.735 594.837 595.003 594.721 594.729 594.497 594.676 594.639 594.478 593.892 593.786 593.794 593.852 593.91 593.965 593.903 593.91 593.688 593.497 593.403 593.103 592.874 592.732 592.592 592.389 592.313 592.44 592.648 592.736 592.798 592.727 592.737 592.754 592.777 592.725 592.874 592.839 592.604 592.566 592.764 592.73 592.791 592.81 592.717 592.141 591.861 591.743 592.012 592.218 592.31 592.161 592.091 591.879 591.675 591.761 591.762 591.746 591.46 590.916 590.337 590.179
593.751 593.866 594.03 594.291 594.596 594.626 594.636 594.716 594.945 594.914 594.591 594.771 594.923 595.036 594.891 594.525 594.349 594.117 594.107 594.183 594.196 594.111 593.915 593.816 593.733 593.451 593.2 593.051 592.875 592.789 592.591 592.437 592.322 592.626 592.826 592.844 592.898 592.873 592.862 592.876 592.859 592.982 593.028 593.085 592.88 592.918 592.903 592.985 593.057 592.886 592.773 592.484 592.189 592.179 592.318 592.542 592.596 592.421 592.496 592.115 591.982 592.163 592.231 592.145 591.888 591.175 590.715 590.763
594.055 594.433 594.34 594.464 594.544 594.567 594.71 594.779 594.934 594.967 594.759 594.71 595 595.188 595.412 595.083 594.605 594.45 594.34 594.361 594.368 594.299 594.116 593.988 593.822 593.59 593.366 592.891 592.851 592.786 592.627 592.413 592.565 592.697 592.908 592.955 593.07 593.123 593.105 592.979 593.136 593.087 593.319 593.28 593.26 593.145 593.186 593.257 593.178 593.048 593.022 592.763 592.772 592.636 593 592.785 592.656 592.587 592.629 592.441 592.458 592.716 592.711 592.599 592.372 592.174 591.705 591.501
594.1 594.614 594.581 594.594 594.761 594.678 594.688 594.762 594.895 594.761 594.713 594.924 595.121 595.435 595.467 595.223 594.978 594.755 594.682 594.619 594.583 594.597 594.446 594.27 594.03 593.419 592.843 592.221 592.075 592.562 592.892 592.68 592.722 592.877 592.925 593.123 593.206 593.359 593.332 593.25 593.216 593.397 593.471 593.557 593.571 593.633 593.467 593.428 593.313 593.406 593.257 593.1 593.073 592.908 592.804 592.992 593.142 593.163 593.101 593.508 593.25 593.428 593.18 592.966 592.605 592.435 592.129 591.786
594.357 594.586 594.729 594.787 594.885 594.915 594.685 594.773 594.904 594.699 594.692 595.045 595.259 595.311 595.148 595.16 595.015 595.039 594.876 594.716 594.712 594.638 594.58 594.28 593.744 593.505 593.149 592.791 592.682 593.384 593.554 593.618 593.673 593.511 593.468 593.42 593.645 593.735 593.596 593.594 593.636 593.677 593.735 593.835 593.787 593.78 593.75 593.663 593.565 593.538 593.443 593.256 593.109 592.987 593.033 593.335 593.471 593.309 593.205 593.253 593.303 593.499 593.332 593.168 592.955 592.819 592.489 592.422
594.572 594.846 594.932 594.954 594.931 595.011 594.967 594.636 594.63 594.855 594.906 595.222 595.408 595.165 595.201 595.156 595.097 595.091 595.014 594.796 594.63 594.54 594.526 594.294 594.03 593.796 593.824 593.676 593.562 593.755 593.816 593.805 593.901 593.757 593.944 593.867 593.901 593.937 593.894 593.813 593.839 593.97 593.943 593.872 593.847 593.897 593.864 593.735 593.717 593.66 593.523 593.314 593.18 593.115 593.386 593.684 593.548 593.252 592.883 592.97 593.294 593.504 593.427 593.31 593.262 593.184 593.172 592.934
594.527 594.965 594.99 594.959 595.156 595.145 595.175 594.932 594.908 594.863 595.013 595.289 595.545 595.273 595.184 595.251 595.139 595.09 595.037 594.945 594.646 594.589 594.629 594.533 594.181 594.17 594.2 594.05 593.907 593.974 594.027 593.997 594.136 594.314 594.374 594.273 594.285 594.243 594.322 594.157 594.061 594.052 594.08 594.03 594.039 594.199 594.065 594.175 594.212 593.913 593.691 593.465 593.243 593.308 593.865 593.607 593.482 593.024 591.951 592.102 592.547 593.506 593.434 593.505 593.59 593.64 593.521 593.332
594.965 595.107 595.072 595.153 595.209 595.131 595.177 595.136 595.091 595.039 594.994 595.157 595.269 595.469 595.354 595.418 595.362 595.351 595.276 594.983 594.647 594.77 594.887 595.05 594.85 594.837 594.906 594.687 594.653 594.515 594.516 594.515 594.651 594.94 594.985 594.84 594.897 594.856 594.826 594.616 594.376 594.43 594.171 594.017 594.149 594.238 594.471 594.594 594.523 594.138 594 593.637 593.671 593.722 594.081 593.969 593.5 593.035 592.385 592.714 593.32 593.628 593.633 593.685 593.836 593.981 593.226 593.074
595.182 595.299 595.373 595.27 595.263 595.277 595.233 595.175 595.067 594.939 594.914 595.105 595.316 595.375 595.455 595.548 595.469 595.436 595.232 595.021 594.728 594.948 595.069 595.089 595.137 595.13 595.061 595.02 594.874 594.843 594.843 594.951 595.13 595.241 595.382 595.24 595.115 595.144 595.212 595.044 594.78 594.552 594.419 594.082 594.212 594.506 594.74 594.864 594.649 594.559 593.967 593.947 593.932 594.105 594.543 594.436 593.686 593.098 592.938 593.467 593.776 593.944 593.889 593.866 594.07 594.255 593.491 592.976
595.32 595.283 595.357 595.351 595.275 595.277 595.337 595.326 595.193 595.19 595.252 595.421 595.443 595.475 595.656 595.851 595.769 595.596 595.425 595.089 595.002 595.205 595.351 595.341 595.47 595.452 595.592 595.55 595.374 595.347 595.319 595.641 595.606 595.911 595.755 595.418 595.185 595.46 595.607 595.429 595.035 594.756 594.543 594.352 594.377 594.692 595.108 595.101 594.959 594.626 594.357 594.441 594.897 594.851 595.171 594.723 594.015 593.748 593.877 594.021 594.453 594.457 594.223 594.029 594.249 594.469 593.889 593.628
595.334 595.303 595.327 595.309 595.281 595.298 595.266 595.314 595.239 595.389 595.497 595.565 595.686 595.782 595.916 595.957 595.819 595.663 595.403 595.064 594.965 595.338 595.471 595.503 595.585 595.792 595.805 595.989 595.803 595.806 595.767 595.894 596.257 596.254 595.941 595.569 595.349 595.496 595.608 595.484 595.073 594.928 594.658 594.679 594.254 594.642 594.941 595.325 595.284 594.763 594.597 594.673 595.028 595.705 595.506 595.094 594.503 594.226 594.336 594.496 595.053 595.187 594.7 594.365 594.434 594.765 594.714 594.523
595.405 595.356 595.337 595.328 595.341 595.288 595.319 595.249 595.299 595.646 595.767 595.883 596.16 596.277 596.314 596.209 596.051 595.941 595.815 595.345 595.235 595.414 595.535 595.776 596.123 596.193 596.443 596.561 596.728 596.403 596.567 596.635 596.476 596.182 596.094 595.687 595.497 595.622 595.819 595.628 595.289 594.954 594.841 594.747 594.858 594.881 594.963 595.346 595.633 595.506 595.352 595.517 595.806 596.36 596.199 595.3 595.033 594.831 594.896 595.345 595.458 595.312 595.077 594.925 594.752 594.937 595.005 594.921
595.389 595.22 595.204 595.175 595.157 595.292 595.17 595.113 595.282 595.83 596.061 596.276 596.34 596.446 596.385 596.345 596.298 596.224 595.986 595.734 595.378 595.776 596.024 596.299 596.461 596.545 596.719 596.932 596.968 596.788 596.554 596.496 596.508 596.292 596.158 595.911 595.838 595.857 595.846 595.805 595.575 595.153 595.148 595.135 595.203 595.315 595.316 595.409 595.772 595.734 595.75 595.847 596.359 596.489 596.291 595.849 595.502 595.209 595.637 595.923 595.902 595.76 595.714 595.324 595.28 595.069 595.073 595.246
595.27 595.11 594.957 595.007 594.952 594.986 595.135 595.091 595.419 595.885 596.205 596.387 596.489 596.644 596.752 596.631 596.535 596.503 596.306 596.201 595.711 595.84 596.349 596.548 596.81 596.751 596.948 597.048 597.033 596.966 596.881 596.561 596.602 596.399 596.294 595.982 596.109 596.02 595.92 596.134 595.972 595.757 595.611 595.62 595.694 595.936 595.737 595.789 596.047 596.087 596.046 596.092 596.662 596.636 596.302 596.08 595.985 596.047 596.152 596.287 596.186 596.122 596.044 596.007 595.825 595.497 595.872 595.651
595.257 595.007 594.848 594.746 594.268 594.518 594.913 595.167 595.487 596.193 596.419 596.516 596.694 596.721 596.836 596.926 596.754 596.652 596.682 596.268 595.9 596.263 596.582 597.096 597.105 597.096 597.1 597.201 597.007 596.856 596.646 596.746 596.74 596.704 596.418 596.315 596.148 596.258 596.37 596.422 596.172 595.897 595.955 596.087 596.153 596.228 596.15 595.962 596.351 596.504 596.448 596.506 596.701 596.793 596.478 596.307 596.271 596.329 596.474 596.515 596.435 596.321 596.268 596.31 596.304 596.104 596.271 596.106
595.077 594.887 594.862 594.694 594.263 594.464 595.17 595.824 595.958 596.228 596.448 596.671 596.676 596.729 596.977 597.052 596.98 596.998 596.895 596.746 596.243 596.393 597.03 597.356 597.346 597.283 597.305 597.39 597.074 596.683 596.585 597.083 597.027 597.015 596.75 596.534 596.279 596.404 596.655 596.744 596.435 596.27 596.357 596.288 596.547 596.616 596.382 596.447 596.694 596.808 596.841 596.865 597.123 597.024 596.718 596.596 596.531 596.6 596.737 596.793 596.576 596.401 596.376 596.365 596.36 596.471 596.563 596.448
595.222 595.329 595.544 595.25 595.045 595.376 595.891 596.054 596.225 596.473 596.579 596.744 596.824 596.877 597.035 597.065 597.167 597.133 597.19 597.23 597.073 597.213 597.417 597.671 597.603 597.599 597.476 597.439 597.108 596.808 596.751 596.943 597.332 597.177 597.064 596.77 596.682 596.722 596.761 596.688 596.465 596.592 596.575 596.539 596.572 596.71 596.825 596.815 597.044 597.278 597.19 597.281 597.361 597.28 597.14 596.966 596.955 597.025 597.084 597.001 596.655 596.427 596.29 596.457 596.508 596.591 596.79 596.851
595.757 595.64 595.773 595.56 595.333 595.739 596.031 596.28 596.316 596.509 596.661 596.728 596.873 596.919 597.054 597.136 597.306 597.195 597.183 597.261 597.346 597.521 597.555 597.718 597.692 597.581 597.583 597.208 597.184 596.785 596.66 596.873 597.329 597.321 597.263 597.152 597.078 596.973 596.924 596.759 596.849 596.897 596.878 596.798 596.845 596.956 596.965 597.075 597.23 597.403 597.45 597.358 597.446 597.476 597.341 597.294 597.236 597.208 597.127 597.176 596.939 596.683 596.562 596.479 596.525 596.653 596.793 597.074
596.257 596.161 596.167 595.92 596.24 596.541 596.549 596.64 596.706 596.583 596.69 596.811 596.922 596.954 597.227 597.3 597.362 597.34 597.385 597.392 597.607 597.678 597.763 597.722 597.697 597.632 597.752 597.418 597.251 596.923 596.995 597.406 597.639 597.561 597.476 597.517 597.579 597.327 597.095 597.065 596.943 596.873 597.175 597.228 597.293 597.255 597.315 597.338 597.371 597.393 597.534 597.721 597.69 597.522 597.539 597.444 597.338 597.28 597.304 597.245 597.103 596.874 596.735 596.61 596.59 596.791 596.909 597.124
596.668 596.578 596.499 596.538 596.448 596.749 596.808 596.788 596.918 596.676 596.627 596.594 596.888 597.062 597.192 597.275 597.48 597.467 597.466 597.484 597.667 597.675 597.765 597.717 597.687 597.634 597.647 597.541 597.44 597.247 597.31 597.347 597.653 597.736 597.583 597.65 597.537 597.411 597.14 597.194 597.127 597.203 597.206 597.355 597.396 597.32 597.488 597.506 597.545 597.374 597.418 597.656 597.587 597.669 597.697 597.591 597.506 597.42 597.458 597.433 597.354 597.166 597.026 596.932 596.862 596.951 596.994 596.513
