20220701_namedtuples/mapdata/sd8877_DSM_2M.asc
ncols 500
nrows 500
xllcorner    388000
yllcorner    477000
cellsize     2
NODATA_value -9999
[rows 300 to 329 of 500, columns 201 to 267 of 500]
520.145 519.745 520.779 521.448 522.085 522.546 522.964 523.45 524.349 525.648 526.415 526.989 527.641 528.193 528.764 529.188 529.533 529.811 530.177 530.384 530.676 530.976 531.472 531.68 531.995 532.147 532.445 532.645 533.039 533.437 533.608 533.768 534.236 534.532 535.016 535.157 535.584 536.013 536.443 536.642 536.524 536.847 537.254 537.555 537.843 538.241 538.823 539.208 539.718 540.085 540.557 540.862 540.857 540.863 541.01 541.474 541.7 541.636 541.979 542.156 542.321 542.658 543.1 543.278 543.288 543.716 544.076
519.51 520.01 520.661 521.366 522.018 522.368 522.846 523.572 524.475 525.591 526.49 527.104 527.486 528.11 528.589 528.995 529.311 529.702 529.949 530.259 530.49 530.877 531.106 531.325 531.666 531.883 532.1 532.463 532.777 533.05 533.43 533.627 533.919 534.269 534.592 534.882 535.354 535.575 535.593 535.726 535.927 536.273 536.505 536.828 537.086 537.634 537.928 538.599 538.756 539.453 539.806 540.189 540.221 540.505 540.709 540.965 540.945 541.118 541.341 541.641 541.838 541.936 542.193 542.318 542.546 542.752 543.395
519.286 519.822 520.709 521.264 521.681 522.155 522.776 523.512 524.666 525.88 526.465 526.91 527.316 527.768 528.238 528.62 528.993 529.252 529.506 529.88 530.135 530.457 530.826 530.976 531.14 531.534 531.673 532.113 532.389 532.705 533.182 533.273 533.493 533.838 534.277 534.6 534.929 535.019 535.226 535.372 535.584 535.939 536.243 536.775 537.09 537.378 537.789 538.134 538.587 538.912 539.251 539.626 539.823 540.028 540.179 540.376 540.547 540.7 540.849 541.125 541.268 541.727 541.839 542.057 542.357 542.833 543.271
518.775 519.702 520.361 521.009 521.439 521.843 522.487 523.308 524.946 525.651 526.273 526.832 527.152 527.479 528.11 528.455 528.716 529.004 529.206 529.485 529.782 530.2 530.322 530.563 530.779 531.15 531.511 531.822 532.137 532.442 532.737 532.988 533.277 533.692 534.112 534.401 534.614 534.84 534.792 534.834 535.173 535.579 535.805 536.182 536.727 536.974 537.27 537.672 537.961 538.338 538.701 538.788 538.992 539.276 539.524 539.789 539.94 540.154 540.516 540.655 540.982 541.235 541.334 541.603 541.931 542.37 542.728
518.609 519.501 520.22 520.704 520.896 521.48 522.579 523.736 524.65 525.51 526.195 526.386 526.798 527.271 527.716 528.086 528.449 528.528 528.866 529.174 529.455 529.806 530.127 530.259 530.607 530.939 531.38 531.638 531.969 532.201 532.534 532.832 533.176 533.714 533.952 534.035 534.209 534.153 534.089 534.294 534.574 534.799 535.363 535.715 536.166 536.626 536.968 537.287 537.595 537.888 538.234 538.465 538.649 538.898 539.128 539.38 539.539 539.655 539.798 540.279 540.543 540.732 540.872 541.055 541.397 541.732 542.008
518.897 519.43 519.985 520.334 520.725 521.18 522.504 523.893 524.416 525.279 525.722 526.277 526.61 527.151 527.608 527.849 528.101 528.524 528.728 528.953 529.189 529.571 529.778 530.049 530.341 530.765 531.007 531.369 531.785 531.943 532.316 532.542 533.075 533.309 533.678 533.757 533.7 533.745 533.776 533.92 534.384 534.816 535.228 535.692 536.055 536.43 536.819 537.019 537.095 537.47 537.641 537.935 538.148 538.386 538.63 538.766 538.92 539.299 539.534 539.775 540.059 540.249 540.446 540.631 541.021 541.356 541.568
518.99 519.573 519.932 520.257 520.535 521.035 522.328 523.401 524.273 525.044 525.507 525.933 526.468 527.053 527.251 527.619 527.899 528.287 528.458 528.628 528.934 529.12 529.558 529.931 530.161 530.532 530.872 531.157 531.408 531.774 531.993 532.503 532.646 532.982 533.295 533.349 533.34 533.196 533.306 533.517 533.695 533.93 534.609 534.889 535.502 535.917 536.049 536.363 536.589 537.064 537.159 537.496 537.767 538.018 538.204 538.304 538.536 538.872 539.192 539.328 539.652 539.9 539.873 540.163 540.491 540.814 540.938
518.731 519.476 519.884 520.358 520.569 520.989 521.976 522.867 523.845 524.603 525.16 525.558 525.835 526.412 526.775 527.234 527.488 527.825 528.087 528.325 528.748 529.105 529.589 529.826 530.226 530.502 530.71 531.025 531.406 531.66 531.92 532.302 532.418 532.567 532.618 532.829 532.754 532.883 532.97 533.051 533.377 533.742 534.089 534.556 535.171 535.63 536.058 536.247 536.562 536.665 536.888 537.134 537.427 537.581 537.603 537.872 538.227 538.5 538.568 538.985 539.294 539.414 539.631 539.846 539.932 540.439 540.847
518.42 519.337 519.909 520.301 520.605 520.983 521.745 522.389 523.444 524.401 525.012 525.342 525.739 526.083 526.502 526.955 527.367 527.582 527.872 528.324 528.765 529.194 529.561 529.892 530.096 530.354 530.556 530.886 531.254 531.611 531.813 531.975 532.297 532.272 532.285 532.309 532.526 532.389 532.517 532.765 532.954 533.413 533.796 533.925 534.409 534.906 535.211 535.227 535.361 535.726 536.206 536.498 536.762 537.006 537.168 537.464 537.723 538.041 538.348 538.587 538.784 539.068 539.021 539.311 539.359 539.731 540.34
518.438 519.266 519.798 520.277 520.79 521.182 521.705 522.175 523.105 524.323 525.031 525.253 525.451 525.883 526.037 526.251 526.726 527.099 527.658 527.926 528.583 528.802 529.3 529.655 530.005 530.287 530.549 530.813 531.146 531.419 531.662 531.9 531.963 531.999 531.922 531.981 531.915 531.999 532.058 532.213 532.508 532.947 533.176 533.418 534.01 534.435 534.63 534.896 535.02 535.597 535.961 536.284 536.526 536.678 536.756 537.186 537.252 537.531 537.784 537.927 538.324 538.363 538.83 538.644 539.019 539.236 539.649
518.223 518.989 519.628 520.161 520.776 521.254 521.669 522.183 522.961 524.239 524.876 525.155 525.275 525.611 525.727 526.026 526.273 526.768 527.326 527.837 528.573 528.823 529.286 529.677 529.962 530.175 530.439 530.563 530.915 531.226 531.357 531.524 531.828 531.594 531.727 531.667 531.549 531.59 531.708 531.891 532.227 532.699 533.002 533.257 533.458 534.048 534.15 534.522 534.776 535.213 535.617 535.742 535.751 536.018 536.252 536.453 536.707 537.047 537.245 537.587 537.814 537.869 538.042 538.286 538.523 538.971 539.281
518.142 518.901 519.506 520.03 520.823 521.176 521.546 522.322 523.513 524.369 524.678 524.934 525.084 525.254 525.447 525.66 525.863 526.315 526.783 527.235 527.818 528.263 528.722 529.108 529.444 529.626 529.764 529.934 530.447 530.605 530.888 531.173 531.34 531.337 531.276 531.202 531.162 531.089 531.151 531.216 531.684 532.019 532.275 532.608 532.978 533.292 533.579 533.969 534.247 534.83 535.237 535.353 535.492 535.628 536 536.288 536.521 536.902 536.981 537.18 537.212 537.468 537.664 537.812 538.092 538.263 538.709
518.301 518.909 519.677 520.085 520.569 521.032 521.418 522.245 523.164 524.079 524.665 524.755 524.91 525.049 525.228 525.593 525.573 525.987 526.402 526.764 527.271 527.949 528.529 528.983 529.217 529.201 529.256 529.604 529.893 530.066 530.478 530.693 530.892 530.93 530.914 530.819 530.691 530.679 530.814 530.826 531.064 531.378 531.828 532.214 532.686 533.06 533.37 533.699 534.05 534.236 534.616 534.915 535.043 535.319 535.664 535.706 535.96 536.209 536.349 536.435 536.762 536.886 537.034 537.291 537.599 537.737 537.972
518.427 519.279 519.695 520.09 520.399 520.856 521.365 522.19 522.841 523.726 524.357 524.542 524.712 524.823 525.027 525.14 525.325 525.461 525.872 526.289 526.801 527.293 527.803 528.125 528.262 528.602 528.786 528.971 529.263 529.637 529.879 530.172 530.256 530.289 530.517 530.432 530.387 530.467 530.484 530.584 530.625 530.885 531.439 531.732 532.084 532.407 532.905 533.011 533.5 533.779 534.077 534.267 534.454 534.815 535.268 535.404 535.593 535.808 535.941 536.199 536.357 536.57 536.825 536.872 537.089 537.246 537.458
518.24 519.07 519.487 519.709 520.052 520.588 521.202 521.641 522.38 523.32 523.822 524.261 524.466 524.635 524.922 525.009 525.141 525.269 525.462 525.822 526.257 526.895 527.298 527.71 527.909 528.217 528.431 528.885 529.074 529.315 529.683 529.472 529.526 529.928 529.934 529.924 530.134 530.029 530.044 530.118 530.437 530.458 530.906 531.291 531.622 531.948 532.297 532.758 533.158 533.484 533.576 534.043 534.399 534.633 534.958 535.123 535.239 535.444 535.51 535.582 535.718 535.97 536.175 536.313 536.594 536.698 537.019
518.368 518.96 519.325 519.52 519.904 520.471 520.899 521.448 522.279 522.953 523.46 523.958 524.309 524.63 524.793 524.913 525.096 525.089 525.196 525.534 525.685 526.396 526.755 527.113 527.326 527.711 527.844 528.208 528.381 528.612 528.553 528.872 528.971 529.024 529.217 529.37 529.528 529.581 529.808 529.936 530.058 530.27 530.617 530.851 531.149 531.383 531.931 532.34 532.659 532.815 533.072 533.54 533.653 533.971 534.154 534.392 534.617 534.818 534.789 535.118 535.285 535.48 535.602 535.935 536.195 536.339 536.497
518.112 518.853 519.123 519.457 520.003 520.318 520.79 521.67 522.143 522.626 523.137 523.634 523.998 524.215 524.439 524.646 524.764 524.972 524.989 525.142 525.369 525.648 525.931 526.139 526.84 527.103 527.448 527.764 527.99 528.135 528.326 528.557 528.724 528.77 529.044 529.045 529.211 529.425 529.458 529.624 529.759 529.894 530.181 530.252 530.695 530.994 531.561 531.996 532.045 532.494 532.883 533.232 533.382 533.657 534.026 534.176 534.578 534.594 534.693 534.802 534.838 535.056 535.255 535.522 535.847 535.653 535.903
518.037 518.573 518.782 519.28 519.84 519.974 520.957 521.506 521.784 522.606 523.11 523.414 523.687 524.037 524.267 524.495 524.678 524.85 524.938 525.029 525.171 525.461 525.795 526.053 526.424 526.702 526.96 527.138 527.431 527.837 527.865 527.929 528.051 528.279 528.345 528.488 528.738 529.028 529.183 529.304 529.349 529.427 529.711 530.018 530.277 530.77 531.192 531.483 531.819 532.353 532.576 532.837 532.9 533.252 533.395 533.608 533.715 534.01 533.904 534.131 534.298 534.339 534.659 534.688 534.826 535.049 535.285
518.05 518.383 518.798 518.945 519.358 520.03 520.861 521.293 521.748 522.452 522.818 523.007 523.329 523.559 523.801 524.229 524.4 524.698 524.841 524.883 525.02 525.186 525.359 525.419 525.695 525.878 526.215 526.518 526.593 526.983 527.127 527.438 527.555 528.033 528.133 528.215 528.559 528.921 529.029 529.031 529.035 529.259 529.372 529.803 530.299 530.568 530.783 531.187 531.643 531.927 532.166 532.428 532.548 532.984 533.085 533.249 533.508 533.669 533.885 533.929 534.246 534.373 534.379 534.436 534.694 534.728 534.992
517.538 518.285 518.634 518.936 519.336 520.005 520.58 521.236 521.784 522.172 522.627 522.805 523.064 523.348 523.838 524.033 524.324 524.613 524.689 524.95 525.081 525.213 525.28 525.346 525.355 525.464 525.778 526.08 526.407 526.839 526.996 527.125 527.307 527.515 527.816 528.004 528.161 528.327 528.501 528.547 528.651 528.808 529.163 529.36 529.855 530.245 530.606 530.955 531.282 531.582 531.911 532.207 532.214 532.547 532.647 532.747 533.099 533.202 533.315 533.464 533.663 533.672 533.774 533.606 533.885 533.868 533.871
517.075 517.978 518.484 519.036 519.549 519.962 520.522 521.15 521.483 521.871 521.961 522.402 522.799 523.147 523.488 523.772 524.117 524.478 524.656 525.011 525.125 525.285 525.357 525.282 525.249 525.24 525.365 525.494 525.775 525.957 526.149 526.383 526.716 527.071 527.64 527.73 527.839 528.096 528.124 528.168 528.34 528.506 528.868 529.116 529.574 529.939 530.178 530.589 530.866 531.142 531.278 531.659 531.808 532.005 532.187 532.487 532.502 532.673 532.977 533.238 533.343 533.451 533.444 533.382 533.475 533.509 533.784
516.64 517.654 518.422 518.934 519.442 519.903 520.452 520.868 521.304 521.485 521.849 522.247 522.538 522.965 523.365 523.72 524.026 524.41 524.601 524.976 525.106 525.27 525.323 525.34 525.335 525.165 525.184 525.314 525.382 525.637 525.868 526.182 526.776 527.222 527.25 527.54 527.609 527.788 527.808 528.018 528.159 528.197 528.407 528.868 529.343 529.574 529.787 530.018 530.416 530.807 530.97 531.208 531.473 531.764 531.874 532.158 532.308 532.471 532.677 532.868 533.008 533.07 533.037 533.104 533.142 533.036 532.964
516.935 517.869 518.58 519.148 519.5 519.971 520.376 520.717 520.818 521.31 521.547 521.936 522.362 522.823 523.132 523.557 524.021 524.275 524.601 524.871 524.994 525.097 525.217 525.235 525.199 525.11 524.945 525 525.097 525.215 525.709 525.934 526.22 526.594 526.896 527.167 527.25 527.243 527.158 527.384 527.732 527.824 528.177 528.606 528.92 529.048 529.462 529.873 530.109 530.347 530.53 530.73 530.991 531.22 531.572 531.592 531.938 531.936 532.254 532.38 532.553 532.632 532.647 532.717 532.647 532.741 532.805
517.381 518.003 518.451 518.963 519.261 519.564 519.781 520.116 520.404 520.889 521.274 521.881 522.305 522.69 523.12 523.5 523.936 524.412 524.544 524.848 524.952 524.993 525.121 525.082 524.976 524.919 524.858 524.836 524.723 525.174 525.483 525.775 526.054 526.379 526.713 526.953 526.976 527.024 527.017 527.268 527.427 527.616 527.997 528.343 528.504 528.783 529.081 529.431 529.857 529.879 530.15 530.372 530.576 530.729 530.978 531.27 531.509 531.767 531.985 532.21 532.34 532.439 532.43 532.569 532.473 532.466 532.638
517.339 517.788 518.281 518.664 519.025 519.263 519.457 519.666 520.035 520.653 520.992 521.472 522.124 522.639 523.024 523.471 524.001 524.175 524.402 524.575 524.75 524.811 524.936 524.927 524.89 524.824 524.775 524.72 524.698 524.929 525.42 525.585 525.945 526.217 526.38 526.51 526.453 526.576 526.564 526.666 527.084 527.274 527.505 527.721 527.922 528.341 528.537 529.042 529.225 529.484 529.761 529.964 530.158 530.5 530.766 530.968 531.221 531.353 531.578 531.8 531.747 531.921 532.005 531.916 532.127 532.159 532.136
516.988 517.478 517.938 518.17 518.45 518.77 518.849 519.195 519.756 520.118 520.451 521.096 521.595 522.248 522.877 523.261 523.663 523.971 524.194 524.412 524.466 524.595 524.621 524.602 524.595 524.508 524.562 524.679 524.772 524.837 525.344 525.494 525.725 525.854 525.969 526.174 526.281 526.313 526.487 526.552 526.854 527.098 527.387 527.666 527.79 528.076 528.424 528.576 528.86 529.055 529.394 529.653 529.784 530.172 530.373 530.652 530.771 531.089 531.228 531.419 531.468 531.602 531.812 531.823 531.885 531.981 531.938
516.923 517.369 517.704 517.97 518.295 518.551 518.684 518.98 519.377 519.784 520.416 520.827 521.25 521.879 522.59 523.127 523.49 523.724 523.865 523.984 524.089 524.19 524.265 524.308 524.282 524.366 524.417 524.55 524.673 524.777 525.093 525.318 525.508 525.672 525.924 525.968 526.033 525.973 526.167 526.442 526.66 526.926 526.996 527.308 527.446 527.755 527.879 527.929 528.348 528.524 528.748 528.953 529.21 529.675 529.874 530.104 530.352 530.575 530.89 531.028 531.186 531.374 531.332 531.391 531.59 531.698 531.625
516.87 517.311 517.722 518.041 518.221 518.497 518.782 518.954 519.42 519.912 520.189 520.808 521.431 521.923 522.544 522.416 522.782 523.07 523.391 523.683 523.802 523.911 523.91 524.199 524.219 524.184 524.301 524.384 524.48 524.659 524.945 525.193 525.23 525.539 525.577 525.669 525.755 525.896 526.136 526.245 526.329 526.66 526.878 527.089 527.278 527.401 527.65 527.917 528.19 528.467 528.672 528.965 529.131 529.423 529.633 530.021 530.105 530.383 530.395 530.593 530.747 530.842 531.078 531.165 531.254 531.398 531.48
-9999 -9999 -9999 -9999 -9999 -9999 -9999 -9999 -9999 -9999 -9999 -9999 -9999 521.361 521.349 521.894 522.391 522.34 522.961 523.041 523.344 523.527 523.592 523.563 523.663 523.811 523.777 523.909 523.925 524.168 524.409 524.798 525.084 525.253 525.294 525.429 525.681 525.884 526.094 526.171 526.305 526.51 526.656 526.712 527.016 527.158 527.269 527.353 527.682 527.867 528.075 528.281 528.465 528.755 529.006 529.332 529.612 529.889 530.182 530.223 530.422 530.618 530.791 530.997 531.263 531.352 531.463
-9999 -9999 -9999 -9999 -9999 -9999 -9999 -9999 -9999 -9999 -9999 -9999 -9999 520.107 520.42 520.361 520.491 521.391 521.841 522.244 522.547 522.986 523.209 523.279 523.35 523.379 523.55 523.633 523.879 524.132 524.543 524.782 524.97 524.953 525.04 525.334 525.641 525.853 525.904 525.886 525.967 526.107 526.236 526.467 526.608 526.747 527.019 527.217 527.399 527.449 527.617 527.758 528.363 528.635 528.9 529.146 529.377 529.396 529.735 529.745 529.969 530.131 530.369 530.572 530.722 530.974 531.151
