20220701_namedtuples/mapdata/sd8878_DSM_2M.asc
ncols 500
nrows 500
xllcorner    388000
yllcorner    478000
cellsize     2
NODATA_value -9999
[rows 300 to 329 of 500, columns 272 to 339 of 500]
567.595 567.525 567.543 567.493 567.448 567.348 567.313 567.365 567.34 567.533 567.693 567.573 567.583 567.483 567.38 567.285 567.103 567.06 566.9 566.698 566.613 566.39 566.29 566.223 566.32 566.273 566.175 566.055 565.878 565.57 565.33 564.963 564.685 564.523 564.158 563.798 563.64 563.633 563.648 563.383 563.2 563.013 562.593 562.32 561.973 561.545 561.105 560.758 560.613 560.438 560.093 559.765 559.553 559.328 558.973 558.615 558.405 558.058 557.815 557.668 557.55 557.448 557.243 557.213 557.11 556.78 556.465 556.303
567.865 567.79 567.85 568.158 568.028 567.858 567.888 567.983 568.25 568.218 568.163 568.143 568.023 567.905 567.803 567.738 567.778 567.753 567.613 567.27 567.368 567.098 566.938 566.813 566.82 566.875 566.755 566.495 566.428 566.213 565.938 565.54 565.103 564.935 564.753 564.478 564.275 564.18 564.245 564.04 563.728 563.598 563.358 563.06 562.603 562.118 561.695 561.303 561.055 560.805 560.543 560.42 560.08 559.875 559.383 559.163 558.903 558.455 558.2 558.138 558.103 558.04 557.873 557.818 557.738 557.25 557.06 556.865
568.38 568.335 568.53 568.765 568.71 568.74 568.653 568.615 568.668 568.513 568.518 568.515 568.39 568.363 568.335 568.348 568.353 568.225 568.08 567.943 567.808 567.708 567.565 567.285 567.2 567.185 567.25 567.265 567.015 566.838 566.508 566.05 565.67 565.353 565.233 565.073 564.77 564.84 564.87 564.595 564.19 563.963 563.775 563.49 563.113 562.765 562.38 561.955 561.598 561.245 561.11 561.088 560.66 560.233 559.845 559.728 559.515 559.035 558.708 558.603 558.648 558.635 558.585 558.553 558.423 557.94 557.595 557.39
569.015 568.873 569.298 569.263 569.283 569.203 569.09 569.118 569.188 569.07 568.915 568.933 568.908 568.833 568.885 568.94 568.898 568.68 568.498 568.395 568.45 568.378 568.203 567.985 567.768 567.623 567.615 567.7 567.543 567.275 566.943 566.563 566.183 565.953 565.885 565.513 565.438 565.518 565.5 565.123 564.783 564.448 564.173 563.898 563.595 563.32 563.043 562.62 562.263 561.835 561.588 561.213 560.99 560.578 560.32 560.068 559.838 559.613 559.353 559.21 559.23 559.29 559.278 559.09 558.86 558.465 558.093 557.82
569.555 569.665 569.768 569.62 569.758 569.865 569.828 569.815 569.803 569.715 569.638 569.555 569.51 569.39 569.463 569.368 569.37 569.11 568.893 568.855 568.928 568.865 568.715 568.63 568.47 568.21 568.06 567.96 567.803 567.57 567.45 567.268 567.033 566.568 566.393 566.33 566.293 566.07 565.965 565.613 565.388 564.938 564.638 564.303 564.098 563.813 563.44 563.13 562.678 562.218 561.985 561.708 561.44 560.98 560.715 560.528 560.413 560.23 560.06 560.02 559.923 559.883 559.828 559.66 559.348 558.975 558.625 558.443
570.033 570.278 570.188 570.245 570.36 570.498 570.503 570.435 570.425 570.49 570.473 570.3 570.283 570.28 569.898 569.738 569.73 569.553 569.395 569.353 569.32 569.2 569.22 569.265 569.133 568.768 568.47 568.39 568.265 568.19 567.933 567.83 567.743 567.198 567.113 567.08 566.96 566.668 566.445 566.283 565.963 565.5 565.263 564.933 564.555 564.178 563.745 563.5 563.038 562.703 562.34 561.99 561.718 561.423 561.23 561.18 561.018 560.718 560.523 560.418 560.423 560.405 560.335 560.22 560.033 559.545 559.158 558.965
570.668 570.825 570.718 570.823 570.998 571.03 571.015 570.968 570.945 571.018 571.013 570.833 570.868 570.933 570.498 570.038 570.065 570.128 569.888 569.86 569.765 569.565 569.66 569.83 569.548 569.255 569.025 568.848 568.945 568.853 568.743 568.598 568.53 568.338 568.14 567.795 567.488 567.258 566.983 566.84 566.443 566.148 565.853 565.538 565.12 564.715 564.303 563.925 563.52 563.185 562.84 562.558 562.23 562.01 561.87 561.73 561.5 561.11 560.905 560.905 560.865 560.885 560.758 560.64 560.47 560.015 559.678 559.498
571.253 571.358 571.358 571.32 571.348 571.405 571.463 571.46 571.405 571.378 571.418 571.248 571.325 571.19 570.79 570.435 570.485 570.633 570.42 570.34 570.29 570.118 570.238 570.183 569.858 569.69 569.535 569.305 569.463 569.368 569.295 569.158 568.988 568.863 568.7 568.355 568.005 567.89 567.675 567.35 566.913 566.73 566.388 566.038 565.615 565.173 564.738 564.455 563.96 563.708 563.385 563.145 562.78 562.563 562.438 562.24 561.948 561.618 561.433 561.355 561.448 561.33 561.18 560.975 560.683 560.43 560.215 560.033
571.885 571.915 571.99 572.028 572.025 571.973 571.895 571.88 571.788 571.758 571.788 571.738 571.73 571.493 571.013 570.915 571.108 571.103 570.938 570.823 570.853 570.725 570.673 570.52 570.335 570.275 570.148 569.983 570.078 569.998 569.82 569.723 569.52 569.403 569.305 569.285 568.925 568.56 568.263 567.985 567.61 567.285 566.99 566.49 566.105 565.863 565.53 565.145 564.675 564.26 564.063 563.683 563.428 563.195 563.013 562.77 562.493 562.16 561.99 561.865 561.863 561.73 561.615 561.385 561.068 560.83 560.708 560.535
572.353 572.428 572.54 572.583 572.603 572.575 572.49 572.375 572.238 572.273 572.22 572.23 572.238 571.94 571.683 571.575 571.653 571.69 571.64 571.445 571.18 571.148 571.05 570.948 570.885 570.875 570.81 570.71 570.715 570.603 570.52 570.455 570.373 570.15 570.055 569.923 569.693 569.175 568.753 568.41 568.02 567.79 567.585 567.293 567.028 566.605 566.153 565.81 565.648 565.005 564.713 564.343 564.153 563.88 563.8 563.568 563.118 562.753 562.493 562.37 562.328 562.198 562.078 561.825 561.533 561.293 561.173 561.018
572.88 572.983 573.09 573.013 573.088 573.155 573.035 572.98 572.948 572.885 572.755 572.645 572.75 572.548 572.33 572.303 572.293 572.263 572.205 572.123 571.95 571.74 571.718 571.53 571.448 571.373 571.343 571.185 571.178 571.203 571.063 570.93 570.795 570.708 570.545 570.4 570.223 569.81 569.273 568.693 568.573 568.398 568.165 568.013 567.795 567.39 567.008 566.653 566.248 565.77 565.385 565.138 564.858 564.678 564.83 564.525 563.875 563.345 563.058 562.958 562.84 562.683 562.488 562.31 562.01 561.79 561.588 561.448
573.75 573.583 573.533 573.408 573.41 573.5 573.465 573.458 573.483 573.485 573.398 573.373 573.335 573.123 572.94 572.978 573.038 572.898 572.735 572.58 572.56 572.43 572.183 571.898 571.798 571.64 571.63 571.675 571.543 571.573 571.508 571.318 571.21 571.108 570.898 570.68 570.52 570.268 569.92 569.328 569.083 568.953 568.605 568.473 568.298 568.185 567.793 567.413 566.993 566.67 566.135 565.815 565.63 565.738 565.92 565.513 564.835 564.205 563.798 563.475 563.265 563.125 562.893 562.738 562.508 562.265 562.093 562.008
574.323 574.075 573.958 573.918 573.855 573.9 573.985 574.063 574.068 574.16 574.08 573.98 573.943 573.77 573.605 573.603 573.595 573.443 573.393 573.29 573.165 573.128 572.848 572.59 572.425 572.333 572.07 572.02 571.925 571.853 571.645 571.528 571.41 571.263 571.17 571.04 570.818 570.668 570.485 569.983 569.7 569.515 569.195 568.95 568.808 568.628 568.33 568.085 567.643 567.175 566.663 566.418 566.568 566.853 566.855 566.458 565.755 565.043 564.633 564.198 563.823 563.635 563.483 563.295 563.033 562.845 562.748 562.725
575.048 574.69 574.475 574.393 574.28 574.283 574.465 574.62 574.643 574.608 574.67 574.608 574.428 574.338 574.23 574.225 574.225 574.08 573.985 573.86 573.743 573.548 573.328 573.213 573.023 572.893 572.518 572.265 572.178 572.11 571.92 571.63 571.543 571.475 571.475 571.378 571.188 571.083 570.958 570.77 570.255 570.18 569.943 569.588 569.365 569.038 568.825 568.663 568.318 567.955 567.763 567.623 567.59 567.748 567.68 567.305 566.7 566.005 565.518 565.088 564.488 564.2 564.135 563.918 563.655 563.505 563.48 563.525
575.618 575.263 574.863 574.808 574.748 574.775 575.058 575.213 575.243 575.55 575.685 575.143 574.808 574.78 574.805 574.778 574.64 574.505 574.39 574.293 574.18 574.023 573.808 573.783 573.61 573.443 573.178 572.785 572.49 572.275 572.143 571.928 571.738 571.658 571.573 571.465 571.433 571.445 571.445 571.44 570.958 570.6 570.433 570.235 569.863 569.448 569.068 569.028 568.98 568.905 568.913 568.815 568.673 568.503 568.31 568 567.583 567 566.57 566.248 565.803 565.36 565.095 564.76 564.488 564.363 564.325 564.335
576.173 575.843 575.305 575.27 575.26 575.365 575.6 575.87 576.268 576.318 576.133 575.695 575.363 575.263 575.293 575.22 575.088 574.95 574.833 574.823 574.718 574.523 574.388 574.323 574.29 574.073 573.748 573.468 573.15 572.848 572.668 572.548 572.278 572.09 571.903 571.768 571.793 571.725 571.74 571.77 571.675 571.298 571.05 570.778 570.453 570.153 569.593 569.395 569.473 569.528 569.59 569.628 569.505 569.293 569.04 568.768 568.388 567.98 567.735 567.475 567.195 566.755 566.338 565.873 565.475 565.355 565.443 565.453
576.673 576.338 575.888 575.86 575.898 576.003 576.15 576.335 576.705 576.668 576.308 575.96 575.83 575.758 575.72 575.62 575.545 575.428 575.385 575.348 575.155 575.013 574.9 574.793 574.778 574.703 574.505 574.175 573.848 573.67 573.48 573.355 573.135 572.835 572.613 572.325 572.103 572.025 572.153 572.12 572.07 571.845 571.475 571.175 570.925 570.775 570.573 570.345 570.413 570.41 570.273 570.21 570.15 569.913 569.68 569.505 569.125 568.768 568.618 568.51 568.328 568.008 567.568 566.985 566.538 566.408 566.538 566.605
577.153 576.77 576.418 576.358 576.38 576.38 576.74 576.99 577.075 576.883 576.313 576.128 576.185 576.153 576.115 576.073 576.075 575.985 575.918 575.748 575.638 575.608 575.425 575.238 575.233 575.053 575.008 574.893 574.6 574.498 574.23 573.888 573.76 573.565 573.245 573.138 572.973 572.853 572.578 572.478 572.36 572.27 571.875 571.67 571.69 571.803 571.73 571.485 571.4 571.295 571.098 570.943 570.753 570.438 570.285 570.208 569.883 569.583 569.408 569.375 569.218 568.998 568.578 568.043 567.495 567.485 567.483 567.578
577.58 577.058 576.82 576.718 576.818 576.98 577.505 577.625 577.288 576.945 576.625 576.548 576.585 576.555 576.568 576.505 576.368 576.365 576.235 576.098 576.103 576.08 575.788 575.703 575.623 575.51 575.32 575.285 575.32 575.308 575.07 574.695 574.373 574.218 574.008 573.873 573.65 573.26 573.033 572.835 572.738 572.575 572.435 572.498 572.668 572.718 572.698 572.465 572.41 572.37 572.095 571.803 571.48 571.228 571.055 570.8 570.658 570.43 570.303 570.153 570 569.79 569.338 568.745 568.4 568.35 568.33 568.28
577.83 577.293 577.175 577.17 577.28 577.555 577.918 577.94 577.213 577.055 577.183 577.195 577.188 577.06 577.053 576.97 576.82 576.778 576.63 576.558 576.498 576.433 576.33 576.165 576.038 575.935 575.768 575.725 575.833 575.813 575.573 575.27 574.988 574.735 574.575 574.475 574.295 574.065 573.83 573.563 573.32 573.29 573.495 573.665 573.523 573.495 573.49 573.065 573.05 573.118 572.935 572.575 572.28 572.065 571.888 571.71 571.418 571.218 571.028 570.873 570.768 570.585 570.168 569.52 569.193 569.188 569.098 568.943
578.168 577.678 577.523 577.555 577.683 578.17 578.413 578.255 577.638 577.373 577.645 577.845 577.775 577.658 577.593 577.525 577.41 577.513 577.248 577.028 576.955 576.903 576.93 576.79 576.705 576.445 576.313 576.178 576.138 576.038 575.903 575.745 575.55 575.15 575 575.133 574.708 574.645 574.535 574.368 574.338 574.388 574.453 574.37 574.228 574.218 574.2 574.108 573.983 573.8 573.553 573.253 572.938 572.763 572.523 572.43 572.138 571.908 571.723 571.613 571.438 571.325 570.868 570.323 570.105 570.08 569.915 569.665
578.605 578.09 577.973 578.37 578.55 578.8 578.895 578.763 578.538 578.408 578.288 578.355 578.155 578.115 578.068 578.048 577.978 578.055 577.945 577.73 577.475 577.363 577.273 577.208 577.185 577.068 576.918 576.678 576.515 576.343 576.23 576.188 576.108 575.903 575.87 575.853 575.548 575.388 575.41 575.278 575.188 575.185 575.175 574.94 574.885 574.818 574.718 574.6 574.528 574.448 574.153 573.938 573.698 573.485 573.263 572.968 572.605 572.55 572.403 572.355 572.185 571.828 571.36 570.983 570.953 570.805 570.66 570.413
579.205 578.683 578.775 578.96 578.913 579.22 579.49 579.358 579.02 578.983 578.853 578.665 578.583 578.583 578.493 578.553 578.525 578.505 578.465 578.215 577.92 577.665 577.495 577.493 577.56 577.61 577.433 577.218 576.958 576.708 576.695 576.738 576.57 576.413 576.373 576.37 576.335 576.268 576.255 576.01 575.933 575.84 575.648 575.36 575.295 575.24 575.163 575.055 575.013 574.97 574.728 574.55 574.43 574.27 574.018 573.668 573.455 573.355 573.213 573.048 572.77 572.308 571.973 571.743 571.605 571.43 571.328 571.11
579.7 579.585 579.45 579.453 579.253 579.495 579.958 579.848 579.435 579.265 579.19 578.993 578.88 578.798 578.753 578.77 578.94 578.995 578.828 578.668 578.308 577.923 577.798 577.9 578.075 578.163 578.135 577.823 577.565 577.305 577.243 577.19 577.115 577.018 576.908 576.868 576.778 576.755 576.785 576.725 576.723 576.42 575.93 575.62 575.628 575.618 575.528 575.505 575.505 575.445 575.263 575.118 575.018 574.913 574.703 574.483 574.278 574.18 573.935 573.498 573.153 572.825 572.625 572.458 572.233 572.095 571.958 571.69
580.048 579.943 579.91 579.875 579.818 580.035 580.373 580.31 579.795 579.528 579.508 579.365 579.28 579.103 579.043 579.06 579.05 579.043 578.983 578.898 578.458 578.213 578.15 578.373 578.553 578.718 578.5 578.185 578.008 577.91 577.793 577.633 577.595 577.598 577.46 577.28 577.175 577.17 577.248 577.193 577.158 576.9 576.235 576.043 576.19 576.028 575.913 575.92 575.928 575.88 575.738 575.558 575.523 575.478 575.395 575.31 575.1 574.925 574.593 574.075 573.798 573.535 573.26 573.125 572.905 572.79 572.533 572.095
580.373 580.253 580.218 580.168 580.32 580.615 580.783 580.683 580.008 579.705 579.693 579.713 579.665 579.39 579.288 579.273 579.275 579.385 579.468 579.265 578.755 578.588 578.625 578.853 578.995 578.96 578.82 578.475 578.323 578.31 578.285 578.093 578.06 578.14 577.913 577.693 577.59 577.605 577.66 577.55 577.498 577.21 576.748 576.633 576.645 576.415 576.265 576.305 576.363 576.283 576.175 576.02 575.968 576.005 576.008 575.908 575.845 575.573 575.293 574.878 574.52 574.228 574.005 573.848 573.638 573.438 573.2 572.673
580.673 580.553 580.503 580.528 580.713 580.92 581.143 580.855 580.22 579.895 579.865 579.998 579.943 579.575 579.475 579.473 579.648 579.938 580.05 579.798 579.29 579.213 579.373 579.553 579.905 579.715 579.28 578.753 578.63 578.705 578.793 578.675 578.803 578.908 578.515 578.133 577.928 577.898 577.878 577.778 577.743 577.6 577.383 577.38 577.045 576.908 576.758 576.705 576.79 576.743 576.603 576.528 576.4 576.478 576.583 576.53 576.473 576.26 576 575.623 575.205 574.848 574.455 574.388 574.328 574.18 573.888 573.28
580.965 580.853 580.753 580.813 581.028 581.298 581.493 581.158 580.528 580.205 580.238 580.393 580.163 579.765 579.655 579.715 580.073 580.49 580.508 580.29 579.995 579.893 580.005 580.468 580.515 580.255 579.628 579.14 579.118 579.185 579.228 579.365 579.44 579.305 578.963 578.623 578.383 578.303 578.328 578.13 578.143 578.083 578.028 577.973 577.658 577.413 577.265 577.263 577.218 577.153 577.028 576.895 576.818 576.858 576.973 576.953 576.88 576.778 576.593 576.293 575.943 575.463 574.905 574.863 574.933 574.763 574.455 573.9
581.24 581.083 580.965 580.993 581.318 581.638 581.735 581.36 580.94 580.715 580.553 580.668 580.223 579.82 579.905 580.15 580.593 581.023 581.268 580.855 580.69 580.62 580.89 581.038 580.988 580.675 580.035 579.635 579.593 579.638 579.948 580.238 580.083 579.733 579.508 579.345 578.915 578.793 578.658 578.538 578.465 578.473 578.48 578.353 578.115 577.95 577.795 577.708 577.563 577.43 577.328 577.34 577.28 577.308 577.288 577.25 577.17 577.17 577.153 576.93 576.515 575.975 575.468 575.403 575.395 575.118 574.818 574.478
581.498 581.363 581.203 581.135 581.338 581.68 581.635 581.505 581.308 581.17 581.085 580.895 580.393 579.983 580.243 580.6 581.005 581.603 581.8 581.69 581.663 581.585 581.498 581.518 581.375 581.015 580.415 580.09 580.033 580.088 580.535 580.678 580.528 580.24 580.008 579.845 579.498 579.215 579.083 579.015 578.815 578.958 578.965 578.72 578.465 578.273 578.105 577.938 577.86 577.863 577.793 577.69 577.653 577.66 577.55 577.513 577.528 577.605 577.625 577.468 577.048 576.485 576.125 575.985 575.925 575.61 575.293 574.898
