20220701_namedtuples/mapdata/sd8875_DSM_2M.asc
ncols 500
nrows 500
xllcorner    388000
yllcorner    475000
cellsize     2
NODATA_value -9999
[rows 60 to 89 of 500, columns 335 to 401 of 500]
301.772 301.887 302.027 302.15 302.255 302.417 302.552 302.932 303.45 303.515 303.477 303.642 303.955 304.295 304.612 304.907 305.205 305.495 305.752 306.127 306.442 306.715 307.067 307.417 307.772 308.112 308.487 308.812 309.077 309.47 309.867 310.307 310.775 311.077 311.387 311.752 312.18 312.635 313.072 313.542 314.035 314.522 314.942 315.427 315.92 316.335 316.587 317.27 317.885 318.382 318.84 319.317 319.795 320.21 320.855 321.597 322.26 322.935 323.582 324.27 324.997 325.762 326.635 327.432 328.075 328.585 328.925
301.51 301.657 301.772 301.887 302.005 302.475 302.755 302.65 302.667 302.91 303.17 303.45 303.732 304.045 304.372 304.637 304.89 305.172 305.397 305.75 306.075 306.39 306.76 307.145 307.507 307.89 308.247 308.627 308.9 309.347 309.74 310.172 310.545 310.825 311.187 311.555 311.962 312.412 312.872 313.36 313.855 314.37 314.837 315.312 315.78 316.132 316.477 317.072 317.582 318.062 318.557 319.097 319.497 319.925 320.61 321.377 322.035 322.7 323.402 324.097 324.827 325.585 326.41 327.187 327.847 328.382 328.81
301.237 301.382 301.53 301.98 302.222 302.087 302.02 302.212 302.442 302.66 302.93 303.2 303.452 303.745 304.037 304.282 304.467 304.717 305.037 305.395 305.782 306.135 306.492 306.907 307.3 307.625 308.04 308.39 308.765 309.172 309.57 309.925 310.27 310.537 310.927 311.332 311.775 312.227 312.705 313.205 313.67 314.192 314.695 315.142 315.57 315.845 316.307 316.932 317.36 317.812 318.322 318.84 319.302 319.747 320.365 321.077 321.75 322.482 323.27 323.917 324.632 325.327 326.05 326.822 327.55 328.137 328.667
301.055 301.535 301.592 301.527 301.562 301.652 301.805 301.97 302.212 302.407 302.66 302.9 303.155 303.342 303.53 303.777 304.065 304.427 304.78 305.125 305.517 305.885 306.295 306.707 307.065 307.445 307.812 308.157 308.53 308.91 309.27 309.645 309.982 310.295 310.672 311.135 311.575 312.032 312.535 312.997 313.477 313.965 314.45 314.937 315.35 315.605 316.202 316.78 317.187 317.557 318.03 318.54 319.055 319.6 320.212 320.842 321.572 322.3 323.035 323.702 324.35 325.037 325.682 326.46 327.212 327.827 328.417
301.15 300.92 300.977 301.115 301.26 301.422 301.58 301.787 301.95 302.155 302.36 302.52 302.69 302.895 303.132 303.442 303.78 304.117 304.495 304.877 305.265 305.635 306.042 306.442 306.827 307.205 307.565 307.905 308.27 308.617 308.942 309.332 309.68 310.055 310.41 310.832 311.297 311.81 312.265 312.752 313.262 313.74 314.255 314.72 315.115 315.432 316.08 316.61 317.03 317.36 317.74 318.235 318.805 319.415 320.017 320.722 321.422 322.087 322.8 323.455 324.085 324.705 325.382 326.057 326.812 327.465 328.042
300.492 300.6 300.712 300.87 301.01 301.165 301.337 301.537 301.722 301.832 301.965 302.142 302.362 302.577 302.837 303.147 303.507 303.872 304.267 304.665 305.045 305.435 305.825 306.222 306.595 306.967 307.302 307.635 307.94 308.287 308.652 309.042 309.44 309.797 310.137 310.572 311.042 311.51 312.005 312.51 313.015 313.535 313.992 314.525 314.88 315.245 315.91 316.455 316.84 317.155 317.52 318.042 318.63 319.205 319.85 320.522 321.205 321.802 322.512 323.105 323.762 324.382 325.082 325.615 326.34 326.975 327.61
300.257 300.325 300.467 300.605 300.737 300.887 301.005 301.175 301.305 301.465 301.62 301.835 302.08 302.315 302.635 302.982 303.327 303.717 304.077 304.472 304.855 305.28 305.667 306.037 306.387 306.72 307.03 307.38 307.697 308.042 308.412 308.812 309.237 309.63 309.97 310.362 310.782 311.265 311.782 312.287 312.802 313.285 313.81 314.3 314.602 314.995 315.645 316.18 316.582 316.935 317.372 317.877 318.397 318.955 319.595 320.27 320.942 321.522 322.205 322.825 323.4 324.007 324.595 325.2 325.86 326.505 327.115
299.965 300.007 300.177 300.312 300.415 300.545 300.67 300.807 300.977 301.145 301.335 301.54 301.835 302.162 302.477 302.84 303.182 303.562 303.905 304.295 304.705 305.1 305.482 305.82 306.137 306.467 306.79 307.087 307.475 307.827 308.197 308.62 309.037 309.425 309.767 310.132 310.545 311.107 311.59 312.097 312.59 313.105 313.617 314.077 314.38 314.582 315.165 315.795 316.297 316.677 317.102 317.615 318.11 318.68 319.317 319.957 320.612 321.217 321.845 322.44 323.017 323.595 324.167 324.8 325.41 326.007 326.645
299.557 299.637 299.772 299.917 300.055 300.195 300.35 300.517 300.712 300.89 301.11 301.395 301.685 301.982 302.32 302.68 303.052 303.365 303.71 304.087 304.492 304.88 305.235 305.59 305.9 306.225 306.535 306.875 307.217 307.59 307.97 308.382 308.792 309.19 309.58 309.925 310.397 310.922 311.42 311.95 312.4 312.922 313.43 313.905 314.155 314.375 314.877 315.395 315.96 316.427 316.865 317.345 317.905 318.467 319.105 319.695 320.312 320.872 321.41 322.017 322.607 323.252 323.84 324.442 325.012 325.615 326.197
299.182 299.3 299.42 299.587 299.76 299.895 300.015 300.21 300.47 300.707 300.945 301.222 301.512 301.855 302.172 302.51 302.84 303.145 303.465 303.852 304.242 304.592 304.945 305.305 305.66 305.987 306.295 306.61 306.965 307.33 307.735 308.167 308.547 308.945 309.362 309.78 310.26 310.757 311.28 311.742 312.217 312.747 313.255 313.652 313.895 314.457 314.92 315.392 315.75 316.205 316.685 317.135 317.677 318.277 318.91 319.44 320.032 320.565 321.082 321.687 322.305 322.92 323.527 324.112 324.652 325.225 325.815
298.925 299.012 299.145 299.292 299.467 299.642 299.785 299.997 300.26 300.485 300.74 301.05 301.352 301.675 301.975 302.3 302.612 302.897 303.205 303.557 303.94 304.33 304.677 305.02 305.385 305.745 306.047 306.377 306.7 307.087 307.485 307.89 308.317 308.735 309.152 309.605 310.145 310.647 311.09 311.572 312.067 312.552 313.012 313.37 313.63 314.307 314.832 315.287 315.707 316.057 316.582 317.057 317.575 318.14 318.702 319.21 319.762 320.337 320.867 321.49 322.062 322.64 323.23 323.782 324.335 324.882 325.382
298.635 298.735 298.895 299.06 299.245 299.412 299.58 299.79 300.012 300.29 300.595 300.9 301.165 301.462 301.737 302.06 302.352 302.632 302.947 303.312 303.707 304.047 304.412 304.767 305.147 305.49 305.835 306.142 306.457 306.825 307.217 307.605 308.057 308.517 308.982 309.485 309.947 310.437 310.902 311.41 311.875 312.302 312.732 313.062 313.41 314.067 314.57 314.997 315.442 315.887 316.412 316.957 317.467 317.987 318.44 318.995 319.56 320.115 320.712 321.327 321.852 322.392 322.935 323.507 324.035 324.54 325.05
298.392 298.535 298.635 298.805 298.977 299.167 299.362 299.607 299.83 300.117 300.417 300.722 300.962 301.217 301.52 301.837 302.112 302.422 302.73 303.09 303.477 303.83 304.177 304.49 304.847 305.22 305.557 305.887 306.217 306.575 306.955 307.365 307.84 308.297 308.792 309.32 309.782 310.25 310.732 311.215 311.645 312.047 312.452 312.75 313.29 313.86 314.29 314.742 315.107 315.637 316.152 316.777 317.335 317.807 318.295 318.845 319.372 319.96 320.527 321.102 321.647 322.147 322.707 323.242 323.78 324.305 324.777
298.125 298.282 298.415 298.595 298.755 298.952 299.192 299.405 299.657 299.932 300.19 300.452 300.717 300.997 301.352 301.615 301.92 302.23 302.542 302.865 303.225 303.562 303.92 304.262 304.62 304.972 305.297 305.645 305.967 306.342 306.722 307.17 307.635 308.11 308.567 309.12 309.582 310.06 310.53 310.997 311.407 311.815 312.187 312.455 313.012 313.53 313.97 314.422 314.897 315.405 315.957 316.555 317.127 317.67 318.185 318.662 319.172 319.757 320.317 320.86 321.442 321.992 322.482 322.97 323.475 323.975 324.487
297.907 298.07 298.242 298.417 298.58 298.752 298.967 299.197 299.395 299.667 299.94 300.227 300.527 300.857 301.147 301.445 301.722 302.022 302.35 302.662 303 303.342 303.675 304.022 304.387 304.72 305.03 305.365 305.742 306.11 306.5 306.96 307.425 307.882 308.342 308.842 309.327 309.82 310.31 310.772 311.195 311.575 311.892 312.14 312.715 313.267 313.732 314.217 314.712 315.202 315.795 316.352 316.897 317.457 317.975 318.435 318.965 319.57 320.132 320.692 321.265 321.8 322.265 322.725 323.227 323.68 324.162
297.682 297.845 297.992 298.102 298.242 298.432 298.675 298.887 299.15 299.4 299.705 300.02 300.302 300.595 300.937 301.232 301.512 301.8 302.12 302.405 302.75 303.117 303.447 303.767 304.13 304.477 304.792 305.122 305.485 305.86 306.267 306.725 307.217 307.675 308.127 308.615 309.1 309.577 310.027 310.477 310.89 311.315 311.562 311.835 312.535 312.995 313.57 314.107 314.597 315.11 315.625 316.127 316.67 317.207 317.75 318.225 318.727 319.367 319.927 320.492 321.037 321.545 322.04 322.457 322.92 323.407 323.89
297.417 297.497 297.597 297.682 297.89 298.17 298.425 298.65 298.922 299.187 299.47 299.792 300.08 300.367 300.68 300.98 301.275 301.58 301.875 302.18 302.537 302.915 303.22 303.522 303.872 304.237 304.56 304.907 305.255 305.62 306.01 306.477 306.952 307.44 307.94 308.387 308.832 309.247 309.692 310.127 310.6 311.022 311.27 311.58 312.282 312.785 313.342 313.82 314.377 314.85 315.365 315.865 316.377 316.91 317.49 317.97 318.485 319.085 319.657 320.215 320.792 321.35 321.777 322.182 322.677 323.13 323.547
296.99 297.122 297.267 297.435 297.64 297.93 298.212 298.462 298.71 298.977 299.262 299.53 299.82 300.112 300.427 300.702 301.035 301.357 301.69 302.005 302.357 302.71 303.027 303.327 303.607 303.982 304.317 304.672 305.022 305.395 305.757 306.2 306.672 307.132 307.612 308.065 308.48 308.905 309.33 309.757 310.237 310.72 310.912 311.272 311.95 312.515 313.047 313.49 314.087 314.61 315.047 315.54 316.052 316.59 317.14 317.715 318.222 318.822 319.42 319.972 320.555 321.11 321.505 322.04 322.39 322.822 323.252
296.68 296.812 296.957 297.157 297.407 297.712 297.985 298.245 298.517 298.75 299.02 299.297 299.6 299.86 300.167 300.457 300.805 301.132 301.5 301.84 302.207 302.512 302.825 303.11 303.42 303.74 304.085 304.442 304.807 305.137 305.485 305.87 306.302 306.775 307.23 307.68 308.077 308.537 308.932 309.37 309.852 310.335 310.607 311.072 311.672 312.217 312.72 313.205 313.782 314.332 314.775 315.285 315.692 316.292 316.892 317.475 318.057 318.605 319.14 319.71 320.242 320.772 321.217 321.625 322.047 322.535 323.01
296.425 296.555 296.702 296.917 297.197 297.507 297.765 298.025 298.287 298.555 298.827 299.075 299.332 299.625 299.935 300.275 300.607 300.96 301.292 301.655 301.985 302.31 302.61 302.92 303.217 303.53 303.832 304.19 304.515 304.842 305.172 305.52 305.902 306.365 306.845 307.29 307.692 308.117 308.5 308.952 309.44 309.96 310.24 310.812 311.442 311.897 312.415 312.965 313.475 314.04 314.542 315.027 315.45 316.012 316.56 317.182 317.87 318.315 318.815 319.395 319.922 320.472 320.92 321.332 321.745 322.257 322.665
296.152 296.277 296.44 296.697 297.02 297.29 297.557 297.815 298.085 298.36 298.62 298.875 299.14 299.422 299.722 300.07 300.402 300.76 301.105 301.445 301.81 302.115 302.395 302.722 303.015 303.315 303.627 303.952 304.237 304.485 304.785 305.137 305.472 305.905 306.372 306.827 307.285 307.702 308.095 308.612 309.117 309.567 309.952 310.495 311.057 311.635 312.095 312.66 313.205 313.772 314.22 314.692 315.162 315.717 316.242 316.862 317.457 318.012 318.552 319.072 319.572 320.117 320.545 321.022 321.385 321.825 322.272
295.872 296.057 296.262 296.532 296.805 297.067 297.332 297.597 297.887 298.147 298.427 298.675 298.94 299.207 299.507 299.852 300.192 300.54 300.885 301.215 301.555 301.862 302.197 302.492 302.78 303.06 303.367 303.65 303.9 304.13 304.415 304.727 305.075 305.46 305.897 306.405 306.86 307.312 307.757 308.25 308.73 309.177 309.492 310.152 310.75 311.39 311.802 312.42 312.99 313.545 314.007 314.455 314.932 315.422 315.97 316.532 317.087 317.702 318.242 318.735 319.285 319.697 320.137 320.557 320.995 321.392 321.822
295.645 295.847 296.092 296.38 296.625 296.847 297.135 297.397 297.69 297.957 298.187 298.43 298.692 298.97 299.292 299.612 299.96 300.317 300.645 300.98 301.262 301.595 301.93 302.232 302.54 302.775 303.057 303.305 303.497 303.76 304.057 304.332 304.665 304.982 305.432 305.905 306.365 306.885 307.427 307.857 308.365 308.72 309.26 309.947 310.46 311.017 311.495 312.097 312.645 313.137 313.695 314.255 314.655 315.132 315.645 316.272 316.747 317.31 317.885 318.352 318.787 319.2 319.68 320.085 320.502 320.947 321.31
295.442 295.67 295.937 296.182 296.417 296.652 296.937 297.21 297.465 297.735 297.962 298.187 298.427 298.742 299.067 299.367 299.71 300.037 300.392 300.697 300.99 301.295 301.622 301.93 302.21 302.45 302.667 302.907 303.13 303.39 303.69 304.015 304.265 304.552 304.885 305.395 305.977 306.492 307.02 307.522 307.865 308.325 309.052 309.67 310.34 310.83 311.2 311.732 312.232 312.777 313.317 313.797 314.357 314.795 315.272 315.955 316.38 316.875 317.35 317.837 318.262 318.677 319.115 319.567 320.007 320.397 320.77
295.28 295.53 295.752 296.002 296.225 296.48 296.74 297 297.26 297.515 297.737 297.977 298.222 298.51 298.825 299.15 299.47 299.787 300.11 300.442 300.727 301.027 301.315 301.56 301.777 302.052 302.31 302.547 302.79 303.05 303.375 303.705 303.962 304.317 304.69 305.095 305.587 306.2 306.585 307.045 307.6 308.212 308.887 309.432 310.02 310.69 310.965 311.42 311.832 312.42 312.992 313.472 314.027 314.405 314.935 315.555 315.94 316.432 316.877 317.325 317.76 318.175 318.602 319.012 319.465 319.91 320.335
295.122 295.38 295.605 295.802 296.04 296.282 296.557 296.797 297.045 297.275 297.507 297.752 298.017 298.292 298.597 298.89 299.227 299.55 299.867 300.175 300.442 300.677 300.94 301.16 301.42 301.695 301.942 302.18 302.427 302.72 302.97 303.32 303.66 304.035 304.442 304.832 305.202 305.605 306.225 306.757 307.305 307.912 308.48 309.045 309.652 310.312 310.837 311.155 311.59 312.125 312.677 313.12 313.572 314.01 314.58 315.1 315.575 316.01 316.437 316.887 317.252 317.622 318.045 318.465 318.93 319.407 319.952
294.947 295.177 295.377 295.6 295.835 296.115 296.357 296.582 296.83 297.047 297.302 297.53 297.77 298.077 298.377 298.682 299.01 299.315 299.585 299.855 300.075 300.292 300.497 300.805 301.072 301.355 301.562 301.805 302.065 302.3 302.637 302.927 303.282 303.632 303.962 304.27 304.777 305.305 305.922 306.372 306.952 307.485 308.107 308.655 309.265 309.842 310.5 310.972 311.325 311.79 312.37 312.692 313.092 313.53 314.02 314.585 315.045 315.472 315.917 316.367 316.767 317.165 317.55 317.967 318.56 319.107 319.645
294.73 294.942 295.155 295.395 295.655 295.9 296.112 296.335 296.585 296.815 297.035 297.27 297.525 297.805 298.127 298.43 298.76 299.055 299.287 299.5 299.725 299.965 300.157 300.43 300.695 300.982 301.222 301.462 301.71 301.987 302.277 302.565 302.935 303.212 303.605 304.02 304.53 304.962 305.475 305.987 306.6 307.097 307.677 308.287 308.882 309.477 310.047 310.572 311.02 311.36 311.827 312.19 312.57 312.99 313.432 313.937 314.482 314.97 315.33 315.797 316.227 316.717 317.145 317.665 318.322 318.86 319.487
294.472 294.66 294.897 295.147 295.412 295.637 295.892 296.122 296.377 296.577 296.802 296.992 297.22 297.53 297.875 298.167 298.487 298.722 298.897 299.132 299.345 299.585 299.835 300.08 300.352 300.625 300.86 301.112 301.41 301.662 301.85 302.222 302.567 302.927 303.285 303.702 304.132 304.72 305.132 305.677 306.187 306.717 307.315 307.865 308.41 308.975 309.545 310.07 310.567 310.887 311.14 311.525 311.98 312.41 312.89 313.382 313.862 314.342 314.855 315.412 315.885 316.395 316.962 317.527 318.115 318.835 319.41
294.22 294.415 294.647 294.897 295.137 295.415 295.655 295.862 296.105 296.342 296.56 296.755 296.975 297.272 297.565 297.867 298.145 298.347 298.577 298.787 298.975 299.227 299.485 299.712 300.025 300.267 300.492 300.777 301.087 301.29 301.53 301.915 302.245 302.66 302.977 303.387 303.842 304.342 304.827 305.377 305.87 306.382 306.877 307.405 307.935 308.512 309.02 309.49 309.937 310.385 310.505 310.892 311.305 311.792 312.385 312.827 313.335 313.927 314.447 315.052 315.62 316.197 316.8 317.447 318.08 318.655 319.242
