20220701_namedtuples/mapdata/sd8978_DSM_2M.asc
ncols 500
nrows 500
xllcorner    389000
yllcorner    478000
cellsize     2
NODATA_value -9999
[rows 210 to 239 of 500, columns 268 to 334 of 500]
449.638 449.283 448.968 448.685 448.435 448.195 447.955 447.645 447.275 446.978 446.585 446.315 445.938 445.57 445.21 444.9 444.558 444.155 443.793 443.513 443.173 442.73 442.525 442.043 441.56 441.105 440.843 440.518 440.165 439.695 439.238 438.843 438.325 437.908 437.495 436.995 436.563 436.085 435.57 435.14 434.75 434.485 434.133 433.835 433.39 432.978 432.52 432.048 431.53 431.025 430.558 430.18 429.763 429.403 429.093 428.86 428.605 428.415 428.27 428.083 427.838 427.54 427.12 426.71 426.393 426.185 425.93
449.85 449.593 449.238 448.96 448.74 448.478 448.148 447.845 447.52 447.255 446.788 446.468 446.18 445.858 445.505 445.225 444.988 444.503 444.08 443.705 443.413 443.058 442.7 442.215 441.695 441.373 441.028 440.733 440.47 439.988 439.49 439.053 438.638 438.195 437.75 437.308 436.79 436.305 435.803 435.34 434.975 434.598 434.228 433.955 433.638 433.138 432.693 432.208 431.688 431.14 430.695 430.268 429.853 429.483 429.15 428.918 428.615 428.363 428.168 428.02 427.768 427.468 427.133 426.893 426.605 426.295 425.995
450.025 449.793 449.545 449.295 448.998 448.653 448.353 448.093 447.783 447.495 447.058 446.778 446.448 446.05 445.745 445.43 445.15 444.713 444.313 443.943 443.635 443.425 443 442.525 442.093 441.725 441.283 440.933 440.653 440.23 439.77 439.373 438.838 438.408 437.935 437.498 436.98 436.433 435.96 435.453 435.083 434.745 434.415 434.138 433.735 433.285 432.828 432.41 431.843 431.283 430.828 430.388 429.91 429.513 429.178 428.923 428.68 428.435 428.14 428.02 427.683 427.4 427.195 426.96 426.655 426.408 426.028
450.34 450.078 449.78 449.468 449.24 448.923 448.608 448.283 448.035 447.718 447.295 447.12 446.838 446.313 445.915 445.588 445.285 444.903 444.498 444.148 443.943 443.635 443.253 442.903 442.513 442.058 441.58 441.15 440.843 440.385 439.883 439.5 439.043 438.518 438.113 437.658 437.093 436.598 436.193 435.68 435.25 434.988 434.688 434.283 433.883 433.438 433.013 432.6 432.008 431.473 430.998 430.518 429.975 429.478 429.145 428.905 428.65 428.47 428.213 428.005 427.59 427.343 427.103 426.805 426.645 426.38 426.225
450.643 450.373 449.98 449.675 449.46 449.165 448.855 448.498 448.183 447.885 447.523 447.298 446.98 446.568 446.183 445.878 445.458 445.038 444.693 444.36 444.125 443.785 443.44 443.053 442.663 442.228 441.78 441.383 440.973 440.538 440.025 439.645 439.213 438.593 438.143 437.74 437.25 436.738 436.425 436 435.57 435.233 434.948 434.38 433.97 433.638 433.148 432.678 432.153 431.71 431.24 430.608 430.148 429.638 429.103 428.815 428.505 428.218 427.998 427.755 427.37 427.23 427.045 426.858 426.688 426.438 426.26
450.893 450.548 450.248 449.943 449.623 449.4 449.085 448.728 448.395 448.138 447.775 447.545 447.085 446.748 446.458 446.038 445.63 445.233 444.928 444.638 444.295 443.97 443.65 443.288 442.763 442.38 441.908 441.54 441.093 440.773 440.255 439.783 439.45 438.87 438.32 437.868 437.405 437.028 436.643 436.278 435.848 435.453 435.103 434.658 434.225 433.83 433.378 432.928 432.478 431.99 431.36 430.828 430.258 429.748 429.21 428.778 428.478 428.253 427.93 427.618 427.408 427.305 427.195 426.975 426.768 426.543 426.408
451.078 450.795 450.493 450.173 449.868 449.575 449.265 449.028 448.673 448.358 448.008 447.738 447.275 446.955 446.59 446.168 445.838 445.503 445.125 444.808 444.545 444.188 443.713 443.355 442.948 442.52 442.088 441.735 441.385 441.02 440.493 439.958 439.61 439.088 438.493 438.033 437.648 437.29 436.86 436.498 436.088 435.698 435.305 434.908 434.478 434.06 433.618 433.243 432.733 432.175 431.638 431.075 430.518 430.063 429.585 428.993 428.553 428.298 427.985 427.668 427.493 427.41 427.193 427.025 426.873 426.718 426.598
451.335 450.973 450.683 450.398 450.033 449.73 449.425 449.145 448.825 448.57 448.178 447.825 447.48 447.148 446.745 446.375 446.095 445.703 445.348 445.015 444.73 444.248 443.788 443.403 443.028 442.68 442.298 441.803 441.383 441.065 440.718 440.198 439.748 439.24 438.813 438.37 437.86 437.488 437.188 436.73 436.323 435.858 435.543 435.125 434.65 434.303 433.868 433.483 432.96 432.423 431.88 431.36 430.913 430.413 429.893 429.38 428.928 428.448 427.995 427.555 427.378 427.278 427.228 427.065 426.938 426.855 426.72
451.563 451.218 450.848 450.55 450.285 449.958 449.688 449.293 449.015 448.708 448.265 448.028 447.688 447.275 446.918 446.56 446.315 445.933 445.638 445.263 444.845 444.438 444.03 443.645 443.093 442.718 442.34 441.85 441.463 441.11 440.795 440.328 439.835 439.34 438.963 438.58 438.168 437.798 437.475 437.005 436.62 436.22 435.888 435.445 434.975 434.595 434.185 433.745 433.26 432.803 432.265 431.705 431.3 430.838 430.295 429.758 429.258 428.815 428.318 427.793 427.505 427.38 427.288 427.158 427.088 427.045 426.885
451.733 451.425 451.045 450.71 450.438 450.173 449.783 449.43 449.14 448.808 448.435 448.13 447.783 447.408 447.05 446.708 446.455 446.093 445.825 445.383 444.92 444.575 444.13 443.613 443.225 442.848 442.458 442.008 441.63 441.18 440.875 440.4 439.93 439.538 439.098 438.715 438.355 437.978 437.638 437.258 436.913 436.563 436.253 435.833 435.32 434.93 434.52 434.078 433.625 433.19 432.688 432.183 431.63 431.105 430.603 430.115 429.685 429.21 428.728 428.345 427.925 427.69 427.57 427.52 427.373 427.258 427.138
451.913 451.595 451.283 450.915 450.655 450.368 449.965 449.6 449.283 448.985 448.588 448.263 447.875 447.523 447.208 446.825 446.485 446.18 445.84 445.423 445.063 444.63 444.203 443.795 443.398 443.115 442.693 442.193 441.923 441.443 440.93 440.51 440.153 439.665 439.205 438.87 438.533 438.128 437.775 437.455 437.093 436.763 436.433 436.038 435.575 435.16 434.768 434.31 433.885 433.435 432.928 432.403 431.935 431.433 430.948 430.47 430.148 429.758 429.278 428.828 428.485 428.263 428.04 427.92 427.828 427.685 427.505
452.108 451.788 451.43 451.078 450.803 450.525 450.078 449.76 449.415 449.153 448.695 448.355 447.97 447.635 447.31 446.993 446.62 446.303 445.933 445.548 445.185 444.66 444.275 443.888 443.533 443.143 442.718 442.303 442.005 441.523 440.948 440.563 440.36 439.805 439.323 439.008 438.713 438.35 438.03 437.635 437.365 437.063 436.638 436.233 435.845 435.413 435.075 434.623 434.253 433.785 433.29 432.78 432.39 431.998 431.498 430.938 430.52 430.208 429.845 429.448 429.18 428.92 428.695 428.553 428.42 428.285 428.048
452.245 451.923 451.693 451.305 450.893 450.59 450.29 449.953 449.535 449.265 448.988 448.605 448.11 447.703 447.425 447.133 446.833 446.368 445.853 445.413 445.145 444.675 444.325 444.02 443.63 443.248 442.87 442.458 442.098 441.678 441.115 440.68 440.583 439.995 439.558 439.3 438.99 438.6 438.26 437.86 437.538 437.223 436.778 436.408 436.075 435.725 435.353 434.918 434.515 434.098 433.663 433.238 432.84 432.365 431.913 431.433 431.068 430.715 430.435 430.145 429.788 429.523 429.333 429.2 429.003 428.815 428.583
452.3 452.008 451.84 451.49 450.983 450.663 450.358 450.06 449.703 449.418 449.218 448.828 448.423 447.96 447.555 447.168 446.843 446.345 445.85 445.413 445.083 444.77 444.475 444.138 443.8 443.44 443.138 442.663 442.175 441.77 441.33 440.94 440.615 440.11 439.785 439.488 439.153 438.805 438.46 438.11 437.79 437.323 436.958 436.6 436.245 435.895 435.56 435.233 434.828 434.428 434.043 433.613 433.258 432.74 432.325 431.903 431.493 431.168 430.865 430.598 430.44 430.163 429.91 429.735 429.48 429.258 429.07
452.463 452.185 451.863 451.443 451.038 450.648 450.31 450.075 449.793 449.483 449.215 448.908 448.65 448.16 447.73 447.345 446.893 446.44 446.015 445.573 445.228 444.86 444.633 444.205 443.765 443.453 443.063 442.595 442.19 441.905 441.555 441.16 440.688 440.313 440.028 439.668 439.373 439 438.625 438.303 437.938 437.53 437.18 436.81 436.455 436.12 435.755 435.443 435.058 434.678 434.34 433.928 433.66 433.208 432.783 432.398 431.935 431.533 431.248 430.975 430.8 430.6 430.383 430.128 429.963 429.715 429.398
452.613 452.293 451.865 451.443 451.048 450.708 450.395 450.108 449.848 449.475 449.14 448.893 448.708 448.25 447.84 447.393 447.045 446.638 446.268 445.83 445.453 445.175 444.818 444.298 443.825 443.523 443.043 442.708 442.358 441.958 441.645 441.278 440.898 440.518 440.198 439.848 439.555 439.208 438.873 438.535 438.123 437.72 437.348 437.038 436.66 436.315 435.965 435.668 435.29 434.94 434.563 434.205 433.918 433.493 433.08 432.67 432.305 431.915 431.613 431.353 431.08 430.94 430.788 430.573 430.343 430.045 429.708
452.783 452.245 451.873 451.515 451.183 450.858 450.543 450.268 449.935 449.535 449.223 448.855 448.658 448.338 447.923 447.543 447.178 446.803 446.453 445.96 445.618 445.358 444.928 444.445 443.983 443.62 443.233 442.958 442.523 442.208 441.878 441.443 441.105 440.74 440.453 440.128 439.748 439.393 439.055 438.688 438.35 437.918 437.543 437.233 436.908 436.535 436.205 435.855 435.55 435.195 434.823 434.455 434.083 433.718 433.413 432.978 432.61 432.265 431.993 431.73 431.463 431.26 431.04 430.835 430.598 430.348 430.02
452.878 452.515 452.11 451.703 451.368 451.013 450.64 450.393 450.135 449.708 449.245 448.928 448.7 448.465 448.023 447.553 447.25 446.978 446.32 445.933 445.693 445.42 444.983 444.55 444.11 443.743 443.395 443.14 442.795 442.488 442.165 441.72 441.385 440.99 440.723 440.475 440.115 439.673 439.348 438.958 438.58 438.18 437.793 437.418 437.028 436.735 436.433 436.06 435.758 435.46 435.07 434.698 434.358 433.998 433.678 433.38 432.948 432.598 432.31 432.028 431.783 431.553 431.3 431.053 430.785 430.585 430.253
452.903 452.58 452.233 451.823 451.548 451.203 450.828 450.505 450.253 449.858 449.533 449.135 448.85 448.463 448.003 447.6 447.243 446.895 446.45 446.025 445.783 445.46 445.02 444.595 444.26 443.89 443.59 443.273 442.99 442.725 442.445 442.033 441.758 441.328 441.013 440.703 440.335 439.873 439.52 439.165 438.815 438.46 437.998 437.595 437.19 436.905 436.598 436.263 435.958 435.658 435.27 434.888 434.573 434.24 433.9 433.628 433.208 432.8 432.508 432.243 431.968 431.698 431.465 431.235 431.043 430.828 430.458
453.033 452.67 452.328 452.015 451.753 451.42 451.06 450.778 450.438 450.043 449.61 449.213 448.858 448.47 448.043 447.643 447.298 446.973 446.603 446.198 445.87 445.523 445.113 444.743 444.458 444.068 443.815 443.543 443.235 442.93 442.593 442.358 442.033 441.698 441.313 440.958 440.555 440.103 439.728 439.36 438.995 438.643 438.228 437.768 437.388 437.073 436.76 436.49 436.148 435.815 435.385 435.083 434.715 434.385 434.08 433.763 433.325 432.963 432.643 432.37 432.043 431.785 431.55 431.375 431.165 431.005 430.593
453.123 452.86 452.48 452.175 451.843 451.49 451.183 450.82 450.393 450.008 449.685 449.315 448.915 448.56 448.188 447.768 447.418 447.068 446.768 446.378 445.975 445.643 445.24 444.92 444.635 444.313 444.058 443.803 443.483 443.188 442.908 442.653 442.318 441.955 441.585 441.223 440.815 440.383 439.975 439.603 439.143 438.788 438.415 438.008 437.608 437.3 436.933 436.64 436.325 436.018 435.618 435.22 434.873 434.513 434.158 433.828 433.425 433.068 432.758 432.453 432.155 431.893 431.668 431.48 431.298 431.088 430.818
453.298 452.983 452.618 452.223 451.888 451.593 451.273 450.93 450.59 450.205 449.868 449.495 449.095 448.71 448.288 447.845 447.463 447.143 446.825 446.468 446.08 445.77 445.39 445.08 444.768 444.5 444.24 443.975 443.708 443.445 443.155 442.858 442.513 442.218 441.865 441.43 441.043 440.68 440.258 439.82 439.355 438.968 438.608 438.22 437.838 437.47 437.155 436.93 436.575 436.113 435.793 435.498 435.07 434.64 434.245 433.908 433.545 433.07 432.838 432.585 432.283 431.968 431.748 431.58 431.465 431.233 430.995
453.465 453.098 452.74 452.393 452.04 451.725 451.43 451.035 450.725 450.408 450.023 449.578 449.195 448.83 448.353 447.935 447.63 447.305 446.95 446.615 446.315 445.963 445.58 445.3 445.025 444.715 444.435 444.143 443.85 443.575 443.353 443.048 442.72 442.463 442.138 441.66 441.3 440.835 440.445 440.03 439.598 439.215 438.715 438.29 437.983 437.638 437.263 437.02 436.703 436.24 435.85 435.543 435.155 434.723 434.353 433.958 433.653 433.24 433.028 432.725 432.383 432.065 431.845 431.755 431.635 431.413 431.17
453.603 453.22 452.888 452.545 452.258 451.893 451.538 451.27 450.94 450.55 450.058 449.65 449.273 449.035 448.495 448.105 447.73 447.38 447.11 446.823 446.54 446.225 445.858 445.548 445.203 444.91 444.615 444.293 443.985 443.755 443.493 443.205 442.9 442.59 442.19 441.798 441.46 440.975 440.558 440.12 439.7 439.32 438.82 438.398 438.04 437.72 437.4 437.08 436.693 436.263 435.965 435.558 435.195 434.82 434.423 433.983 433.598 433.243 433.093 432.773 432.528 432.235 431.978 431.883 431.678 431.495 431.323
453.835 453.41 453.055 452.7 452.42 452.07 451.805 451.423 451.028 450.66 450.315 449.86 449.4 449.073 448.74 448.295 447.93 447.605 447.285 447.008 446.753 446.43 445.978 445.708 445.373 445.12 444.735 444.448 444.118 443.855 443.573 443.318 443.005 442.658 442.288 441.915 441.538 441.093 440.688 440.295 439.8 439.393 438.923 438.47 438.08 437.698 437.418 437.04 436.608 436.263 435.948 435.59 435.208 434.825 434.403 433.973 433.585 433.28 433.063 432.74 432.563 432.28 432.018 431.9 431.75 431.615 431.4
453.96 453.65 453.263 452.938 452.623 452.29 451.963 451.588 451.218 450.883 450.533 450.108 449.68 449.315 448.903 448.545 448.185 447.82 447.495 447.178 446.973 446.645 446.198 445.843 445.518 445.195 444.8 444.475 444.175 443.89 443.57 443.28 443.04 442.68 442.298 441.92 441.54 441.15 440.81 440.21 439.813 439.425 438.965 438.578 438.093 437.728 437.378 436.99 436.62 436.29 435.93 435.55 435.19 434.765 434.398 434.025 433.658 433.49 433.173 432.873 432.618 432.31 432.125 431.983 431.815 431.658 431.465
454.148 453.82 453.483 453.155 452.845 452.483 452.148 451.763 451.395 451.08 450.7 450.338 449.928 449.515 449.12 448.738 448.373 447.955 447.708 447.368 447.095 446.663 446.318 446.015 445.668 445.248 444.888 444.53 444.25 443.945 443.613 443.268 443.023 442.665 442.265 441.898 441.488 441.1 440.718 440.263 439.793 439.45 439.025 438.588 438.178 437.78 437.393 437.008 436.69 436.355 435.958 435.568 435.145 434.795 434.445 434.15 433.803 433.688 433.345 433.02 432.635 432.438 432.273 432.068 431.91 431.725 431.503
454.408 454.113 453.683 453.338 452.948 452.575 452.3 451.93 451.555 451.253 450.878 450.52 450.078 449.648 449.23 448.838 448.49 448.133 447.775 447.45 447.085 446.775 446.38 446.075 445.685 445.298 444.973 444.613 444.288 443.993 443.635 443.353 442.945 442.618 442.293 441.88 441.48 441.135 440.71 440.253 439.853 439.55 439.078 438.625 438.258 437.84 437.478 437.11 436.735 436.34 436.018 435.658 435.218 434.823 434.593 434.283 434.003 433.733 433.378 433.128 432.758 432.593 432.365 432.23 432.005 431.815 431.57
454.498 454.17 453.815 453.445 453.068 452.705 452.388 452.05 451.7 451.32 450.93 450.603 450.205 449.715 449.28 448.905 448.59 448.263 447.908 447.583 447.198 446.885 446.58 446.203 445.728 445.35 444.988 444.658 444.365 444.06 443.7 443.34 442.943 442.54 442.185 441.908 441.51 441.075 440.67 440.275 439.905 439.503 439.128 438.615 438.23 437.89 437.513 437.203 436.75 436.398 436.025 435.685 435.258 434.985 434.68 434.313 434.01 433.725 433.41 433.098 432.835 432.66 432.47 432.29 432.065 431.833 431.618
454.595 454.285 453.92 453.603 453.213 452.813 452.473 452.17 451.77 451.338 450.943 450.603 450.173 449.74 449.348 449.078 448.758 448.38 448.073 447.66 447.308 446.935 446.558 446.213 445.865 445.485 445.123 444.725 444.433 444.165 443.753 443.383 443.005 442.563 442.113 441.843 441.48 441.07 440.683 440.313 439.978 439.55 439.038 438.66 438.225 438.063 437.595 437.155 436.795 436.465 436.078 435.753 435.308 435.078 434.813 434.295 433.983 433.748 433.51 433.26 432.985 432.758 432.58 432.335 432.193 431.985 431.738
