20220701_namedtuples/mapdata/sd8978_DSM_2M.asc
ncols 500
nrows 500
xllcorner    389000
yllcorner    478000
cellsize     2
NODATA_value -9999
[rows 60 to 89 of 500, columns 134 to 200 of 500]
420.235 420.1 419.977 419.935 419.86 419.587 419.45 419.222 418.987 418.847 418.462 418.205 418.117 417.915 417.705 417.49 417.122 416.965 416.657 416.537 416.372 416.225 416.142 416.045 416.095 415.96 415.852 415.782 415.87 416.012 416.197 416.272 416.285 416.267 416.24 416.252 416.182 416.102 416.112 416.127 415.987 415.882 415.935 415.78 415.662 415.48 415.307 415.22 414.95 414.917 414.802 414.67 414.522 414.35 414.292 414.075 413.995 413.617 413.472 413.342 413.195 413.02 412.82 412.722 412.45 412.335 412.085
420.615 420.452 420.395 420.212 420 419.84 419.712 419.555 419.315 419.21 418.817 418.665 418.31 418.155 417.937 417.645 417.362 417.182 417.025 416.84 416.652 416.605 416.425 416.327 416.352 416.3 416.217 416.195 416.26 416.417 416.525 416.61 416.702 416.727 416.707 416.66 416.66 416.547 416.5 416.43 416.375 416.325 416.197 416.207 416.122 415.915 415.732 415.587 415.375 415.247 415.102 414.91 414.722 414.762 414.67 414.465 414.282 414.105 413.825 413.747 413.545 413.447 413.217 413.017 412.78 412.65 412.467
421.182 420.935 420.67 420.47 420.312 420.18 420.022 419.847 419.592 419.35 419.207 418.87 418.637 418.405 418.227 417.835 417.58 417.552 417.34 417.197 417.087 417.012 417.007 416.887 416.67 416.64 416.707 416.88 416.912 416.995 416.99 417.07 417.135 417.047 417.05 417.075 416.95 416.997 416.872 416.76 416.71 416.657 416.57 416.517 416.392 416.357 416.147 415.982 415.805 415.555 415.425 415.207 415.13 415.007 415 414.857 414.64 414.435 414.302 414.097 413.985 413.742 413.617 413.365 413.155 413.08 412.792
421.652 421.292 421.125 420.92 420.785 420.545 420.53 420.24 419.992 419.73 419.57 419.332 419.07 418.737 418.41 418.172 418.045 417.882 417.635 417.61 417.575 417.507 417.357 417.172 417.095 417.055 417.21 417.315 417.395 417.362 417.39 417.367 417.447 417.54 417.417 417.545 417.48 417.397 417.32 417.305 417.207 417.035 416.955 416.96 416.777 416.667 416.497 416.36 416.24 415.98 415.807 415.632 415.492 415.47 415.355 415.165 415.07 414.882 414.665 414.447 414.372 414.03 413.885 413.807 413.547 413.382 413.257
422.01 421.787 421.51 421.272 421.11 420.947 420.78 420.6 420.395 420.242 420.025 419.717 419.512 419.165 418.842 418.617 418.37 418.165 418.045 417.997 418.055 417.855 417.705 417.567 417.51 417.54 417.58 417.655 417.74 417.73 417.76 417.797 417.88 417.792 417.822 417.822 417.805 417.73 417.662 417.627 417.547 417.492 417.392 417.325 417.165 417.087 416.942 416.867 416.685 416.372 416.132 415.975 415.892 415.792 415.732 415.552 415.44 415.245 415.005 414.772 414.665 414.517 414.302 414.11 413.912 413.705 413.485
422.382 422.277 422.007 421.792 421.58 421.48 421.185 421.02 420.885 420.705 420.377 420.075 419.775 419.42 419.19 419.142 418.82 418.56 418.52 418.482 418.397 418.232 418.097 417.997 417.97 418.04 417.972 417.925 418.092 418.152 418.167 418.16 418.08 418.072 418.1 418.11 418.125 418.175 418.037 417.902 417.915 417.845 417.772 417.68 417.52 417.425 417.32 417.147 416.977 416.727 416.622 416.355 416.222 416.065 415.955 415.8 415.725 415.55 415.365 415.215 415.02 414.84 414.647 414.402 414.275 414.072 413.817
422.975 422.722 422.472 422.325 422.127 421.9 421.575 421.422 421.205 420.945 420.69 420.322 420.055 419.842 419.552 419.365 419.087 418.935 418.855 418.87 418.757 418.665 418.555 418.447 418.432 418.507 418.422 418.305 418.372 418.467 418.465 418.48 418.395 418.36 418.447 418.52 418.502 418.425 418.455 418.262 418.297 418.172 418.067 417.947 417.905 417.827 417.61 417.445 417.2 417.052 416.932 416.705 416.605 416.415 416.287 416.147 416.05 415.945 415.662 415.49 415.297 415.227 414.965 414.702 414.537 414.275 414.025
423.507 423.205 423.017 422.742 422.57 422.362 422.077 421.85 421.45 421.1 420.797 420.47 420.4 420.202 419.84 419.707 419.415 419.215 419.215 419.102 419.055 419.1 418.942 419.032 418.94 418.93 418.86 418.742 418.807 418.757 418.817 418.805 418.825 418.827 418.822 418.842 418.822 418.772 418.857 418.755 418.682 418.57 418.395 418.352 418.205 418.095 417.967 417.76 417.55 417.43 417.265 417.09 416.955 416.732 416.575 416.465 416.33 416.337 416.067 415.69 415.572 415.452 415.262 414.972 414.79 414.48 414.292
423.965 423.702 423.53 423.37 423.125 422.885 422.442 422.005 421.775 421.417 421.085 420.845 420.645 420.485 420.235 420.092 419.775 419.547 419.605 419.447 419.37 419.28 419.487 419.432 419.455 419.305 419.28 419.192 419.197 419.16 419.282 419.26 419.315 419.32 419.185 419.142 419.132 419.117 419.14 418.987 418.942 418.79 418.762 418.682 418.59 418.41 418.245 418.055 417.957 417.777 417.575 417.412 417.312 417.05 416.907 416.81 416.555 416.475 416.32 416.082 415.86 415.715 415.49 415.24 415.037 414.767 414.575
424.357 424.197 424.117 423.932 423.552 423.295 422.912 422.555 422.145 421.802 421.442 421.23 420.872 420.71 420.65 420.337 420.167 420.012 419.927 419.807 419.74 419.782 419.782 419.802 419.85 419.745 419.677 419.502 419.62 419.552 419.645 419.685 419.677 419.65 419.605 419.565 419.502 419.38 419.387 419.247 419.305 419.152 419.057 418.927 418.842 418.722 418.555 418.39 418.25 418.077 417.942 417.747 417.645 417.392 417.195 417.112 416.867 416.72 416.577 416.32 416.132 415.975 415.735 415.557 415.322 415.15 414.835
424.947 424.805 424.707 424.37 424.077 423.75 423.347 423.007 422.51 422.155 421.85 421.665 421.36 421.217 420.985 420.735 420.497 420.35 420.42 420.255 420.127 420.097 420.11 420.152 420.157 420.04 419.967 419.932 419.957 419.957 419.912 420.03 419.977 420.005 419.98 419.85 419.767 419.74 419.727 419.68 419.555 419.49 419.392 419.237 419.125 418.957 418.78 418.66 418.467 418.445 418.28 418.087 417.905 417.73 417.487 417.3 417.172 416.96 416.765 416.512 416.32 416.197 415.99 415.735 415.552 415.337 415.11
425.482 425.37 425.032 424.782 424.537 424.127 423.87 423.525 423.117 422.77 422.455 422.112 421.817 421.625 421.385 421.01 420.83 420.687 420.692 420.615 420.617 420.702 420.537 420.465 420.34 420.417 420.45 420.33 420.235 420.23 420.287 420.33 420.387 420.447 420.357 420.26 420.215 420.152 420.02 419.87 419.84 419.715 419.595 419.447 419.385 419.247 419.145 418.995 418.815 418.645 418.562 418.415 418.217 418.065 417.917 417.657 417.47 417.262 417.012 416.84 416.652 416.462 416.215 415.937 415.772 415.512 415.38
426 425.832 425.5 425.262 424.992 424.677 424.417 424.137 423.877 423.67 423.305 422.787 422.287 422.055 421.807 421.575 421.335 421.262 421.142 421.115 421.132 421.152 421.057 420.875 420.825 420.85 420.852 420.797 420.777 420.692 420.637 420.607 420.68 420.715 420.672 420.615 420.555 420.512 420.377 420.275 420.137 419.987 419.895 419.827 419.657 419.53 419.385 419.282 419.1 418.992 418.79 418.622 418.49 418.347 418.105 417.892 417.74 417.512 417.27 417.117 416.897 416.662 416.477 416.257 416.045 415.775 415.54
426.572 426.26 426.022 425.77 425.545 425.267 424.895 424.597 424.44 424.215 423.975 423.402 422.885 422.62 422.412 422.277 422.027 421.927 421.805 421.545 421.587 421.645 421.5 421.482 421.322 421.327 421.292 421.32 421.212 421.11 421.035 421.112 421.127 421.16 421.115 421.01 420.942 420.82 420.83 420.68 420.532 420.405 420.13 420.032 420.007 419.81 419.66 419.547 419.475 419.385 419.165 418.975 418.807 418.622 418.372 418.21 417.99 417.775 417.567 417.32 417.117 416.987 416.692 416.522 416.31 416.02 415.772
427.057 426.75 426.582 426.292 426.03 425.897 425.545 425.305 425.035 424.86 424.63 424.095 423.6 423.39 423.265 422.995 422.765 422.555 422.285 422.025 422.022 422.105 422.02 421.985 421.72 421.74 421.715 421.682 421.575 421.497 421.575 421.487 421.485 421.537 421.432 421.332 421.32 421.15 421.065 420.992 420.807 420.69 420.575 420.355 420.23 420.117 419.982 419.892 419.72 419.592 419.437 419.315 419.207 419.012 418.705 418.437 418.227 418.055 417.877 417.722 417.475 417.227 417.017 416.847 416.597 416.3 415.99
427.61 427.322 427.097 426.817 426.667 426.337 426.01 425.782 425.635 425.43 425.175 424.58 424.142 424.095 423.832 423.542 423.382 423.287 423.142 422.837 422.715 422.642 422.537 422.425 422.262 422.25 422.062 422.002 421.967 421.842 421.857 421.78 421.765 421.782 421.73 421.682 421.692 421.557 421.405 421.315 421.13 420.96 420.87 420.685 420.532 420.355 420.242 420.142 419.99 419.92 419.775 419.505 419.355 419.232 419.025 418.755 418.522 418.402 418.17 418.017 417.682 417.465 417.24 417.07 416.857 416.57 416.232
428.115 427.915 427.645 427.322 427.22 426.877 426.557 426.275 426.212 425.93 425.577 425.052 424.675 424.597 424.525 424.262 424.05 423.805 423.62 423.515 423.567 423.49 423.13 422.917 422.777 422.755 422.537 422.475 422.372 422.33 422.24 422.16 422.082 422.07 422.097 421.952 421.957 421.885 421.745 421.662 421.47 421.402 421.135 420.987 420.812 420.625 420.49 420.355 420.202 420.135 419.987 419.747 419.567 419.485 419.352 419.097 418.927 418.67 418.51 418.295 418.01 417.812 417.585 417.412 417.095 416.84 416.557
428.507 428.277 428.08 427.837 427.572 427.297 427.125 426.982 426.577 426.282 425.892 425.397 425.105 425.145 425.265 424.987 424.71 424.47 424.362 424.322 424.252 424.132 423.877 423.64 423.437 423.335 423.117 422.897 422.83 422.66 422.562 422.42 422.407 422.442 422.38 422.32 422.27 422.205 422.032 421.875 421.695 421.535 421.375 421.237 421.12 420.92 420.757 420.717 420.525 420.342 420.275 420.02 419.765 419.722 419.535 419.327 419.147 418.96 418.762 418.547 418.315 418.077 417.875 417.682 417.42 417.147 416.867
428.872 428.725 428.572 428.292 428.062 427.777 427.6 427.34 427.14 426.765 426.417 425.945 425.58 425.675 425.872 425.687 425.375 425.095 425.077 425.035 425.057 424.672 424.355 424.32 424.107 423.952 423.747 423.525 423.352 422.99 422.875 422.71 422.675 422.635 422.62 422.55 422.387 422.332 422.227 422.057 421.925 421.735 421.597 421.44 421.262 421.102 420.962 420.96 420.78 420.63 420.385 420.277 420.027 419.92 419.745 419.552 419.37 419.25 419.06 418.845 418.605 418.367 418.145 417.922 417.697 417.407 417.147
429.442 429.167 428.855 428.712 428.58 428.432 428.105 427.86 427.52 427.285 426.905 426.422 426.085 426.13 426.412 426.225 425.99 425.86 425.87 425.782 425.677 425.3 425.05 424.92 424.695 424.53 424.277 424.04 423.69 423.417 423.22 423.157 422.84 422.782 422.685 422.677 422.625 422.595 422.425 422.27 422.107 421.94 421.77 421.597 421.38 421.237 421.102 421.025 420.797 420.742 420.627 420.405 420.295 420.027 419.885 419.712 419.59 419.452 419.237 418.975 418.782 418.552 418.327 418.152 417.91 417.632 417.497
429.77 429.52 429.36 429.197 428.977 428.84 428.67 428.385 428.04 427.765 427.382 426.967 426.645 426.71 427.025 426.835 426.555 426.49 426.432 426.367 426.117 425.887 425.725 425.577 425.422 425.212 424.815 424.522 424.28 423.885 423.722 423.432 423.195 422.992 422.875 422.807 422.81 422.685 422.525 422.42 422.242 422.117 421.932 421.83 421.565 421.342 421.207 421.037 420.915 420.82 420.75 420.545 420.402 420.237 420.032 419.927 419.732 419.617 419.467 419.15 418.927 418.67 418.49 418.367 418.15 417.872 417.737
430.18 429.992 429.815 429.712 429.507 429.37 429.142 428.9 428.54 428.18 427.765 427.382 427.1 427.412 427.612 427.44 427.245 427.077 426.985 426.912 426.632 426.53 426.365 426.065 425.967 425.765 425.422 425.057 424.777 424.3 423.967 423.927 423.572 423.277 423.135 423.03 422.902 422.81 422.747 422.607 422.475 422.33 422.1 421.922 421.722 421.5 421.387 421.192 420.965 420.917 420.812 420.622 420.48 420.302 420.13 420.042 419.825 419.735 419.545 419.3 419.087 418.915 418.72 418.525 418.397 418.195 418.045
430.705 430.412 430.137 430.01 429.912 429.787 429.592 429.345 428.997 428.622 428.145 427.907 427.9 428.24 428.175 428.025 427.835 427.572 427.34 427.295 427.197 427.08 426.965 426.742 426.44 426.15 425.927 425.527 425.192 424.88 424.462 424.142 423.78 423.587 423.435 423.175 423.057 423.04 422.992 422.745 422.67 422.562 422.332 422.145 421.922 421.76 421.495 421.235 421.077 420.977 420.87 420.757 420.555 420.387 420.247 420.145 420.002 419.887 419.717 419.522 419.375 419.157 418.982 418.737 418.63 418.495 418.347
431.237 430.772 430.57 430.412 430.335 430.212 430.057 429.782 429.382 429.037 428.68 428.535 428.702 428.827 428.712 428.565 428.457 428.225 427.912 427.872 427.75 427.647 427.487 427.31 427.055 426.625 426.27 426.05 425.735 425.452 425.095 424.64 424.162 423.915 423.65 423.442 423.282 423.077 423.02 422.915 422.785 422.712 422.597 422.407 422.24 421.902 421.677 421.46 421.23 421.055 420.86 420.81 420.842 420.58 420.457 420.337 420.262 420.19 419.93 419.835 419.665 419.67 419.442 419.17 418.955 418.857 418.702
431.79 431.31 431.032 430.942 430.807 430.692 430.42 430.137 429.83 429.54 429.362 429.302 429.505 429.477 429.317 429.317 428.997 428.687 428.545 428.475 428.327 428.18 427.947 427.752 427.427 427.212 426.93 426.447 426.202 425.922 425.595 425.35 424.825 424.42 423.935 423.67 423.362 423.252 423.1 423.045 423.002 423.02 422.875 422.762 422.545 422.222 421.957 421.77 421.517 421.33 421.097 420.87 420.845 420.755 420.717 420.532 420.535 420.392 420.222 420.202 420.112 420.1 419.875 419.692 419.472 419.285 419.075
432.145 431.762 431.502 431.355 431.227 431.085 430.815 430.602 430.252 429.97 429.915 429.982 430.112 430.035 429.905 429.78 429.565 429.437 429.315 429.09 428.905 428.685 428.325 428.207 427.842 427.697 427.435 426.947 426.647 426.44 426.027 425.882 425.322 424.957 424.372 423.81 423.567 423.36 423.252 423.24 423.295 423.352 423.18 423.032 422.97 422.722 422.55 422.25 422.072 421.757 421.485 421.32 421.075 421.01 421.012 420.895 420.877 420.74 420.587 420.502 420.447 420.387 420.215 420.022 419.82 419.717 419.59
432.412 432.26 431.992 431.862 431.637 431.447 431.202 430.837 430.605 430.515 430.54 430.585 430.662 430.525 430.532 430.277 429.997 429.842 429.84 429.5 429.292 429.17 428.875 428.667 428.402 428.132 427.995 427.53 427.212 426.88 426.517 426.267 425.937 425.4 425.01 424.435 424.05 423.73 423.59 423.57 423.59 423.702 423.947 423.74 423.415 423.222 423.035 422.812 422.467 422.267 422.057 421.852 421.652 421.567 421.522 421.362 421.292 421.205 421.09 420.992 420.865 420.75 420.562 420.375 420.23 419.94 419.752
432.777 432.675 432.492 432.307 432.04 431.785 431.56 431.35 431.135 431.09 431.12 431.122 431.087 431.015 430.862 430.645 430.515 430.237 430.175 430.05 429.805 429.612 429.41 429.135 429.002 428.627 428.357 427.95 427.675 427.377 427.132 426.697 426.467 426.075 425.6 425.092 424.602 424.312 424.21 424.185 424.245 424.395 424.372 424.22 424.04 423.76 423.585 423.387 423.097 422.852 422.69 422.43 422.245 422.105 422.035 421.877 421.777 421.715 421.622 421.457 421.352 421.16 420.952 420.707 420.58 420.362 420.142
433.217 433.047 432.86 432.732 432.48 432.195 432.017 431.875 431.72 431.74 431.717 431.625 431.65 431.592 431.312 431.137 430.99 430.687 430.57 430.45 430.285 430.075 430.052 429.75 429.475 429.157 428.905 428.557 428.237 427.915 427.702 427.402 426.907 426.727 426.257 425.7 425.237 425.025 424.93 424.71 424.745 424.755 424.79 424.635 424.505 424.357 424.05 423.847 423.65 423.415 423.23 423.035 422.935 422.802 422.705 422.427 422.352 422.212 422.135 421.957 421.785 421.635 421.375 421.122 420.917 420.685 420.512
433.66 433.475 433.335 433.137 432.88 432.622 432.43 432.317 432.32 432.33 432.29 432.232 432.27 432.057 431.71 431.585 431.315 431.17 431.002 430.935 430.737 430.652 430.34 430.257 429.92 429.642 429.315 428.997 428.732 428.44 428.205 427.995 427.612 427.175 426.782 426.255 425.835 425.765 425.59 425.282 425.17 425.352 425.245 425.25 425.14 424.885 424.66 424.395 424.147 424.045 423.897 423.62 423.495 423.332 423.097 422.925 422.897 422.667 422.492 422.33 422.232 422.107 421.877 421.535 421.32 421.127 420.935
