20220701_namedtuples/mapdata/sd8976_DSM_2M.asc
ncols 500
nrows 500
xllcorner    389000
yllcorner    476000
cellsize     2
NODATA_value -9999
[rows 180 to 209 of 500, columns 335 to 401 of 500]
580.943 580.874 580.95 580.968 580.91 580.732 580.624 580.493 580.429 580.385 580.252 580.17 580.325 580.383 580.166 579.893 579.835 579.969 579.957 579.765 579.743 579.692 579.656 579.66 579.661 579.648 579.669 579.446 579.209 579.178 578.889 578.797 579.002 579.154 578.847 578.631 578.411 578.259 577.636 577.964 578.144 578.391 578.277 578.349 578.292 578.213 578.18 578.117 578.085 577.98 577.908 577.789 577.657 577.691 577.647 577.526 577.512 577.438 577.373 577.284 577.243 577.174 577.066 577.105 576.983 576.945 576.896
580.74 580.898 580.747 580.752 580.751 580.531 580.312 580.404 580.342 580.025 579.926 579.995 580.193 580.12 579.961 579.656 579.782 579.882 579.86 579.692 579.76 579.625 579.717 579.583 579.586 579.52 579.515 579.35 579.107 578.814 578.657 578.647 578.769 578.95 578.763 578.249 578.184 578.173 578.06 577.88 578.089 578.19 578.16 578.161 578.093 578.102 577.993 577.969 577.88 577.896 577.81 577.53 577.687 577.617 577.499 577.485 577.368 577.328 577.306 577.18 577.16 577.1 576.989 576.971 576.884 576.796 576.683
580.607 580.708 580.706 580.625 580.555 580.339 580.265 580.31 580.259 580.031 579.869 580.111 580.08 580.021 579.681 579.614 579.669 579.919 579.872 579.636 579.722 579.692 579.519 579.398 579.501 579.347 579.327 579.247 579.067 578.855 578.503 578.444 578.402 578.602 578.55 578.261 578.065 578.14 578.165 577.857 577.66 578.207 578.099 578.043 578.087 577.914 577.794 577.782 577.702 577.694 577.568 577.522 577.451 577.327 577.198 577.295 577.243 577.188 577.185 577.071 577.073 577.033 576.999 576.868 576.839 576.775 576.718
580.479 580.442 580.368 580.375 580.345 580.198 580.029 580.348 580.169 579.897 579.706 579.738 579.641 579.781 579.437 579.277 579.299 579.576 579.451 579.605 579.625 579.479 579.462 579.422 579.337 579.312 579.245 579.171 578.97 578.7 578.347 578.229 578.144 577.993 578.192 578.329 578.014 577.976 577.794 577.457 577.658 577.89 577.847 577.94 577.952 577.805 577.695 577.673 577.604 577.531 577.403 577.391 577.401 577.215 577.237 577.26 577.202 577.148 577.143 576.984 577.004 576.91 576.983 576.732 576.784 576.716 576.615
580.282 580.192 580.155 580.082 580.193 580.08 580.001 580.092 580.011 579.917 579.692 579.6 579.495 579.491 579.177 579.122 579.409 579.445 579.472 579.537 579.477 579.412 579.233 579.229 579.197 579.128 579.041 579.009 578.758 578.666 578.274 577.969 577.91 577.797 577.962 578.019 577.921 577.817 577.803 577.485 577.672 577.86 577.836 577.742 577.674 577.65 577.592 577.48 577.394 577.359 577.232 577.169 577.109 576.89 576.942 576.955 576.909 576.884 576.877 576.9 576.883 576.839 576.835 576.654 576.601 576.581 576.556
580.161 580.05 580.017 579.967 580.059 579.821 579.974 580.131 579.962 579.861 579.555 579.376 579.33 579.047 579.129 579.082 579.195 579.305 579.238 579.357 579.354 579.352 579.224 579.103 579.031 578.955 578.862 578.747 578.512 578.37 578.152 577.899 577.638 577.588 577.679 577.708 577.485 577.63 577.488 577.011 577.004 577.348 577.462 577.432 577.457 577.409 577.428 577.333 577.186 577.205 577.112 577.037 576.933 576.802 576.838 576.897 576.876 576.961 576.841 576.782 576.725 576.695 576.703 576.528 576.456 576.493 576.494
579.872 579.803 579.707 579.799 579.623 579.693 579.866 579.907 579.834 579.67 579.414 579.109 579.096 579.072 579.077 579.032 579.042 579.209 579.198 579.127 579.104 579.141 579.043 578.965 578.829 578.756 578.619 578.382 578.286 578.137 577.948 577.687 577.572 577.498 577.498 577.515 577.409 577.455 577.555 577.127 577.096 577.191 577.32 577.324 577.408 577.375 577.36 577.246 577.006 577.067 576.982 576.825 576.724 576.657 576.739 576.731 576.69 576.701 576.725 576.628 576.597 576.389 576.453 576.54 576.414 576.326 576.277
579.723 579.682 579.611 579.516 579.551 579.659 579.647 579.803 579.698 579.579 579.211 579.086 578.935 578.898 579.018 578.924 578.872 578.933 579.002 579.001 578.945 578.968 578.876 578.844 578.672 578.631 578.536 578.394 578.226 577.948 577.863 577.677 577.483 577.3 577.253 577.345 577.245 577.289 577.23 577.039 576.873 576.853 576.911 577.168 577.112 577.103 576.972 576.88 576.798 576.838 576.779 576.671 576.61 576.619 576.679 576.628 576.615 576.636 576.586 576.539 576.477 576.372 576.368 576.257 576.302 576.143 576.155
579.898 579.581 579.601 579.297 579.314 579.416 579.447 579.413 579.603 579.474 579.267 579.102 578.734 578.777 578.883 578.839 578.855 578.833 578.748 578.847 578.72 578.693 578.732 578.67 578.502 578.378 578.269 578.166 578.067 577.812 577.61 577.28 577.288 577.108 577.131 577.24 577.186 577.214 577.169 576.997 576.808 576.746 576.83 576.814 577.023 577.004 576.924 576.83 576.857 576.715 576.698 576.566 576.493 576.535 576.687 576.498 576.475 576.585 576.429 576.443 576.283 576.232 576.142 575.984 576.04 576.077 576.096
579.616 579.524 579.394 579.148 579.156 579.006 579.077 579.145 579.35 579.292 579.183 578.813 578.67 578.744 578.805 578.714 578.728 578.729 578.647 578.594 578.649 578.55 578.406 578.448 578.304 578.209 578.069 578.046 577.826 577.706 577.529 577.184 577.268 577.073 577.07 577.208 577.159 577.119 577.107 576.924 576.742 576.657 576.277 576.152 576.683 576.63 576.521 576.553 576.616 576.43 576.414 576.442 576.422 576.418 576.433 576.374 576.386 576.354 576.224 576.167 575.981 575.909 575.963 575.893 575.967 575.973 576.045
579.374 579.303 579.395 579.356 578.85 578.745 578.665 578.659 578.987 579.062 578.831 578.672 578.526 578.485 578.666 578.655 578.568 578.69 578.557 578.485 578.534 578.369 578.284 578.178 578.078 578.038 577.877 577.646 577.564 577.367 577.131 577.066 577.038 576.731 576.657 576.802 576.979 576.929 576.891 576.772 576.721 576.536 576.37 576.442 576.331 576.185 576.336 576.464 576.381 576.315 576.347 576.386 576.313 576.296 576.249 576.216 576.234 576.159 575.947 575.675 575.669 575.788 575.857 575.85 575.928 575.975 576.069
579.305 579.221 579.252 579.342 579.093 578.746 578.666 578.613 578.722 578.743 578.72 578.35 578.258 578.397 578.42 578.313 578.235 578.251 578.263 578.189 577.973 578.129 578.028 577.905 577.858 577.782 577.67 577.51 577.339 577.232 577.073 576.973 576.909 576.787 576.573 576.689 576.756 576.841 576.788 576.686 576.626 576.458 576.481 576.385 576.064 575.709 575.995 576.312 576.239 576.232 576.199 576.193 576.179 576.211 576.147 576.067 575.955 575.919 575.837 575.51 575.67 575.758 575.797 575.832 575.883 575.924 575.965
579.313 579.154 579.179 579.165 579.073 578.98 578.759 578.43 578.313 578.344 578.229 577.983 578.221 578.258 578.173 578.081 578.09 578.159 578.055 577.984 578.025 578.094 577.824 577.74 577.639 577.544 577.496 577.318 577.201 576.924 576.746 576.619 576.561 576.494 576.243 576.294 576.349 576.427 576.411 576.399 576.366 576.307 576.276 576.259 575.883 575.677 575.825 576.011 576.129 576.18 576.212 576.131 576.126 576.092 576.057 575.852 575.735 575.598 575.589 575.195 575.517 575.717 575.7 575.737 575.781 575.771 575.766
579.42 579.263 578.974 578.959 579.015 578.884 578.65 578.403 578.152 578.087 577.885 577.76 578.158 578.077 578.028 577.737 577.858 577.789 577.658 577.623 577.326 577.308 577.491 577.29 577.291 577.157 577.148 577.01 577.008 576.84 576.689 576.524 576.43 576.315 576.222 576.211 576.235 576.331 576.327 576.254 576.179 576.171 576.13 576.197 575.576 575.524 575.636 575.812 575.948 576.018 576.161 576.05 575.899 575.878 575.907 575.9 575.551 574.987 575.051 574.997 575.518 575.567 575.629 575.663 575.643 575.718 575.575
579.197 579.078 578.872 578.765 578.684 578.582 578.485 578.259 578.212 578.034 577.899 577.641 577.82 577.815 577.637 577.607 577.602 577.555 577.427 577.354 577.229 577.178 577.219 577.077 577.299 577.166 576.992 576.945 576.867 576.752 576.627 576.409 576.163 576.125 576.179 575.951 575.98 576.029 575.913 575.911 575.898 575.924 576.113 575.797 575.847 575.719 575.584 575.729 575.902 575.961 575.966 575.932 575.817 575.791 575.736 575.695 575.251 574.915 574.685 575.063 575.511 575.436 575.545 575.605 575.451 575.464 575.472
579.011 578.909 578.681 578.507 578.519 578.52 578.301 578.224 578.161 578.019 577.648 577.504 577.625 577.58 577.398 577.258 577.285 577.237 577.06 576.997 576.902 576.932 576.722 576.735 576.743 576.601 576.609 576.564 576.462 576.472 576.419 576.167 575.954 576.024 575.974 575.857 575.858 575.943 575.866 575.83 575.849 575.898 575.875 575.802 575.905 575.569 575.215 575.4 575.751 575.789 575.775 575.741 575.556 575.688 575.607 575.666 575.283 574.73 574.821 575.283 575.535 575.44 575.416 575.481 575.456 575.428 575.383
578.825 578.68 578.299 578.293 578.37 578.34 578.195 578.047 577.848 577.744 577.495 577.271 577.275 577.208 576.943 577.03 576.938 576.915 576.858 576.829 576.763 576.772 576.653 576.713 576.579 576.568 576.528 576.455 576.443 576.273 576.051 575.993 575.877 575.953 575.867 575.766 575.755 575.746 575.883 575.713 575.713 575.628 575.675 575.595 575.751 575.592 575.523 575.543 575.563 575.563 575.557 575.602 575.613 575.493 575.508 575.422 575.131 574.733 575.19 575.346 575.367 575.391 575.299 575.323 575.283 575.206 575.251
578.622 578.438 578.231 578.185 578.145 578.137 578.018 577.917 577.776 577.482 577.402 577.115 577.098 576.902 576.754 576.811 576.917 576.833 576.672 576.659 576.552 576.482 576.409 576.254 576.249 576.185 576.202 576.18 576.075 576.023 575.687 575.794 575.839 575.819 575.827 575.752 575.8 575.734 575.706 575.647 575.536 575.547 575.552 575.469 575.525 575.584 575.525 575.484 575.431 575.402 575.37 575.437 575.386 575.341 575.249 575.012 574.854 575.248 575.183 575.2 575.305 575.276 575.353 575.341 575.365 575.363 575.404
578.448 578.218 578.175 577.958 577.927 577.909 577.822 577.67 577.418 577.24 577.02 576.646 576.487 576.309 576.302 576.426 576.357 576.46 576.467 576.44 576.306 576.207 576.21 576.126 576.076 576.008 576.031 575.959 575.907 575.804 575.651 575.665 575.794 575.721 575.759 575.666 575.805 575.684 575.598 575.526 575.439 575.327 575.433 575.478 575.365 575.419 575.507 575.47 575.401 575.447 575.35 575.351 575.289 575.247 575.169 574.624 574.813 575.12 575.253 575.261 575.196 575.237 575.106 575.13 575.184 575.115 575.2
578.281 577.963 577.944 577.814 577.754 577.694 577.437 577.322 577.223 577.098 576.928 576.657 576.4 576.27 576.196 576.198 576.24 576.246 576.259 576.113 576.083 576.11 575.95 575.86 575.877 575.828 575.736 575.689 575.607 575.603 575.587 575.62 575.66 575.704 575.642 575.671 575.62 575.613 575.607 575.503 575.426 575.293 575.298 575.395 575.391 575.285 575.403 575.297 575.392 575.292 575.291 575.239 575.186 575.166 575.036 574.757 574.974 575.117 575.125 575.089 575.111 575.058 575.159 575.136 575.203 575.096 575.09
578.166 577.866 577.857 577.675 577.641 577.487 577.239 577.081 577.038 576.833 576.599 576.639 576.296 575.865 575.912 575.846 575.744 575.669 575.802 575.884 575.766 575.618 575.691 575.711 575.683 575.531 575.524 575.478 575.483 575.466 575.462 575.55 575.583 575.497 575.571 575.584 575.53 575.486 575.448 575.438 575.253 575.039 575.097 575.05 575.063 575.181 575.28 575.336 575.316 575.308 575.262 575.282 575.219 575.142 574.924 574.763 575.018 575.023 575.067 575.061 575.059 575.021 575.053 574.997 575.102 574.988 575.037
577.858 577.62 577.587 577.561 577.276 577.134 576.996 576.813 576.718 576.604 576.38 576.158 575.933 575.755 575.89 575.465 575.471 575.478 575.629 575.532 575.609 575.558 575.455 575.463 575.365 575.222 575.234 575.274 575.253 575.297 575.39 575.427 575.46 575.467 575.477 575.542 575.442 575.422 575.391 575.254 575.137 574.965 574.89 575.046 575.102 575.257 575.232 575.295 575.23 575.193 575.13 575.125 575.146 574.949 574.394 574.349 574.335 574.684 574.816 574.968 575.032 574.966 574.998 574.939 575.014 574.971 574.968
577.72 577.621 577.519 577.449 577.26 576.876 576.77 576.618 576.379 576.303 576.087 575.853 575.6 575.358 575.436 575.284 575.289 575.242 575.178 575.255 575.352 575.276 575.272 575.13 575.116 575.118 575.141 575.138 575.194 575.24 575.353 575.388 575.375 575.359 575.403 575.331 575.329 575.254 575.207 575.07 574.716 574.777 574.917 575.025 575.103 575.045 575.162 575.149 575.114 575.125 575.111 575.026 574.973 574.976 574.364 574.5 574.338 574.562 574.784 575.111 574.886 574.933 574.925 574.921 574.916 574.932 574.883
577.273 577.277 577.106 576.877 576.82 576.517 576.519 576.301 576.065 575.919 575.834 575.374 575.202 575.356 575.359 575.339 575.237 575.17 575.149 575.071 575.075 575.057 575.042 574.967 575.045 575.011 574.969 574.971 575.103 575.16 575.166 575.209 575.25 575.282 575.255 575.269 575.151 574.975 574.941 574.901 574.65 574.628 574.829 574.982 575.12 575.11 575.097 575.032 575.02 575.026 574.993 574.947 574.836 574.878 574.715 574.758 574.281 574.168 574.249 574.026 574.752 574.78 574.866 574.816 574.776 574.8 574.761
577.098 576.937 576.814 576.715 576.464 576.248 576.001 575.948 575.867 575.723 575.441 575.243 575.139 575.218 575.146 575.258 575.082 575.009 574.826 574.849 574.895 574.918 574.901 574.874 574.808 574.901 575.038 574.917 574.877 574.987 575.187 575.145 575.173 575.148 575.013 574.91 574.951 574.76 574.63 574.401 574.597 574.64 574.83 574.85 574.93 574.971 574.914 574.92 574.97 574.956 574.893 574.758 574.747 574.766 574.697 574.714 574.464 574.264 574.165 574.164 574.176 574.731 574.891 574.75 574.82 574.807 574.685
576.775 576.644 576.498 576.292 576.062 575.818 575.535 575.521 575.513 575.268 575.187 575.025 574.906 574.907 574.915 574.956 574.875 574.857 574.865 574.812 574.792 574.777 574.829 574.813 574.824 574.876 575.07 574.822 574.751 574.766 574.799 574.897 574.776 574.899 574.682 574.486 574.304 574.24 574.093 574.039 574.186 574.449 574.781 574.799 574.807 574.876 574.803 574.916 574.978 574.906 574.786 574.767 574.695 574.651 574.689 574.67 574.604 574.362 574.381 574.041 574.455 574.65 574.701 574.694 574.732 574.631 574.458
576.417 576.268 576.081 575.958 575.706 575.59 575.377 575.253 575.173 574.994 574.796 574.71 574.83 574.825 574.672 574.688 574.796 574.741 574.718 574.662 574.609 574.662 574.704 574.637 574.683 574.72 574.708 574.875 574.732 574.58 574.496 574.653 574.524 574.756 574.703 574.389 574.138 573.921 573.538 573.6 573.54 573.699 574.471 574.691 574.61 574.661 574.672 574.739 574.801 574.74 574.68 574.61 574.627 574.529 574.467 574.549 574.422 574.404 574.161 574.031 574.236 574.558 574.6 574.659 574.608 574.451 574.425
576.143 575.978 575.905 575.649 575.48 575.221 575.046 574.977 574.86 574.808 574.535 574.516 574.636 574.676 574.601 574.421 574.451 574.651 574.628 574.588 574.681 574.61 574.608 574.427 574.553 574.479 574.482 574.561 574.603 574.438 574.395 574.353 574.131 574.164 574.131 573.644 573.353 573.463 574.029 574.3 574.399 574.52 574.602 574.604 574.544 574.583 574.563 574.626 574.656 574.628 574.63 574.595 574.461 574.492 574.515 574.465 574.386 574.283 574.02 573.956 574.037 574.435 574.488 574.529 574.377 574.357 574.416
575.747 575.752 575.57 575.44 575.281 575.072 574.934 574.568 574.704 574.497 574.428 574.352 574.434 574.197 574.267 574.29 574.411 574.304 574.308 574.341 574.422 574.332 574.243 574.241 574.24 574.129 574.23 574.355 574.355 574.275 574.295 574.249 574.078 574.034 574.02 573.561 573.197 573.545 574.226 574.518 574.553 574.615 574.558 574.482 574.538 574.516 574.48 574.461 574.47 574.471 574.405 574.49 574.377 574.3 574.325 574.261 574.29 574.2 574.151 573.821 574.076 574.242 574.388 574.381 574.331 574.259 574.204
575.546 575.353 575.261 575.039 574.843 574.641 574.472 574.293 574.309 574.357 574.103 574.147 574.116 574.048 574.031 574.025 574.086 574.154 574.049 574.161 574.276 574.2 574.113 574.251 574.165 574.101 574.178 574.122 574.201 574.161 574.155 574.129 573.948 573.942 573.76 573.262 573.41 573.794 574.132 574.277 574.289 574.299 574.434 574.425 574.438 574.372 574.388 574.285 574.315 574.272 574.235 574.23 574.196 574.172 574.209 574.158 574.154 574.003 574.058 573.831 574.097 574.172 574.12 574.174 574.18 574.066 574.236
