20220701_namedtuples/mapdata/sd8975_DSM_2M.asc
ncols 500
nrows 500
xllcorner    389000
yllcorner    475000
cellsize     2
NODATA_value -9999
[rows 0 to 29 of 500, columns 268 to 334 of 500]
517.795 517.843 517.889 518.201 518.415 518.299 518.537 518.793 518.928 519.562 519.575 519.673 519.607 519.584 519.991 520.071 520.003 520.114 520.057 520.204 520.303 520.355 520.42 520.66 520.886 520.873 520.885 520.941 520.994 521.087 520.881 521.031 521.142 520.937 520.955 521.058 521.022 521.041 521.121 521.288 521.12 521.398 521.425 521.375 521.399 521.275 521.367 521.323 521.551 521.567 521.691 521.662 521.618 521.808 521.906 522.156 522.02 522.117 522.321 522.336 522.536 522.611 522.6 522.527 522.443 522.48 522.47
517.3 517.306 517.573 517.769 518.043 518.108 518.346 518.229 518.393 518.794 518.824 519.176 519.221 519.183 519.497 519.509 519.54 519.727 519.849 519.869 520.224 520.188 520.214 520.36 520.338 520.529 520.596 520.735 520.455 520.443 520.479 520.498 520.431 520.563 520.507 520.778 520.719 520.6 520.716 520.94 520.827 520.964 520.842 521.05 520.758 520.698 520.831 520.963 520.982 521.205 521.363 521.474 521.448 521.602 521.85 521.97 521.924 521.987 522.066 522.176 522.391 522.362 522.314 522.36 522.289 522.177 522.22
516.906 517.101 517.274 517.667 517.904 517.998 517.938 518.014 518.176 518.268 518.459 518.469 518.734 518.976 518.97 519.186 519.393 519.365 519.471 519.76 519.782 519.964 520.089 520.013 520.319 520.324 520.095 520.228 520.178 520.06 520.122 520.106 520.198 520.238 520.209 520.278 520.297 520.353 520.337 520.353 520.35 520.409 520.448 520.506 520.517 520.728 520.726 520.786 520.92 521.07 521.157 521.334 521.267 521.317 521.406 521.472 521.594 521.668 521.803 522.034 521.993 522.085 522.038 522.054 522.109 521.953 521.951
516.745 516.72 517.032 517.391 517.545 517.543 517.52 517.447 517.83 517.935 518.035 518.385 518.548 518.528 518.574 519.017 518.95 519.21 519.29 519.279 519.418 519.71 519.694 519.677 519.726 519.709 519.802 519.774 519.764 519.892 519.723 519.682 519.855 520.035 520.029 520.058 520.128 520.285 520.066 520.052 520.08 520 520.252 520.162 520.285 520.25 520.244 520.328 520.366 520.61 520.811 520.837 521.002 521.104 521.189 521.396 521.446 521.592 521.642 521.646 521.675 521.698 521.748 521.857 521.826 521.677 521.63
516.324 516.527 516.777 517.007 517.383 517.164 517.169 517.201 517.521 517.663 517.656 518.079 518.164 518.217 518.465 518.425 518.793 519.011 519.273 519.134 519.204 519.243 519.396 519.504 519.394 519.487 519.438 519.43 519.562 519.685 519.565 519.646 519.56 519.632 519.567 519.436 519.734 519.635 519.782 519.819 519.754 519.751 519.766 519.889 519.977 519.989 520.038 520.222 520.302 520.531 520.751 520.74 520.871 520.808 520.976 521.146 521.279 521.246 521.265 521.174 521.528 521.54 521.563 521.593 521.7 521.699 521.542
516.218 516.299 516.354 516.605 516.562 516.69 516.676 516.838 517.064 517.33 517.518 517.809 517.959 518.13 518.254 518.404 518.715 518.747 518.834 518.884 518.917 518.92 519.023 519.061 519.096 519.236 519.085 519.263 519.162 519.134 519.32 519.086 519.25 519.164 519.276 519.261 519.332 519.436 519.871 519.605 519.604 519.68 519.541 519.677 519.763 519.666 519.789 519.881 519.865 520.108 520.279 520.503 520.557 520.718 520.734 520.828 520.829 521.038 521.004 521.186 521.07 521.282 521.039 521.23 521.201 521.023 520.962
515.776 515.911 516.211 516.185 516.366 516.396 516.458 516.677 516.987 517.223 517.371 517.539 517.67 517.969 517.933 518.149 518.27 518.233 518.476 518.574 518.655 518.755 518.729 518.94 518.838 518.942 518.781 518.909 518.886 518.966 519.079 519.129 518.944 518.89 518.873 519.056 519.143 519.255 519.208 519.413 519.256 519.177 519.196 519.267 519.328 519.372 519.405 519.73 519.828 519.834 520.078 520.387 520.273 520.329 520.568 520.478 520.665 520.612 520.604 520.662 520.865 520.929 520.995 521.097 521.047 521.123 520.949
515.501 515.781 515.705 515.732 516.095 516.148 516.381 516.488 516.753 516.865 517.024 517.152 517.219 517.665 517.839 517.996 518.022 518.196 518.309 518.356 518.317 518.41 518.235 518.225 518.137 518.383 518.47 518.53 518.498 518.486 518.562 518.706 518.594 518.616 518.759 518.725 518.753 518.896 518.979 518.948 519.046 518.998 519.02 519.136 518.965 519.15 519.191 519.365 519.271 519.563 519.729 519.85 520.015 520.034 520.093 520.109 520.268 520.357 520.404 520.73 520.701 520.834 520.995 520.822 520.828 520.641 520.606
515.058 515.158 515.201 515.402 515.762 515.919 516.267 516.428 516.657 516.525 516.744 516.776 516.876 517.313 517.537 517.55 517.632 517.749 517.934 518.031 517.856 517.9 517.972 517.903 517.885 518.117 518.005 518.218 518.286 518.263 518.192 518.304 518.469 518.302 518.343 518.364 518.398 518.588 518.738 518.584 518.688 518.72 518.764 518.737 518.752 518.84 518.865 518.839 518.943 519.138 519.419 519.576 519.556 519.734 519.846 519.921 519.93 520.131 520.039 520.138 520.333 520.431 520.46 520.56 520.56 520.462 520.402
514.755 514.706 514.883 515.216 515.491 515.66 515.718 515.897 515.993 516.09 516.268 516.519 516.729 516.954 517.047 517.267 517.203 517.409 517.716 517.602 517.551 517.775 517.675 517.513 517.573 517.479 517.982 517.921 517.943 517.897 517.876 517.771 517.578 517.489 517.644 517.791 517.893 518.072 518.225 518.254 518.33 518.439 518.555 518.562 518.447 518.527 518.429 518.613 518.609 518.606 518.905 519.102 519.196 519.318 519.391 519.463 519.621 519.778 519.941 520.055 520.026 520.234 520.301 520.411 520.403 520.349 520.354
514.121 514.461 514.551 514.842 515.038 515.201 515.276 515.505 515.695 515.923 516.07 516.192 516.281 516.568 516.547 516.649 516.74 516.878 517.023 517.146 517.261 517.338 517.163 517.273 517.358 517.341 517.527 517.636 517.595 517.545 517.405 517.387 517.406 517.33 517.479 517.624 517.577 517.828 517.868 518.12 517.979 518.036 518.117 518.051 518.122 518.112 518.191 518.195 518.133 518.374 518.592 518.878 519.044 519.102 519.212 519.29 519.37 519.505 519.713 519.484 519.673 519.902 519.891 519.96 519.948 519.931 519.931
514.01 514.071 514.3 514.453 514.524 514.664 514.575 514.933 515.272 515.409 515.561 515.667 515.924 516.267 516.174 516.186 516.309 516.471 516.569 516.733 516.995 516.991 516.947 516.823 517.031 517.102 517.501 517.465 517.296 517.18 517.267 517.057 517.015 517.195 516.964 517.103 517.193 517.322 517.525 517.652 517.699 517.657 517.683 517.776 517.842 517.835 518.029 518.02 518.071 518.094 518.261 518.43 518.632 518.798 518.925 518.959 518.98 519.186 519.193 519.279 519.513 519.524 519.504 519.55 519.739 519.648 519.647
513.411 513.673 513.9 514.136 513.991 514.219 514.328 514.601 514.836 514.751 515.204 515.32 515.718 515.689 515.942 515.928 516.148 516.104 516.175 516.35 516.409 516.632 516.648 516.64 516.711 516.781 516.706 516.847 516.833 516.768 516.82 516.829 516.811 516.76 516.773 516.934 516.918 517.28 517.294 517.347 517.489 517.358 517.505 517.531 517.553 517.538 517.751 517.792 517.818 517.884 518.076 518.295 518.36 518.571 518.739 518.734 518.795 518.905 518.912 519.015 519.172 519.039 519.243 519.303 519.243 519.339 519.345
513.264 513.495 513.617 513.88 513.719 513.907 513.89 514.122 514.217 514.446 514.602 514.846 515.185 515.374 515.7 515.704 515.843 515.873 516.074 516.187 516.333 516.231 516.168 516.322 516.395 516.477 516.603 516.832 516.693 516.569 516.589 516.538 516.681 516.633 516.585 516.729 516.642 516.861 516.941 517.055 517.143 517.094 517.125 517.153 517.268 517.525 517.501 517.592 517.75 517.834 517.861 517.959 518.109 517.981 518.143 518.212 518.284 518.382 518.36 518.51 518.593 518.661 518.723 518.804 519.032 519.063 519.079
512.736 512.913 513.15 513.397 513.457 513.608 513.71 513.853 514.156 514.146 514.259 514.331 514.743 515.044 515.379 515.443 515.57 515.539 515.715 515.762 515.82 515.797 515.782 515.95 516.182 516.281 516.263 516.174 516.204 516.155 516.198 516.3 516.333 516.17 516.201 516.303 516.588 516.551 516.751 516.967 516.933 517.015 516.896 516.994 517.115 517.205 517.201 517.528 517.483 517.356 517.54 517.614 517.702 517.784 517.799 517.968 517.92 518.21 518.065 518.072 518.316 518.405 518.417 518.523 518.535 518.546 518.446
512.324 512.699 512.82 513.035 513.014 513.17 513.198 513.534 513.478 513.751 513.998 514.141 514.375 514.712 515.116 515.156 515.28 515.287 515.34 515.389 515.402 515.534 515.448 515.732 515.737 515.863 515.938 515.964 516.038 516.02 516.067 515.993 515.923 516.003 516.052 516.261 516.177 516.261 516.309 516.514 516.508 516.636 516.672 516.756 516.887 516.974 517.226 517.363 517.345 517.26 517.368 517.372 517.441 517.548 517.596 517.478 517.662 517.628 517.605 517.516 517.835 517.907 517.928 518.026 518.278 518.23 518.216
512.015 512.224 512.47 512.623 512.711 512.872 512.946 513.149 513.157 513.413 513.725 513.996 514.124 514.369 514.61 514.758 514.926 514.994 514.869 514.823 514.953 514.946 515.214 515.313 515.534 515.561 515.687 515.487 515.58 515.615 515.525 515.557 515.67 515.768 515.788 515.86 515.935 515.92 516.115 516.409 516.474 516.434 516.46 516.491 516.578 516.659 516.775 516.91 516.688 516.919 516.921 516.984 517.035 516.996 516.972 517.207 517.127 517.304 517.187 517.195 517.349 517.312 517.507 517.467 517.491 517.695 517.388
511.774 511.835 512.085 512.255 512.416 512.583 512.658 512.812 512.902 512.852 513.197 513.492 513.705 513.937 514.209 514.252 514.503 514.741 514.649 514.688 514.699 514.833 514.879 515.055 515.123 515.248 515.311 515.337 515.209 515.275 515.358 515.389 515.477 515.598 515.741 515.635 515.585 515.532 515.758 516.011 516.157 516.058 516.187 516.193 516.342 516.458 516.622 516.637 516.573 516.642 516.685 516.712 516.644 516.612 516.771 516.812 516.799 516.753 516.669 516.817 516.852 516.842 516.844 516.9 517.227 517.234 517.248
511.389 511.46 511.687 511.864 511.913 512.008 512.362 512.547 512.632 512.662 512.996 513.069 513.364 513.591 513.87 513.838 513.954 514.062 514.148 514.278 514.344 514.516 514.631 514.877 514.756 514.904 514.941 515.199 515.003 514.755 514.852 515.023 515.243 515.49 515.359 515.423 515.572 515.396 515.656 515.639 516.006 515.863 515.789 515.921 515.955 516.288 516.276 516.381 516.384 516.309 516.21 516.325 516.387 516.404 516.436 516.421 516.501 516.521 516.602 516.629 516.423 516.492 516.468 516.461 516.61 516.87 517.029
510.879 510.92 511.63 511.743 511.747 511.784 511.983 511.953 512.248 512.375 512.499 512.601 512.843 513.173 513.351 513.495 513.41 513.72 513.904 514.08 514.22 514.29 514.34 514.422 514.602 514.69 514.699 514.673 514.686 514.562 514.604 514.804 515.176 515.201 515.366 515.206 515.335 515.259 515.275 515.283 515.434 515.434 515.436 515.387 515.527 515.802 515.841 515.942 515.922 516.07 516.079 516.094 516.153 516.254 516.184 516.198 516.086 516.25 516.042 515.937 515.867 515.995 516.118 516.211 516.29 516.413 517.165
510.612 510.735 510.965 511.268 511.41 511.452 511.759 511.799 512.013 512.252 512.339 512.462 512.672 512.828 513.125 513.085 513.136 513.31 513.514 513.665 513.787 513.983 514.111 514.295 514.376 514.558 514.56 514.58 514.43 514.337 514.428 514.519 514.599 514.793 514.944 514.982 514.933 515.009 514.985 515.131 515.156 515.056 515.116 515.345 515.46 515.563 515.642 515.796 515.746 515.808 515.746 515.814 515.796 515.869 515.813 515.835 515.873 515.873 515.882 515.69 515.818 515.88 516.042 516.045 516.133 516.978 516.391
510.335 510.606 510.75 510.97 511.209 511.345 511.475 511.511 511.64 511.816 512.12 512.207 512.467 512.651 512.725 512.834 512.93 513.139 513.31 513.525 513.635 513.732 513.862 514.04 514.08 514.122 513.998 514.09 514.136 514.154 514.372 514.379 514.54 514.545 514.771 514.802 514.814 515.004 514.949 514.946 514.889 514.885 514.91 515.079 515.158 515.215 515.383 515.443 515.55 515.439 515.462 515.494 515.449 515.788 515.628 515.518 515.511 515.55 515.466 515.449 515.537 515.524 515.418 515.665 515.929 516.192 516.231
510.041 510.279 510.584 510.724 510.979 510.926 511.093 511.232 511.39 511.582 511.884 512.042 512.087 512.384 512.689 512.484 512.536 512.716 513.089 513.025 513.285 513.452 513.473 513.739 513.836 513.85 514.001 513.943 513.987 514.113 513.989 514.288 514.249 514.34 514.284 514.565 514.456 514.627 514.666 514.583 514.726 514.648 514.698 514.786 514.989 515.228 515.278 515.177 515.198 515.242 515.194 515.272 515.253 515.19 515.2 515.227 515.251 515.213 515.224 515.314 515.209 515.314 515.344 515.503 515.702 515.845 516.152
510.059 510.212 510.358 510.516 510.615 510.556 510.664 510.814 511.029 511.236 511.568 511.664 511.854 511.963 512.195 512.299 512.402 512.622 512.836 512.941 513.019 513.115 513.23 513.228 513.277 513.367 513.601 513.638 513.686 513.695 513.727 513.797 513.777 514.013 514.25 514.172 514.263 514.402 514.562 514.415 514.548 514.43 514.475 514.564 514.704 514.949 514.899 514.921 514.839 514.914 514.968 515.008 514.965 514.9 515.054 515.049 515.103 515.168 514.924 515.056 515.02 514.998 515.07 515.158 515.153 515.23 515.449
509.672 509.753 509.901 510.209 510.289 510.417 510.326 510.649 510.941 511.123 511.481 511.642 511.685 511.742 511.872 511.996 512.137 512.133 512.394 512.683 512.611 512.797 512.759 513.042 513.079 513.162 513.409 513.448 513.556 513.637 513.532 513.717 513.659 513.708 513.888 513.977 514.099 514.084 514.082 514.163 514.172 514.243 514.247 514.414 514.429 514.472 514.554 514.582 514.611 514.638 514.629 514.688 514.621 514.654 514.785 514.767 514.696 514.653 514.953 514.751 514.731 514.829 514.904 515.036 515.049 515.117 515.402
509.45 509.569 509.73 510.113 509.998 510.17 510.25 510.423 510.348 510.605 510.817 510.968 511.155 511.385 511.537 511.856 511.916 511.936 512.114 512.322 512.464 512.391 512.603 512.658 512.828 512.903 513.113 513.104 513.142 513.239 513.285 513.17 513.337 513.664 513.654 513.788 513.768 513.895 513.87 514.1 514.043 514.251 514.176 514.115 514.25 514.131 514.31 514.26 514.309 514.286 514.392 514.54 514.514 514.447 514.425 514.569 514.678 514.584 514.812 514.459 514.698 514.703 514.772 514.782 514.714 514.823 515.016
509.119 509.124 509.358 509.477 509.586 509.987 510.115 510.165 510.238 510.548 510.545 510.834 511.114 511.169 511.307 511.434 511.55 511.647 511.683 511.699 511.882 512.037 512.294 512.48 512.563 512.7 512.946 512.931 512.982 513.153 513.29 513.37 513.277 513.631 513.57 513.642 513.639 513.627 513.626 513.693 513.757 513.837 513.87 513.839 513.855 514.085 514.039 514.087 514.038 514.231 514.396 514.4 514.362 514.472 514.309 514.864 514.639 514.113 514.088 514.284 514.245 514.379 514.321 514.269 514.356 514.353 514.476
508.673 509.001 509.127 509.318 509.591 509.828 509.909 509.953 510.101 510.146 510.211 510.395 510.566 510.763 510.883 511.057 511.364 511.408 511.466 511.63 511.671 511.846 512.149 512.207 512.273 512.598 512.66 512.717 512.791 512.875 512.943 513.112 513.19 513.251 513.35 513.322 513.463 513.422 513.604 513.418 513.605 513.667 513.628 513.62 513.81 513.817 513.729 513.794 513.898 513.913 513.91 513.962 513.923 514.04 514.719 514.127 514.061 514.036 514.183 514.051 514.043 514.339 514.029 514.061 514.112 514.085 514.16
508.5 508.799 508.916 509.091 509.249 509.399 509.385 509.668 509.777 510.057 510.038 510.178 510.461 510.329 510.534 510.753 510.969 511.103 511.208 511.393 511.451 511.709 511.669 511.94 512.156 512.291 512.446 512.594 512.65 512.692 512.896 513.019 512.936 513.088 513.205 513.239 513.18 513.269 513.216 513.303 513.245 513.364 513.264 513.419 513.535 513.487 513.478 513.642 513.719 513.799 513.794 513.853 513.781 513.678 513.76 513.903 513.785 513.847 513.855 513.894 514.041 513.829 513.87 513.824 513.859 513.913 514.029
508.288 508.602 508.828 508.909 509.131 509.086 509.242 509.193 509.421 509.624 509.824 509.944 510.003 510.177 510.276 510.379 510.763 510.942 511.065 511.144 511.373 511.608 511.752 511.873 512.099 512.242 512.306 512.305 512.435 512.516 512.532 512.644 512.765 512.819 512.966 512.951 512.907 513.052 513.047 513.007 513.068 513.17 513.136 513.237 513.201 513.217 513.402 513.481 513.509 513.511 513.6 513.503 513.316 513.466 513.609 513.68 513.561 513.594 513.666 513.757 513.717 513.822 513.792 513.726 513.895 513.711 513.711
