20220701_namedtuples/mapdata/sd8977_DSM_2M.asc
ncols 500
nrows 500
xllcorner    389000
yllcorner    477000
cellsize     2
NODATA_value -9999
[rows 330 to 359 of 500, columns 134 to 200 of 500]
591.272 591.15 591.052 590.924 590.717 590.395 590.205 590.152 590.123 590.087 590.174 590.248 590.188 589.918 589.522 589.318 588.974 588.747 588.669 588.635 588.657 588.434 588.438 588.224 588.095 588.007 587.89 587.76 587.475 587.125 586.851 586.646 586.418 585.935 585.562 585.344 585.478 585.398 585.029 584.75 584.401 584.15 583.997 583.672 583.391 582.905 582.737 582.547 582.341 582.194 581.953 581.762 581.706 581.678 581.549 581.462 581.344 581.191 581.13 580.872 580.889 580.819 580.674 580.62 580.589 580.532 580.451
591.259 591.057 590.991 590.918 590.745 590.589 590.332 590.196 590.144 590.109 590.119 590.041 590.01 589.838 589.486 589.354 589.132 588.756 588.694 588.659 588.713 588.495 588.442 588.361 588.215 588.127 587.986 587.511 587.133 586.776 586.405 586.176 585.975 585.661 585.138 584.627 584.892 584.986 584.98 584.844 584.773 584.617 584.363 584.079 583.939 583.489 583.055 582.824 582.479 582.299 582.111 581.904 581.784 581.731 581.594 581.497 581.372 581.25 581.144 581.021 580.942 580.798 580.741 580.619 580.586 580.519 580.437
591.211 591.11 590.924 590.928 590.876 590.607 590.331 590.393 590.303 590.074 590.083 590.066 590.206 589.821 589.533 589.239 589.187 588.926 588.775 588.785 588.719 588.796 588.632 588.636 588.434 588.442 588.036 587.653 586.948 586.56 586.29 586.197 585.901 585.732 585.515 584.978 584.554 584.898 584.981 584.932 584.847 584.691 584.485 584.216 583.917 583.583 583.284 582.834 582.511 582.338 582.158 582.068 581.823 581.822 581.704 581.523 581.49 581.251 581.257 581.153 580.904 580.857 580.828 580.742 580.661 580.588 580.428
591.185 591.099 590.984 590.951 590.899 590.78 590.459 590.255 590.235 590.368 590.445 590.418 590.364 589.974 589.618 589.394 589.233 589.097 588.893 588.86 588.814 588.813 588.754 588.53 588.499 588.425 588.063 587.387 586.789 586.458 586.307 586.108 585.936 585.777 585.692 585.04 584.705 584.985 585 585.003 584.915 584.856 584.564 584.423 584.117 583.794 583.465 583.247 582.982 582.843 582.644 582.388 582.132 582.032 581.87 581.734 581.604 581.482 581.304 581.2 581.113 580.94 580.836 580.752 580.681 580.591 580.444
591.291 591.062 590.934 590.923 591.06 590.915 590.655 590.115 590.062 590.103 590.494 590.727 590.599 590.424 590.015 589.712 589.147 589.129 588.947 588.959 588.922 588.869 588.791 588.534 588.432 588.212 588.136 587.421 586.782 586.473 586.329 586.125 585.894 585.853 585.782 585.674 585.503 585.219 585.064 585.154 585.003 584.925 584.66 584.534 584.07 583.793 583.566 583.365 583.091 582.918 582.622 582.412 582.172 582.058 581.901 581.775 581.678 581.505 581.369 581.179 581.256 580.98 580.937 580.795 580.739 580.674 580.58
591.227 591.025 590.945 590.947 590.887 590.945 590.626 589.879 589.74 589.896 590.132 590.648 590.672 590.602 590.292 589.674 589.253 589.177 589.05 589.023 589.115 589.381 589.232 589.01 588.439 588.175 587.908 587.383 586.882 586.636 586.504 586.27 586.055 585.854 585.796 585.664 585.645 585.271 585.208 585.15 585.039 584.977 584.614 584.229 583.884 583.778 583.563 583.538 583.249 583.094 582.889 582.763 582.482 582.274 582.112 581.98 581.783 581.678 581.527 581.322 581.282 581.174 581.055 580.972 580.814 580.771 580.635
591.097 590.902 590.885 590.842 590.856 590.956 590.669 589.904 589.385 589.77 590.109 590.456 590.607 590.626 590.286 589.622 589.46 589.257 589.262 589.14 589.399 589.854 589.838 589.447 588.563 587.918 587.378 587.098 586.862 586.693 586.593 586.687 586.376 585.977 585.854 585.89 585.653 585.441 585.369 585.161 585.16 585.205 584.676 584.151 584.141 584.08 584.021 583.74 583.655 583.404 583.125 582.856 582.687 582.448 582.218 582.054 581.774 581.686 581.534 581.402 581.271 581.188 581.037 580.928 580.89 580.866 580.682
590.727 590.768 590.788 590.765 590.778 590.852 590.836 590.35 590.151 590.194 590.331 590.348 590.618 590.508 590.081 589.81 589.414 589.403 589.348 589.431 589.85 589.891 589.737 589.367 588.231 587.745 587.267 587.072 586.938 586.848 586.895 586.837 586.47 586.142 585.896 585.794 585.643 585.489 585.28 585.23 585.168 585.092 584.805 584.303 584.212 584.151 584.132 583.861 583.752 583.429 583.136 583.122 582.886 582.629 582.31 582.266 581.96 581.714 581.614 581.5 581.383 581.288 581.226 581.062 581.1 580.898 580.867
590.793 590.666 590.76 590.781 590.714 590.688 590.564 590.348 590.378 590.38 590.385 590.507 590.561 590.547 590.105 589.724 589.485 589.43 589.647 589.808 590.053 590.039 589.82 588.326 588.072 587.499 587.125 586.902 586.852 586.922 587.04 586.919 586.561 586.115 585.833 585.695 585.644 585.479 585.424 585.225 585.252 585.172 585.03 584.72 584.651 584.55 584.405 584.221 584.004 583.701 583.51 583.244 582.943 582.735 582.528 582.257 582.012 581.867 581.676 581.574 581.482 581.363 581.259 581.162 581.093 580.969 580.922
590.776 590.661 590.712 590.661 590.619 590.537 590.5 590.39 590.443 590.416 590.411 590.489 590.539 590.408 589.835 589.509 589.458 589.422 589.611 590.029 590.144 590.008 589.639 588.482 588.032 587.433 586.887 586.757 586.996 587.104 587.246 587.347 586.677 586.107 585.943 585.768 585.525 585.541 585.407 585.423 585.325 585.218 585.085 584.914 584.745 584.756 584.454 584.236 584.022 583.757 583.539 583.363 583.126 582.781 582.572 582.282 582.011 581.867 581.765 581.691 581.635 581.478 581.331 581.307 581.213 581.178 581.153
591.182 590.877 590.658 590.617 590.581 590.488 590.51 590.497 590.461 590.419 590.451 590.527 590.4 590.084 589.725 589.537 589.491 589.518 589.604 590.123 590.216 590.175 589.385 588.259 587.754 587.394 587.387 587.063 587.131 587.479 587.576 587.457 586.911 586.107 585.875 585.742 585.625 585.645 585.454 585.448 585.403 585.192 585.083 585.025 584.987 584.818 584.592 584.414 584.141 583.863 583.818 583.54 583.297 583.146 582.909 582.734 582.516 582.353 582.133 582.087 581.97 581.719 581.619 581.477 581.389 581.316 581.228
591.266 590.838 590.685 590.697 590.574 590.499 590.474 590.446 590.404 590.47 590.489 590.507 590.107 589.713 589.57 589.615 589.596 589.615 589.826 590.16 590.164 589.354 588.788 588.026 587.601 587.718 587.668 587.48 587.312 587.67 587.631 587.392 586.887 586.337 585.805 585.74 585.78 585.598 585.555 585.438 585.349 585.323 585.25 585.143 585.007 584.899 584.708 584.474 584.269 584.022 583.818 583.658 583.436 583.254 583.099 582.842 582.632 582.444 582.336 582.129 581.95 581.831 581.665 581.626 581.483 581.378 581.324
591.262 590.786 590.607 590.559 590.547 590.484 590.516 590.433 590.487 590.441 590.49 590.376 589.606 589.467 589.65 589.624 589.621 589.745 589.796 589.994 590.147 589.534 588.411 587.972 587.643 587.745 587.72 587.564 587.722 587.802 587.713 587.494 587.104 586.055 585.835 585.8 585.57 585.613 585.497 585.519 585.435 585.413 585.231 585.225 585.065 584.994 584.774 584.508 584.425 584.118 583.944 583.836 583.583 583.428 583.211 583.043 582.858 582.663 582.533 582.458 582.277 582.102 581.994 581.865 581.697 581.561 581.441
591.203 590.688 590.531 590.514 590.46 590.379 590.432 590.468 590.423 590.458 590.443 590.341 589.621 589.335 589.491 589.745 589.709 589.846 589.711 589.948 590.053 589.556 588.772 588.133 588.208 588.372 588.085 587.817 587.941 587.775 587.674 587.571 587.258 586.725 585.975 585.752 585.796 585.631 585.562 585.551 585.489 585.437 585.458 585.258 585.283 585.117 584.876 584.679 584.492 584.305 584.157 583.966 583.767 583.574 583.282 583.163 582.955 582.824 582.726 582.494 582.327 582.187 582.041 581.952 581.778 581.649 581.598
591.187 590.719 590.445 590.414 590.418 590.432 590.352 590.393 590.339 590.319 590.42 590.434 590.524 589.884 589.971 589.801 589.78 589.798 589.815 589.78 589.84 589.429 589.028 588.803 588.476 588.727 588.548 588.036 588.059 587.806 587.71 587.512 587.293 586.947 586.312 585.912 585.651 585.607 585.616 585.692 585.661 585.657 585.563 585.425 585.42 585.249 585.076 584.867 584.502 584.422 584.247 583.992 583.844 583.716 583.408 583.262 583.115 582.977 582.8 582.693 582.525 582.383 582.273 582.064 581.903 581.823 581.714
591.662 591.028 590.554 590.497 590.432 590.416 590.305 590.342 590.341 590.298 590.276 590.376 590.354 590.03 589.927 589.867 589.787 589.772 589.771 589.844 589.797 589.388 589.182 589.059 589.006 588.956 588.651 588.517 588.338 587.962 587.569 587.41 587.052 586.878 586.422 585.978 585.736 585.722 585.736 585.833 586.135 586.061 585.83 585.72 585.7 585.454 585.204 584.928 584.682 584.48 584.278 584.074 583.904 583.779 583.546 583.407 583.224 583.068 582.942 582.83 582.635 582.456 582.367 582.259 582.058 581.94 581.81
591.886 591.438 590.945 590.526 590.44 590.323 590.414 590.356 590.24 590.255 590.189 590.065 590.199 589.93 589.903 589.867 589.817 589.752 589.791 589.785 589.692 589.603 589.398 589.161 589.32 589.267 588.973 589.033 588.86 588.229 588.171 587.603 587.24 586.898 586.401 585.77 585.617 585.774 585.962 585.987 586.219 586.384 586.211 586.143 585.913 585.598 585.364 585.04 584.727 584.512 584.31 584.154 583.967 583.768 583.591 583.52 583.323 583.174 582.974 582.881 582.76 582.526 582.412 582.329 582.185 582.003 582.013
592.444 591.891 591.189 590.835 590.424 590.338 590.379 590.321 590.167 590.123 590.059 590.024 590.042 589.913 589.874 589.856 589.784 589.747 589.754 589.715 589.695 589.61 589.509 589.255 589.425 589.233 589.08 588.976 589.034 588.778 588.256 588.304 587.673 587.143 586.651 585.975 585.245 585.894 586.112 586.134 586.344 586.445 586.581 586.346 586.164 585.818 585.489 585.104 584.838 584.546 584.381 584.208 584.015 583.865 583.734 583.616 583.486 583.315 583.216 583.059 582.905 582.724 582.61 582.469 582.295 582.202 582.112
592.509 592.055 591.472 590.937 590.545 590.383 590.335 590.275 590.133 590.089 590.086 590.052 590.006 589.905 589.862 589.833 589.793 589.754 589.82 589.728 589.773 589.877 589.894 589.988 589.918 589.683 589.635 589.56 589.247 589.043 588.938 588.662 588.213 587.869 587.247 586.636 585.988 585.828 586.127 586.174 586.255 586.382 586.528 586.462 586.121 585.85 585.57 585.136 584.884 584.67 584.42 584.224 584.116 584.04 583.871 583.729 583.55 583.444 583.346 583.197 582.971 582.832 582.724 582.632 582.423 582.328 582.192
592.484 592.035 591.398 590.927 590.77 590.469 590.396 590.185 590.118 590.02 590.093 589.98 589.947 589.975 589.878 589.854 589.77 589.74 589.734 589.732 589.807 589.893 589.942 589.963 590.013 589.96 589.852 589.819 589.352 589.15 588.98 588.737 588.404 587.998 587.422 586.818 586.188 585.859 586.212 586.293 586.356 586.51 586.683 586.654 586.168 585.74 585.413 585.105 584.76 584.6 584.452 584.277 584.151 584.071 583.932 583.788 583.698 583.536 583.443 583.295 583.044 582.934 582.965 582.712 582.645 582.543 582.424
592.529 592.04 591.539 591.108 590.765 590.472 590.271 590.167 590.055 589.93 589.988 589.98 589.903 589.871 589.827 589.872 589.808 589.744 589.719 589.731 589.839 589.902 589.889 589.995 590.338 590.376 590.309 590.174 589.867 589.234 589.075 588.987 588.579 588.263 587.625 586.981 586.454 586.481 586.513 586.446 586.512 586.662 586.79 586.438 586.042 585.73 585.43 585.108 584.882 584.61 584.424 584.32 584.195 584.047 584.018 583.876 583.865 583.582 583.535 583.512 583.346 583.188 583.069 582.96 582.819 582.617 582.497
592.564 592.182 591.823 591.277 590.984 590.446 590.157 590.154 590.021 590.011 589.989 589.967 589.902 589.937 589.808 589.759 589.782 589.707 589.687 589.7 589.823 589.866 590.016 590.229 590.591 590.698 590.594 590.329 589.876 589.487 589.2 588.915 588.583 588.196 587.748 586.982 586.402 586.481 586.444 586.59 586.607 586.61 586.938 586.404 586.03 585.654 585.476 585.271 584.906 584.627 584.401 584.369 584.243 584.085 584.043 583.964 583.854 583.735 583.663 583.585 583.479 583.286 583.213 583.069 582.869 582.762 582.634
592.903 592.479 591.989 591.223 590.807 590.393 590.167 590.067 589.955 589.988 589.977 589.94 589.928 589.891 589.821 589.769 589.682 589.593 589.645 589.635 589.742 589.893 590.133 590.553 590.87 590.787 590.758 590.471 589.97 589.609 589.355 588.782 588.498 587.971 587.694 586.984 586.656 586.522 586.601 586.762 586.792 587.054 586.947 586.374 585.951 585.661 585.293 585.145 584.858 584.588 584.484 584.381 584.21 584.086 583.967 583.884 583.763 583.657 583.647 583.637 583.586 583.52 583.395 583.231 583.026 582.929 581.866
593.073 592.51 591.823 591.461 590.651 590.299 590.159 590.079 590.108 590.047 589.98 589.942 589.915 589.909 589.682 589.685 589.51 589.486 589.589 589.661 589.77 589.974 590.424 590.715 590.854 590.948 590.717 590.463 589.906 589.491 589.261 588.925 588.429 587.89 587.619 587.26 587.141 586.962 586.614 586.813 586.879 587.12 586.877 586.498 585.934 585.654 585.451 585.132 584.745 584.64 584.445 584.375 584.225 584.12 583.951 583.734 583.672 583.496 583.523 583.118 583.142 583.427 583.601 583.356 582.573 581.519 581.963
593.068 592.442 591.704 591.024 590.541 590.163 590.102 590.045 590.076 590.068 589.936 589.914 589.919 589.773 589.62 589.588 589.378 588.741 588.835 589.293 589.902 590.174 590.616 590.928 590.861 590.703 590.467 590.284 589.875 589.48 589.118 588.923 588.348 587.694 587.424 587.683 587.402 587.218 587.057 587.055 587.221 587.289 586.921 586.294 585.901 585.533 585.241 584.978 584.721 584.528 584.369 584.327 584.325 584.136 584.033 583.781 583.925 583.836 583.645 583.587 583.209 583.451 583.487 583.287 582.891 582.831 582.595
593.195 592.686 591.81 590.995 590.367 590.187 590.154 590.068 590.069 590.035 590.004 589.941 589.882 589.781 589.721 589.543 588.526 587.74 588.478 589.142 590.139 590.574 591.047 591.146 590.614 590.458 589.938 589.947 589.838 589.483 588.975 588.745 588.328 588.198 587.833 587.432 587.321 587.261 587.258 587.361 587.314 587.249 586.881 586.295 585.807 585.381 585.179 584.886 584.62 584.493 584.42 584.376 584.395 584.184 584.269 584.293 584.084 584.063 584.13 584.084 583.981 583.945 583.784 583.589 583.541 583.466 583.352
593.162 592.541 591.557 590.89 590.458 590.28 590.238 590.114 590.067 590.076 589.951 589.877 589.778 589.729 589.623 589.589 589.096 588.711 588.863 589.447 589.972 590.294 590.879 590.956 590.521 589.98 589.882 589.814 589.731 589.498 589.084 588.707 588.322 588.163 587.917 587.377 587.33 587.345 587.341 587.403 587.456 587.208 586.887 586.185 585.559 585.303 585.04 584.94 584.763 584.752 584.515 584.544 584.888 584.958 585.047 585.175 585.147 585.152 584.846 584.814 584.747 584.522 584.243 584.057 583.917 583.925 583.749
593.537 592.682 591.804 590.868 590.548 590.442 590.442 590.249 590.155 589.997 589.941 589.8 589.797 589.692 589.602 589.622 589.618 589.356 589.303 589.663 590.182 590.352 590.309 590.337 590.286 590.013 589.89 589.542 589.521 589.38 589.122 588.627 588.416 588.147 587.865 587.768 587.528 587.472 587.57 587.477 586.936 586.682 586.421 586.033 586.09 585.885 586.118 585.731 585.272 585.237 585.099 585.167 585.135 585.149 585.371 585.689 585.441 585.272 585.309 585.268 584.901 584.786 584.584 584.475 584.517 584.346 584.271
593.565 592.65 592.184 591.355 590.821 590.602 590.391 590.29 590.196 589.987 589.893 589.839 589.735 589.65 589.595 589.709 589.671 589.174 589.341 589.562 590.048 590.249 590.282 590.206 589.837 589.761 589.852 589.531 589.53 589.458 589.058 588.565 588.297 588.062 587.861 587.786 587.649 587.529 587.532 587.327 587.009 586.738 586.594 586.291 586.162 586.259 586.258 585.822 585.756 585.843 585.795 585.473 585.728 585.725 586.035 585.949 585.711 585.743 585.847 586.006 585.643 585.463 585.173 585.1 585.174 585.102 584.796
593.782 592.935 592.412 591.627 591.091 590.815 590.622 590.56 590.158 590.025 589.98 589.855 589.736 589.653 589.612 589.7 589.748 589.119 588.747 589.422 589.737 589.767 589.898 589.737 589.652 589.695 589.559 589.541 589.624 589.556 589.264 588.781 588.301 587.99 587.902 587.797 587.791 587.576 587.488 587.489 587.57 587.338 587.176 586.874 587.082 586.966 586.933 586.95 586.874 586.571 586.354 586.49 586.419 586.201 586.219 586.094 585.997 585.986 586.133 586.159 586.083 585.863 585.666 585.562 585.559 585.406 585.224
