20220701_namedtuples/mapdata/sd8975_DSM_2M.asc
ncols 500
nrows 500
xllcorner    389000
yllcorner    475000
cellsize     2
NODATA_value -9999
[rows 180 to 209 of 500, columns 402 to 468 of 500]
477.558 477.285 477.323 477.404 477.549 477.834 478.262 478.084 478.168 478.416 478.732 479.12 479.613 479.484 479.638 479.697 479.885 479.835 479.868 480.061 480.144 480.208 480.158 480.311 480.217 480.135 480.257 480.346 480.388 480.42 480.532 480.519 480.383 480.272 480.237 480.263 480.107 479.995 479.844 479.519 479.551 479.535 479.533 479.444 479.529 479.875 480.633 481.385 481.727 482.169 481.804 481.935 482.166 482.263 482.125 482.193 482.273 482.73 483.009 482.634 483.653 482.962 483.718 483.679 483.547 483.803 483.635
477.229 477.152 476.956 476.853 476.931 477.209 477.609 477.72 477.994 478.082 478.286 478.709 478.858 479.162 479.143 479.333 479.413 479.574 479.59 479.697 479.893 479.899 479.84 479.966 479.923 479.891 480.007 480.279 480.267 480.251 480.306 480.056 480.253 480.321 479.886 480.205 480.051 479.654 479.557 479.153 479.158 479.352 479.196 479.243 479.262 479.469 480.142 480.579 481.089 481.47 481.47 481.518 481.531 481.979 481.917 482.074 482.216 482.319 482.293 482.874 482.651 483.074 483.537 483.636 483.538 483.276 483.419
477.183 476.866 476.697 476.54 476.482 476.756 477.101 477.376 477.781 477.945 478.001 478.171 478.493 478.76 479.023 479.159 479.193 479.33 479.483 479.53 479.47 479.43 479.43 479.654 479.668 479.649 479.671 479.836 479.912 479.919 479.918 479.912 479.886 479.647 479.646 479.674 479.649 479.591 479.338 478.968 478.841 478.963 479.034 478.977 478.983 479.029 479.772 480.433 480.763 481.119 481.319 481.326 481.501 481.676 481.389 481.867 482.024 482.173 481.865 482.493 482.501 483.015 483.749 483.714 483.662 483.379 482.944
477.227 476.87 476.173 476.233 476.181 476.174 476.592 476.594 477.083 477.466 477.545 477.758 477.999 478.277 478.675 478.862 478.976 479.015 479.125 479.018 479.021 478.953 479.085 479.246 479.252 479.354 479.325 479.491 479.462 479.557 479.681 479.7 479.548 479.701 479.414 479.335 479.324 479.562 479.33 478.987 478.478 478.684 478.744 478.766 478.713 478.691 479.317 480.067 480.457 480.81 480.858 480.898 481.109 481.059 481.19 481.208 481.424 481.58 481.787 482.235 482.327 482.836 483.147 483.249 483.389 483.24 482.576
476.99 476.569 476.02 476.008 476.013 476.021 476.026 476.439 476.776 477.098 477.181 477.403 477.853 478.048 478.271 478.447 478.437 478.54 478.747 478.802 478.655 478.916 479.093 479.081 479.116 479.235 479.192 479.254 479.402 479.253 479.265 479.126 479.252 479.147 479.232 479.067 479.203 479.402 479.348 478.823 478.249 478.147 478.32 478.353 478.373 478.451 479.072 479.878 480.125 480.378 480.432 480.498 480.728 480.773 481.06 480.997 481.112 481.45 481.803 481.892 482.111 482.674 482.95 482.89 482.927 482.929 482.225
477.071 476.52 475.844 475.766 475.873 476.02 476.268 476.207 476.347 476.402 476.963 477.221 477.404 477.63 477.865 477.683 478.086 478.221 478.167 478.295 478.332 478.537 478.368 478.617 478.612 478.771 478.932 478.936 479.034 478.969 479.042 478.927 478.907 478.859 478.881 478.923 479.152 479.303 479.017 478.687 478.016 477.94 478.067 478.202 478.172 478.209 478.658 479.561 479.76 479.899 479.833 480.213 480.346 480.527 480.804 480.82 480.876 480.99 481.283 481.497 481.6 482.083 481.982 482.565 482.628 482.739 482.212
476.79 476.549 475.846 475.59 475.673 475.697 475.863 475.976 476.109 476.097 476.296 476.769 476.835 476.933 477.31 477.632 477.659 477.87 477.861 477.953 478.001 478.123 478.166 478.177 478.532 478.675 478.511 478.546 478.572 478.59 478.605 478.675 478.628 478.459 478.567 478.729 478.788 478.691 478.972 478.621 477.654 477.55 477.559 477.617 477.758 478.066 478.464 478.916 479.223 479.635 479.768 479.976 480.121 480.296 480.535 480.642 480.68 480.705 481.138 481.293 481.563 481.592 481.96 482.304 482.373 482.329 482.177
476.666 476.369 475.916 475.269 475.44 475.362 475.465 475.381 475.876 475.953 475.927 476.353 476.532 476.679 477.03 477.329 477.342 477.447 477.484 477.535 477.694 477.781 477.807 477.932 478.163 478.08 478.155 478.121 478.263 478.236 478.286 478.222 478.138 478.323 478.428 478.422 478.48 478.486 478.709 478.115 477.772 477.302 477.209 477.343 477.571 477.892 478.462 478.746 479.303 479.57 479.854 479.787 479.833 480.012 479.915 480.347 480.547 480.488 480.633 481.138 481.044 481.201 481.293 481.449 481.898 482.034 482.184
476.374 476.246 475.976 475.017 475.075 475.065 475.017 475.226 475.374 475.402 475.676 475.987 476.225 476.334 476.682 476.693 476.869 477.054 477.128 477.221 477.156 477.417 477.58 477.638 477.785 477.801 477.858 477.799 477.995 478.133 478.007 478.046 477.922 478.266 478.085 478.279 478.261 478.315 478.196 477.797 477.451 477.011 476.493 476.598 477.184 477.785 477.958 478.152 478.919 479.226 479.48 479.455 479.695 479.633 479.823 480.069 480.325 480.332 480.635 480.896 480.988 480.699 481.001 481.105 481.454 481.759 482.134
475.707 475.938 475.96 475.258 474.698 474.815 474.773 474.899 475.089 475.306 475.262 475.598 475.805 475.926 476.187 476.339 476.488 476.675 476.717 476.869 476.848 476.975 477.117 477.315 477.392 477.486 477.668 477.588 477.561 477.639 477.583 477.435 477.542 477.746 477.802 477.9 478.064 477.968 477.808 477.583 477.045 476.706 476.143 476.506 477.452 477.612 477.935 478.094 478.594 478.969 479.268 479.476 479.441 479.497 479.743 480.044 480.06 480.219 480.519 480.71 480.745 480.575 480.417 480.453 480.841 481.196 481.344
474.255 474.474 473.996 474.166 474.093 474.243 474.417 474.495 474.97 475.062 475.113 475.112 475.233 475.623 475.786 476.106 476.288 476.47 476.481 476.499 476.478 476.691 476.812 477.013 477.029 477.098 477.275 477.276 477.386 477.369 477.282 477.281 477.451 477.531 477.577 477.589 477.57 477.503 477.379 477.11 476.776 476.422 476.108 476.557 477.129 477.284 477.471 477.733 478.029 478.605 479.113 479.176 478.841 478.936 479.373 479.763 479.867 479.977 480.111 480.289 480.312 480.347 480.1 480.108 480.209 480.483 480.476
473.193 473.641 473.365 473.777 473.544 473.904 473.907 474.253 474.65 474.771 474.791 475.04 475.047 475.19 475.432 475.818 475.996 476.194 476.237 476.283 476.31 476.466 476.611 476.666 476.772 476.671 476.804 476.971 477.047 477.083 476.916 477.047 477.052 477.12 477.193 477.209 477.127 477.099 476.966 476.644 476.432 476.153 476.022 476.109 476.887 476.944 477.173 477.532 477.841 478.549 478.81 478.914 478.675 478.844 479.192 479.47 479.637 479.85 479.798 480.044 480.018 480.042 479.999 479.699 479.758 479.848 479.86
472.262 472.491 472.226 472.188 472.407 472.904 473.321 473.959 474.186 474.527 474.759 474.894 474.927 474.969 475.224 475.359 475.556 475.771 475.783 475.924 476.028 476.083 476.124 476.212 476.377 476.403 476.586 476.605 476.837 476.795 476.698 476.714 476.892 476.845 476.748 476.836 476.993 476.914 476.765 476.369 476.137 475.781 475.939 476.167 476.799 476.857 476.84 477.094 477.677 478.255 478.665 478.381 478.346 478.546 478.872 479.224 479.34 479.408 479.628 479.695 479.563 479.6 479.64 479.63 479.247 479.351 479.375
470.951 470.728 470.898 471.515 471.627 472.326 473.467 473.575 473.884 474.265 474.325 474.51 474.838 474.973 475.09 475.269 475.356 475.471 475.563 475.643 475.792 475.643 475.838 476.044 476.089 476.186 476.236 476.354 476.489 476.415 476.429 476.289 476.456 476.535 476.537 476.62 476.559 476.632 476.529 476.175 475.949 475.7 475.669 476.045 476.303 476.505 476.545 476.805 477.421 477.818 478.031 478.072 478.082 478.356 478.737 478.976 479.088 479.034 479.009 479.366 479.281 479.312 479.379 479.564 478.773 478.854 478.886
469.613 470.24 470.504 470.751 471.271 471.445 472.627 473.073 473.401 473.636 473.895 474.112 474.276 474.551 474.739 474.936 475.003 475.045 475.1 475.262 475.327 475.444 475.516 475.707 475.758 475.81 475.822 475.866 476.085 476.051 476.094 475.967 476.255 476.283 476.293 476.308 476.484 476.491 476.186 476.047 475.699 475.726 475.533 475.665 476.185 476.192 476.379 476.477 476.905 477.261 477.453 477.547 477.81 478.218 478.515 478.685 478.811 478.635 478.703 478.861 478.907 479.081 479.191 479.047 478.639 478.349 478.443
469.509 469.694 470.256 470.652 470.768 471.026 471.51 472.683 473.028 473.549 473.735 474.001 474.192 474.253 474.178 474.266 474.575 474.803 474.979 475.066 475.017 475.182 475.213 475.365 475.348 475.404 475.611 475.739 475.826 475.956 475.881 475.786 475.918 475.982 475.978 476.103 476.176 476.223 475.945 475.755 475.647 475.303 475.1 475.341 475.71 475.862 475.93 476.234 476.759 476.995 477.247 477.469 477.75 478.036 478.202 478.509 478.588 478.56 478.574 478.756 478.512 478.76 478.809 478.811 478.201 477.938 477.928
468.361 469.277 469.685 469.887 470.339 470.94 471.524 471.996 472.887 473.199 473.44 473.568 473.79 473.876 474.108 474.115 474.264 474.263 474.57 474.903 475.019 475.004 474.946 474.943 475.024 475.107 475.309 475.465 475.502 475.547 475.492 475.481 475.496 475.689 475.677 475.889 475.996 475.99 475.763 475.563 475.302 474.581 474.967 475.254 475.512 475.72 475.82 476.232 476.677 476.845 477.039 477.195 477.382 477.605 477.856 477.817 478.053 478.2 478.097 478.196 478.099 478.406 478.185 478.231 478.074 477.684 477.486
467.516 468.57 469.15 469.776 470.116 470.786 471.467 471.87 472.805 473.035 473.227 473.347 473.54 473.479 473.712 473.937 474.009 473.961 474.141 474.483 474.387 474.805 474.804 474.966 474.992 475.05 474.968 475.125 475.012 475.127 475.199 475.198 475.251 475.278 475.46 475.682 475.687 475.745 475.451 475.158 475.058 474.363 473.96 474.819 475.276 475.584 475.984 476.257 476.537 476.786 476.79 476.931 477.181 477.235 477.438 477.671 477.605 477.764 477.777 477.786 477.907 478.005 478.02 477.975 477.464 477.166 477.5
467.66 468.143 469.017 469.585 469.724 469.882 471.175 471.936 472.715 472.858 473.068 473.278 473.455 473.326 473.297 473.731 473.641 473.652 473.797 473.854 474.062 474.322 474.712 474.569 474.621 474.746 474.499 474.502 474.628 474.724 474.863 474.858 474.954 475.03 475.219 475.299 475.269 475.334 475.136 474.866 474.842 474.029 474.012 474.582 475.26 475.659 475.946 476.224 476.497 476.751 476.694 476.791 476.849 476.961 477.075 477.211 477.284 477.287 477.297 477.33 477.343 477.426 477.168 477.005 476.956 476.308 477.097
467.124 468.056 468.797 469.03 469.321 470.062 470.891 472.022 472.69 472.719 472.839 473.065 473.041 473.07 473.074 473.301 473.334 473.38 473.51 473.665 473.697 473.927 474.037 474.071 474.426 474.488 474.164 474.254 474.243 474.373 474.563 474.708 474.711 474.82 475.001 475.039 475.028 475.029 475.065 474.666 474.463 474.006 473.829 474.617 475.31 475.609 475.864 475.876 476.23 476.232 476.349 476.45 476.573 476.555 476.58 476.696 476.947 476.927 476.951 477.011 477.061 476.959 476.623 476.324 476.349 476.579 477.275
467.064 467.596 468.426 468.775 469.268 469.873 471.001 471.924 472.547 472.569 472.841 472.781 472.869 472.877 472.837 472.914 472.989 473.261 473.159 473.228 473.291 473.33 473.51 473.762 473.876 473.844 473.829 473.963 474.038 473.956 474.199 474.419 474.487 474.496 474.596 474.596 474.727 474.702 474.534 474.242 474.017 473.613 473.882 474.694 475.447 475.553 475.644 475.929 476.033 476.202 476.42 476.102 476.446 476.458 476.394 476.358 476.403 476.672 476.512 476.817 476.723 476.364 475.337 475.983 476.193 476.257 476.855
466.98 467.391 467.925 468.278 468.997 469.869 471.059 471.641 471.844 471.975 472.576 472.541 472.544 472.556 472.522 472.53 472.59 472.605 472.809 472.879 472.954 473.111 473.152 473.406 473.481 473.501 473.569 473.7 473.764 473.768 474.194 474.087 474.135 474.281 474.339 474.38 474.346 474.362 474.245 473.977 473.75 473.287 473.969 475.005 475.269 475.304 475.404 475.565 475.685 475.804 475.714 475.865 476.031 476.156 476.048 476.106 476.185 476.296 476.32 476.303 476.281 475.775 475.095 475.742 475.939 476.056 476.745
466.077 466.947 467.603 468.082 468.55 469.648 470.293 471.272 471.498 471.78 471.99 472.258 472.216 472.13 472.27 472.367 472.152 472.209 472.484 472.574 472.605 472.755 472.844 472.923 473.085 473.162 473.181 473.294 473.392 473.723 473.752 473.884 473.794 473.909 473.925 473.959 474.015 474.022 473.753 473.543 473.292 473.316 474.68 474.918 474.994 475.164 475.166 475.345 475.575 475.591 475.603 475.688 475.853 475.788 475.943 475.909 475.743 476.082 476.141 476.137 476.065 474.745 474.413 475.484 475.723 475.813 476.431
466.013 466.815 467.377 467.779 468.609 469.626 470.431 470.738 471.164 471.506 471.65 471.733 471.801 471.672 471.744 471.82 471.974 471.862 471.845 472.036 472.201 472.053 472.412 472.538 472.694 472.666 472.997 473.107 473.138 473.349 473.486 473.582 473.535 473.721 473.709 473.871 473.786 473.618 473.403 473.259 473.377 474.084 474.793 474.844 474.868 474.924 475.005 475.048 475.232 475.231 475.305 475.4 475.523 475.441 475.525 475.381 475.464 475.642 475.777 475.736 475.768 474.112 474.008 474.928 475.229 475.521 476.381
465.802 466.008 466.699 467.658 468.382 469.245 469.698 470.427 470.945 471.281 471.352 471.443 471.495 471.492 471.52 471.526 471.711 471.639 471.54 471.756 471.678 471.846 472.011 472.273 472.246 472.487 472.585 472.728 472.734 472.795 473.04 473.195 473.18 473.446 473.495 473.574 473.207 473.099 472.846 472.623 472.978 473.847 474.293 474.548 474.653 474.707 474.536 474.648 475.017 474.816 474.786 474.954 475.163 475.228 475.239 475.25 475.294 475.398 475.626 475.587 475.236 474.018 473.851 474.065 474.402 475.165 476.062
465.779 465.596 466.795 467.492 468.563 469.073 469.547 469.846 470.444 470.725 470.935 471.276 471.299 471.267 471.259 471.162 471.186 470.893 471.107 470.94 471.148 471.293 471.611 471.813 472.126 472.129 472.187 472.42 472.477 472.564 472.695 472.958 473.026 473.167 473.236 473.212 472.81 472.779 472.601 472.255 472.344 473.806 474.121 474.219 474.308 474.259 474.242 474.429 474.4 474.469 474.384 474.611 474.703 474.883 474.845 474.995 474.865 475.078 474.989 475.155 475.445 474.432 473.712 473.73 473.907 475.396 475.726
465.507 465.53 466.903 467.086 467.598 468.084 468.715 469.397 469.963 470.257 470.596 470.865 470.947 470.994 470.955 470.92 470.928 470.914 470.69 470.615 470.804 471.002 471.454 471.68 471.745 471.995 471.899 471.999 472.144 472.386 472.447 472.631 472.78 472.895 472.918 472.649 472.497 472.001 471.817 472.073 472.682 473.366 473.679 473.868 473.755 473.778 473.931 474.071 473.932 473.965 474.004 474.31 474.444 474.457 474.594 474.617 474.689 474.806 474.915 474.995 475.187 474.338 473.469 473.747 474.554 475.109 475.421
465.504 465.821 466.232 466.94 467.421 467.854 468.444 469.128 469.741 470.151 470.438 470.658 470.734 470.823 470.572 470.689 470.735 470.532 470.564 470.48 470.532 470.861 471.102 471.254 471.437 471.437 471.75 471.68 471.902 472.094 472.206 472.303 472.362 472.416 472.355 472.078 472.078 471.784 471.555 472.358 472.94 473.077 473.352 473.488 473.466 473.547 473.56 473.668 473.689 473.627 473.761 473.853 474.187 474.098 474.277 474.168 474.345 474.417 474.446 474.663 474.698 474.785 473.53 473.289 474.129 474.764 475.171
465.361 465.923 466.025 466.472 466.995 467.466 467.746 468.512 469.317 469.733 470.093 470.194 470.276 470.166 470.245 470.229 470.423 470.364 470.282 470.269 470.306 470.541 470.763 470.759 471.14 471.295 471.41 471.62 471.774 471.997 471.895 472.092 472.056 472.165 471.883 471.629 471.537 471.655 471.409 471.991 472.384 472.726 472.807 472.82 473.115 473.175 473.146 473.25 473.331 473.205 473.376 473.572 473.751 473.861 473.916 473.992 474.114 474.043 474.227 474.421 474.469 474.23 473.355 472.937 473.355 474.168 474.99
465.605 465.742 465.946 466.26 466.773 467.21 467.627 468.264 468.855 469.277 469.809 469.926 470.219 470.134 470.178 470.202 470.289 470.176 470.184 469.961 470.129 470.356 470.45 470.561 470.621 470.921 470.986 471.171 471.314 471.522 471.546 471.626 471.607 471.713 470.976 470.9 470.992 471.048 471.282 472.045 472.206 472.397 472.717 472.555 472.811 472.802 472.655 472.888 472.931 473.055 473.236 473.271 473.485 473.785 473.711 473.837 473.711 473.91 474.042 474.273 474.283 473.598 472.892 472.616 472.482 473.698 474.439
