20220701_namedtuples/mapdata/sd8976_DSM_2M.asc
ncols 500
nrows 500
xllcorner    389000
yllcorner    476000
cellsize     2
NODATA_value -9999
[rows 60 to 89 of 500, columns 0 to 66 of 500]
551.388 551.568 551.76 552.02 552.425 552.715 552.798 553.076 553.261 553.51 553.677 553.859 554.194 554.527 554.806 555.136 555.903 557.178 557.887 558.383 559.138 559.74 560.179 560.753 561.677 562.406 563.202 564.366 565.508 566.664 567.441 568.396 569.103 569.762 570.468 571.295 572.037 572.884 573.756 574.63 575.5 576.11 576.871 577.706 578.403 578.864 579.06 579.178 579.554 579.725 579.887 579.978 580.011 580.27 580.491 580.753 580.883 580.88 580.81 580.781 580.619 580.514 580.31 580.15 580.033 579.933 579.292
551.284 551.41 551.516 551.777 552.215 552.452 552.723 552.955 553.035 553.284 553.417 553.622 553.885 554.326 554.564 554.864 555.749 556.77 557.261 557.788 558.382 559.154 559.82 560.495 561.408 562.237 562.975 564.292 565.155 566.183 567.007 567.68 568.772 569.448 570.292 571.229 571.98 572.692 573.554 574.44 575.252 575.78 576.653 577.565 578.28 578.69 578.925 579.054 579.464 579.626 579.699 579.741 579.906 580.121 580.286 580.52 580.59 580.633 580.592 580.531 580.475 580.344 580.149 579.922 579.798 579.622 579.262
551.027 551.142 551.411 551.468 551.767 551.856 552.151 552.616 552.898 552.675 553.045 553.344 553.58 553.828 554.053 554.503 555.329 556.038 556.657 557.396 558.061 559.001 559.851 560.632 561.424 562.306 563.226 564.275 565.229 566.104 566.841 567.528 568.424 569.139 570.003 570.878 571.547 572.604 573.55 574.355 575.103 576.058 576.803 577.336 578.036 578.549 578.823 579.014 579.332 579.572 579.652 579.702 579.871 579.979 580.127 580.207 580.242 580.32 580.326 580.3 580.254 580.171 580.07 579.769 579.491 579.281 579.026
550.929 551.085 551.269 551.335 551.539 551.801 551.907 552.474 552.761 552.648 552.863 553.255 553.392 553.594 553.945 554.442 555.028 555.758 556.066 556.906 558.051 558.591 559.689 560.382 561.314 562.057 563.016 564.21 565.231 565.88 566.655 567.378 568.112 568.932 569.675 570.369 571.614 572.573 573.264 574.122 574.937 575.89 576.582 577.236 577.895 578.412 578.673 579.044 579.35 579.531 579.696 579.774 579.869 579.98 580.009 580.155 580.216 580.197 580.159 580.098 580.065 580.037 579.932 579.756 579.367 578.926 578.576
550.914 550.848 551.187 551.439 551.397 551.54 551.71 551.963 552.188 552.343 552.588 552.93 553.063 553.24 553.483 553.925 554.343 554.772 555.637 556.315 557.496 558.423 559.437 560.276 561.294 562.168 562.944 563.743 564.884 565.635 566.33 567.118 567.852 568.457 569.434 570.557 571.214 571.676 572.994 573.868 574.665 575.36 576.328 577.214 577.64 578.169 578.655 579.082 579.348 579.497 579.662 579.748 579.815 579.937 579.995 579.959 580.077 579.983 579.964 580.009 580.01 579.887 579.764 579.523 579.281 578.671 578.321
550.724 550.864 551.08 551.165 551.3 551.533 551.597 551.714 551.899 552.12 552.323 552.637 553.029 552.944 553.383 553.508 553.897 554.445 555.376 556.074 557.159 558.181 559.128 560.136 560.982 561.993 562.452 563.36 564.14 565.343 566.088 566.574 567.579 568.419 569.161 570.027 570.87 571.403 572.59 573.651 574.337 575.314 575.913 576.732 577.314 577.828 578.478 578.937 579.171 579.389 579.502 579.689 579.703 579.758 579.821 579.839 579.959 579.955 579.941 579.851 579.764 579.679 579.581 579.486 579.218 578.669 578.291
550.693 550.853 551.018 551.056 551.089 551.286 551.324 551.402 551.528 551.811 552.027 552.308 552.63 552.762 552.946 553.319 553.434 553.695 554.46 555.53 556.285 557.664 558.636 560.06 560.752 561.587 562.567 563.307 564.083 565.089 565.735 566.544 567.403 568.192 568.918 569.834 570.68 571.486 572.342 573.436 574.137 574.843 575.672 576.528 576.94 577.408 578.033 578.856 579.06 579.178 579.315 579.422 579.542 579.64 579.685 579.722 579.836 579.876 579.877 579.824 579.75 579.549 579.661 579.502 579.128 578.618 578.245
550.503 550.713 550.791 550.873 550.99 551.044 551.134 551.232 551.418 551.787 551.964 552.196 552.407 552.468 552.854 553.066 553.315 553.498 553.929 554.969 555.983 557.383 558.019 559.149 560.338 561.388 562.1 563.091 563.864 564.696 565.693 566.429 567.138 568.136 568.834 569.948 570.766 571.492 572.233 573.046 574.043 574.811 575.703 576.204 576.71 577.281 577.988 578.622 578.793 578.907 579.051 579.25 579.416 579.507 579.502 579.623 579.767 579.738 579.723 579.749 579.756 579.66 579.446 579.29 579.027 578.693 578.223
550.474 550.518 550.561 550.672 550.833 550.829 550.983 551.006 551.213 551.464 551.7 551.85 552.031 552.271 552.465 552.554 552.751 553.018 553.136 554.124 555.094 555.949 557.379 558.378 559.751 560.867 561.831 562.508 563.463 564.34 565.14 566.109 567.032 568.053 568.771 569.812 570.711 571.466 572.232 573.157 573.843 574.508 575.211 575.916 576.509 576.888 577.575 578.229 578.588 578.545 578.721 579.065 579.235 579.383 579.449 579.546 579.641 579.648 579.698 579.721 579.706 579.664 579.433 579.226 578.984 578.544 578.156
550.101 550.272 550.331 550.518 550.601 550.638 550.792 550.961 551.091 551.335 551.45 551.772 551.901 552.019 552.331 552.5 552.463 552.659 552.996 553.84 554.624 555.758 556.935 558.229 559.393 560.012 560.865 561.919 562.851 564.005 564.958 565.777 566.684 567.793 568.787 569.628 570.408 571.411 572.014 572.688 573.45 574.065 575.086 575.683 576.094 576.591 577.346 577.83 578.151 578.351 578.427 578.74 579.045 579.246 579.347 579.464 579.594 579.618 579.608 579.565 579.616 579.631 579.505 579.213 578.957 578.566 578.122
550.138 550.05 550.205 550.318 550.394 550.394 550.567 550.733 550.932 551.19 551.222 551.461 551.782 551.767 551.871 551.926 552.093 552.534 552.703 553.394 554.065 555.097 556.212 557.456 558.308 559.36 560.44 561.743 562.741 563.815 564.626 565.644 566.737 567.764 568.669 569.599 570.372 571.105 571.905 572.556 573.207 573.64 574.59 575.4 575.904 576.259 576.878 577.509 577.826 578.067 578.278 578.463 578.837 579.064 579.328 579.374 579.463 579.44 579.405 579.452 579.646 579.7 579.506 579.158 578.777 578.466 578.087
549.67 549.719 549.89 549.905 550.034 550.195 550.373 550.575 550.754 550.895 551.148 551.483 551.569 551.597 551.779 551.762 551.669 552.114 552.79 553.151 554.028 555.102 555.724 557.128 558.134 559.348 560.152 561.317 562.16 563.268 564.417 565.265 566.407 567.507 568.337 569.352 570.198 570.97 571.584 572.245 572.916 573.367 574.12 574.827 575.323 575.985 576.799 577.217 577.425 577.768 578.029 578.297 578.51 578.687 579.071 579.267 579.334 579.341 579.339 579.447 579.541 579.543 579.405 579.1 578.719 578.316 577.947
549.716 549.669 549.766 549.927 549.87 550.083 550.212 550.416 550.603 550.741 550.969 551.093 551.226 551.076 551.08 551.183 551.807 552.125 552.585 553.306 553.804 554.274 555.249 556.328 557.464 558.721 559.41 560.649 561.766 563.102 564.195 565.105 566.36 567.268 568.138 569.089 569.898 570.676 571.388 572.163 572.653 573.228 573.804 574.359 574.913 575.534 575.828 576.606 577.02 577.384 577.589 577.928 578.317 578.493 578.696 579.017 579.157 579.27 579.326 579.295 579.43 579.331 579.23 579.026 578.516 578.199 577.814
549.252 549.248 549.399 549.633 549.628 549.809 549.998 550.142 550.253 550.534 550.726 550.955 550.882 550.879 551.023 551.16 551.656 552.136 552.654 553.247 553.714 554.353 555.151 556.406 557.534 558.519 559.551 560.562 561.851 562.837 563.873 564.978 565.98 567.192 567.974 568.828 569.585 570.239 570.979 571.816 572.58 572.977 573.554 574.023 574.327 574.767 575.24 575.642 576.307 576.815 577.241 577.58 577.901 578.203 578.436 578.783 578.938 578.988 579.087 579.139 579.186 579.237 579.216 579.044 578.588 578.048 577.646
549.218 549.223 549.343 549.31 549.681 549.703 550.088 550.016 550.186 550.438 550.528 550.837 550.549 550.657 550.9 551.412 551.656 552.226 552.516 553.048 553.664 554.297 555.183 555.983 557.107 557.983 559.268 560.671 561.556 562.738 564.028 564.783 566 566.942 567.822 568.555 569.26 570.136 570.987 571.752 572.256 572.744 573.415 573.842 574.087 574.382 574.734 575.282 575.711 576.228 576.7 577.076 577.405 577.642 578.127 578.324 578.571 578.671 578.964 578.924 579.037 579.009 579.046 578.736 578.19 577.906 577.574
548.869 548.787 548.972 549.044 549.296 549.353 549.693 549.755 549.895 550.089 550.152 550.219 550.538 550.699 550.949 551.386 551.667 552.159 552.511 553.062 553.7 554.255 555.017 555.954 556.991 558.475 559.318 560.396 561.606 562.635 563.752 565.09 565.792 566.538 567.156 568.405 569.114 569.934 570.654 571.401 572.137 572.847 573.457 573.796 574.057 574.243 574.406 574.786 575.379 575.735 576.144 576.396 576.795 577.332 577.548 577.816 578.019 578.322 578.642 578.742 578.754 578.771 578.701 578.448 578.138 577.693 577.297
548.7 548.638 548.811 549.005 549.266 549.38 549.595 549.73 549.844 549.883 550.165 550.064 550.355 550.708 551.071 551.468 551.71 552.145 552.59 553.115 553.551 554.097 554.844 556.256 556.865 558.141 559.295 560.233 561.32 562.67 563.41 564.474 565.402 566.278 567.187 568.17 569.231 569.983 570.601 571.237 572.168 572.876 573.515 573.889 574.128 574.239 574.346 574.554 574.974 575.181 575.589 576.026 576.256 576.623 577.098 577.333 577.613 577.882 578.063 578.345 578.439 578.499 578.441 578.291 577.949 577.639 577.27
548.412 548.499 548.639 548.699 548.873 548.944 549.156 549.437 549.386 549.498 549.652 550.03 550.302 550.782 551.033 551.436 551.744 552.104 552.392 552.91 553.45 553.915 554.832 555.834 557.103 558.214 559.339 559.987 561.062 562.173 563.253 564.257 565.306 566.215 567.068 568.172 568.853 569.542 570.406 571.355 572.021 572.785 573.467 573.775 574.004 574.154 574.19 574.146 574.371 574.743 574.961 575.451 575.732 576.138 576.433 576.851 577.258 577.589 577.637 577.874 578.021 578.12 578.256 578.111 577.675 577.413 577.111
548.365 548.444 548.634 548.532 548.68 548.866 548.992 549.352 549.344 549.458 549.45 550.088 550.498 550.673 551.103 551.445 551.681 552.048 552.394 552.753 553.187 553.628 554.574 555.576 556.372 557.928 558.869 559.613 560.958 561.905 562.931 564.059 564.986 565.898 566.794 567.72 568.271 569.348 570.141 571.079 571.914 572.584 573.21 573.634 573.76 573.913 573.856 573.793 573.851 574.147 574.405 574.924 575.302 575.736 576.006 576.392 576.733 577.042 577.168 577.449 577.734 577.842 577.817 577.629 577.521 577.164 576.862
548.122 548.143 548.183 548.296 548.393 548.655 548.846 548.891 548.917 549.038 549.492 549.941 550.336 550.624 550.901 551.198 551.63 551.899 552.234 552.544 552.962 553.386 554.231 555.267 556.625 557.612 558.634 559.527 560.582 561.641 562.612 563.653 564.654 565.711 566.59 567.34 568.204 568.955 569.815 570.738 571.692 572.678 572.997 573.259 573.492 573.467 573.385 573.364 573.375 573.572 573.948 574.257 574.68 575.202 575.627 575.807 576.084 576.318 576.719 577.021 577.32 577.359 577.382 577.196 577.076 576.812 576.577
547.999 547.958 548.102 548.244 548.428 548.418 548.548 548.671 548.735 548.96 549.647 549.875 550.205 550.481 550.841 551.029 551.548 551.84 552.112 552.368 552.665 553.072 553.844 555.019 556.198 557.06 558.178 558.785 560.029 561.412 562.339 563.3 564.391 565.345 566.129 567.077 567.87 568.766 569.668 570.413 571.092 572.017 572.445 572.99 573.166 573.135 572.895 572.914 573.016 573.278 573.372 573.709 574.124 574.558 574.789 575.04 575.335 575.638 576.072 576.405 576.591 576.844 576.884 576.713 576.565 576.31 576.048
547.666 547.785 547.978 548.149 548.061 548.186 548.235 548.612 548.947 549.232 549.408 549.644 549.86 550.258 550.54 550.905 551.302 551.694 552.034 552.199 552.467 552.897 553.653 554.585 555.813 556.777 557.881 558.689 560.344 561.065 562.02 563.156 563.941 564.892 565.874 566.596 567.411 568.426 569.317 570.063 570.805 571.498 572.253 572.58 572.587 572.496 572.331 572.446 572.663 572.707 572.962 573.277 573.662 573.77 574.015 574.251 574.566 574.742 575.184 575.619 575.853 576.063 576.278 576.317 576.137 575.747 575.505
547.552 547.667 547.847 547.997 547.986 548.108 548.253 548.752 548.948 549.074 549.382 549.611 549.947 550.055 550.497 550.9 551.198 551.492 551.714 551.97 552.335 552.575 553.051 554.296 555.431 556.407 557.224 558.454 559.638 561.009 561.637 562.659 563.589 564.539 565.413 566.295 567.443 568.098 568.862 569.753 570.312 571.056 571.62 571.87 571.953 571.988 571.895 571.927 572.035 572.186 572.478 572.567 572.953 573.199 573.251 573.56 573.799 574.111 574.512 574.918 575.228 575.421 575.301 575.644 575.506 575.409 575.213
547.558 547.636 547.895 547.888 547.976 548.084 548.371 548.756 548.909 548.947 549.056 549.3 549.582 549.995 550.302 550.652 550.907 551.196 551.504 551.731 551.972 552.322 552.957 553.726 554.971 556.184 557.221 558.451 559.221 560.595 561.692 562.399 563.282 564.127 565.119 566.198 566.958 567.62 568.531 569.208 570.065 570.675 571.13 571.439 571.53 571.604 571.68 571.622 571.702 571.629 571.591 571.82 572.266 572.072 572.345 572.853 573.158 573.447 573.705 574.149 574.397 574.652 574.659 574.837 574.721 574.771 574.805
547.307 547.496 547.591 547.703 547.902 548.008 548.277 548.621 548.835 548.916 549.055 549.353 549.606 549.985 550.296 550.503 550.878 551.174 551.37 551.57 551.828 552.082 552.137 553.287 554.947 556.103 557.193 557.985 559.294 560.32 561.224 561.941 562.849 563.776 564.502 565.596 566.535 567.219 567.898 568.772 569.67 570.173 570.627 570.819 571.189 571.404 571.4 571.39 571.185 571.042 571.155 571.085 571.131 571.414 571.778 571.951 572.263 572.721 573.1 573.523 573.74 573.778 573.97 574.048 574.023 574.158 573.956
546.944 547.268 547.444 547.567 547.727 547.957 548.261 548.392 548.651 548.952 548.989 549.292 549.386 549.635 549.862 550.218 550.556 550.669 551.02 551.257 551.535 551.842 551.959 552.969 554.438 555.663 556.526 557.874 559.111 560.188 560.893 561.697 562.47 563.329 564.534 565.318 565.925 566.711 567.659 568.435 569.031 569.633 570.333 570.591 570.913 571.153 571.153 571.064 570.873 570.71 570.498 570.532 570.685 570.782 570.916 571.213 571.599 571.918 572.349 572.472 573.031 573.257 573.412 573.389 573.359 573.353 573.455
546.946 547.194 547.101 547.149 547.449 547.666 547.943 548.351 548.529 548.794 548.881 549.123 549.294 549.421 549.845 550.051 550.424 550.664 550.852 551.096 551.443 551.705 551.918 552.873 554.318 555.463 556.324 557.544 558.6 559.901 560.579 561.37 562.233 563.011 563.641 564.615 565.513 565.905 567.03 567.826 568.649 569.255 569.972 570.475 570.713 570.757 570.71 570.615 570.395 570.404 570.321 570.22 570.149 570.352 570.376 570.62 570.724 571.16 571.596 571.928 572.298 572.139 572.482 572.635 572.756 572.692 572.704
546.748 546.926 547.032 547.235 547.425 547.568 547.95 548.251 548.409 548.547 548.69 548.813 549.068 549.215 549.548 549.86 550.292 550.437 550.614 550.914 551.213 551.375 551.63 552.497 553.497 555.009 556.214 557.492 558.229 559.181 560.193 561.046 561.741 562.688 563.479 564.165 564.951 565.999 566.762 567.49 568.163 568.963 569.682 570.074 570.215 570.415 570.338 570.228 570.17 570.06 570.041 569.972 569.971 569.959 569.976 570.11 570.378 570.706 571.04 571.298 571.544 571.756 571.922 571.898 571.765 571.971 572.117
546.496 546.723 546.718 546.844 547.055 547.301 547.603 547.852 547.969 548.131 548.145 548.353 548.532 549.046 549.467 549.765 550.12 550.447 550.617 550.897 551.204 551.266 551.373 552.339 553.67 554.627 555.969 557.015 557.959 559.098 559.855 560.644 561.523 562.189 563.049 563.922 564.72 565.361 566.19 567.012 567.863 568.664 569.084 569.407 569.737 569.873 570.033 569.95 569.865 569.773 569.775 569.694 569.633 569.611 569.617 569.721 569.995 570.269 570.658 570.884 570.908 571.081 571.181 571.078 571.166 571.188 571.286
546.489 546.649 546.817 546.847 547.038 547.268 547.427 547.72 547.839 547.775 547.935 548.048 548.363 548.76 549.003 549.642 550.023 550.413 550.683 550.93 551.106 551.177 551.415 552.097 553.391 554.494 555.528 556.548 557.677 558.59 559.453 560.431 561.079 561.932 562.704 563.513 564.147 564.744 565.519 566.604 567.237 568.028 568.668 568.924 569.212 569.457 569.736 569.618 569.591 569.511 569.426 569.407 569.363 569.231 569.245 569.276 569.704 570.031 570.218 570.304 570.426 570.587 570.552 570.325 570.283 570.349 570.462
