20220701_namedtuples/mapdata/sd8977_DSM_2M.asc
ncols 500
nrows 500
xllcorner    389000
yllcorner    477000
cellsize     2
NODATA_value -9999
[rows 60 to 89 of 500, columns 0 to 66 of 500]
583.117 582.861 582.512 582.203 581.954 581.808 581.541 581.187 580.965 580.756 580.39 580.073 579.798 579.523 579.301 579.101 578.7 578.392 577.998 577.508 577.159 576.893 576.607 576.091 575.367 575.038 574.682 574.665 574.527 574.081 572.744 572.481 572.246 572.557 572.28 571.698 571.725 571.581 571.391 570.968 570.609 570.178 569.695 569.182 568.755 568.218 567.53 567.061 566.305 565.659 564.512 564.347 564.33 564.21 563.891 563.274 563.421 563.286 562.974 562.726 562.199 561.793 561.318 561.131 560.617 560.404 560.491
583.202 582.983 582.72 582.384 582.115 581.885 581.66 581.473 581.113 580.831 580.553 580.234 579.868 579.693 579.502 579.07 578.787 578.406 577.984 577.608 577.168 577.049 576.723 576.089 575.666 575.346 575.088 574.85 574.41 573.706 573.565 573.734 574.059 573.996 573.677 572.901 572.011 571.827 571.389 570.937 570.512 570.21 569.889 569.348 568.734 568.107 567.357 566.982 566.238 565.28 564.534 564.177 563.901 564.319 564.172 564.22 563.976 563.645 563.152 562.852 562.7 562.368 562.295 561.777 561.418 561.132 561.24
583.295 583.07 582.789 582.607 582.32 581.99 581.648 581.465 581.259 580.991 580.753 580.429 580.138 579.951 579.562 579.22 578.666 577.76 577.366 577.17 576.509 576.014 576.007 575.723 575.829 575.988 575.476 575.288 575.298 574.84 574.309 574.77 574.503 574.213 573.83 572.991 572.18 571.796 571.392 570.942 570.647 570.302 569.389 568.904 568.394 567.772 567.266 566.539 565.669 565.179 564.735 564.511 564.563 564.585 564.528 564.467 564.2 563.591 563.558 563.259 563.107 562.928 562.822 562.413 562.019 561.739 561.585
583.404 583.276 582.973 582.802 582.457 582.143 581.953 581.624 581.474 581.124 580.886 580.694 579.57 579.406 579.19 578.802 578.314 577.696 577.6 576.986 576.443 576.161 575.929 575.868 576.098 575.891 575.864 575.837 575.95 575.702 575.428 575.093 574.748 574.406 573.921 573.337 572.485 571.686 571.264 570.283 569.889 569.954 569.145 568.921 568.354 567.903 567.39 567.026 566.192 565.529 565.179 565.706 565.483 565.032 564.862 564.708 564.352 563.93 563.867 563.86 563.639 563.384 563.233 562.749 562.45 562.344 562.059
583.606 583.336 583.075 582.903 582.425 582.308 581.959 581.823 581.455 581.005 580.978 580.121 580.053 579.027 578.77 578.401 577.942 577.498 577.179 576.605 576.177 576.116 576.555 576.738 576.829 576.798 576.437 576.243 576.231 575.897 575.569 575.006 574.643 573.703 573.428 572.961 572.469 571.803 571.034 570.147 569.984 569.95 569.63 568.907 568.21 568.075 567.577 567.262 566.89 566.639 566.616 566.52 566.105 565.609 565.381 565.244 564.991 564.845 564.356 564.328 564.024 563.692 563.51 562.947 562.805 562.669 562.345
583.512 583.421 583.241 582.93 582.642 582.297 582.162 581.911 581.103 580.423 580.077 579.522 579.338 578.807 578.419 577.932 577.755 577.455 577.025 576.709 576.575 576.889 577.276 577.315 577.472 577.049 576.629 576.253 576.279 575.879 575.474 575.131 574.193 573.751 573.265 573.215 572.344 571.485 571.098 570.575 570.468 570.223 569.958 569.435 569.077 568.657 568.403 567.863 567.82 567.321 567.157 566.984 566.525 566.088 565.848 565.66 565.517 565.34 564.908 564.503 564.116 563.804 563.585 563.22 563.298 563.081 562.679
583.752 583.541 583.34 583.068 582.653 582.457 582.106 581.45 580.825 580.106 579.765 579.475 579.21 578.976 578.794 577.944 577.662 577.175 577.223 576.25 577.32 577.65 578.021 577.841 577.516 577.145 576.541 576.302 576.222 575.479 574.891 574.169 573.751 573.449 573.189 572.365 572.035 571.704 571.173 570.821 570.623 570.422 570.089 569.782 569.384 569.242 568.88 568.381 568.331 568.057 567.643 567.445 566.955 566.617 566.548 566.214 566.132 565.835 565.188 564.769 564.329 564.033 563.81 563.68 563.67 563.52 563.21
583.847 583.671 583.282 583.112 582.814 582.148 581.682 581 580.619 579.887 579.612 579.241 579.28 579.024 579.041 579.057 579.15 578.96 579.269 579.039 578.796 578.744 578.221 577.92 577.397 577.137 576.583 576.126 575.655 575.19 574.508 573.958 573.62 573.248 572.885 572.274 571.973 571.632 571.337 570.974 570.914 570.738 570.37 570.245 570.149 570.04 569.313 569.055 568.89 568.539 568.229 567.898 567.452 567.08 566.855 566.829 566.322 565.963 565.52 565.099 564.617 564.197 564.056 564.006 563.852 563.729 563.505
583.939 583.535 582.806 582.379 581.293 580.7 580.349 580.924 580.96 580.751 580.44 580.199 579.654 579.413 579.51 579.534 579.593 579.737 579.393 579.162 578.987 578.618 578.216 577.804 577.541 576.971 576.465 575.949 575.41 574.726 574.171 573.951 573.511 573.22 572.825 572.452 572.056 571.769 571.486 571.271 571.199 571.127 570.931 570.628 570.521 570.027 569.591 569.477 569.238 568.909 568.621 568.204 567.744 567.31 567.14 566.754 566.501 566.458 566.04 565.676 565.196 564.682 564.425 564.248 564.34 564.165 563.878
583.649 583.064 582.732 582.336 581.549 581.004 580.746 581.11 581.203 580.918 580.768 580.219 579.804 579.815 580.234 580.309 580.323 580.026 579.743 579.163 578.915 578.584 578.252 578.13 577.594 576.787 576.398 576.05 575.569 575.143 574.38 573.978 573.507 573.228 572.982 572.447 572.218 571.981 571.887 571.537 571.396 571.407 571.318 571.074 570.674 570.291 570.289 569.934 569.805 569.501 569.089 568.369 567.899 567.611 567.607 567.52 567.165 566.869 566.564 566.281 565.851 565.162 564.745 564.681 564.632 564.399 564.048
583.295 582.889 582.915 582.499 581.915 581.765 581.337 581.232 581.65 581.861 581.68 581.424 580.895 580.951 580.766 580.731 580.368 579.81 579.534 579.257 579.057 578.684 578.515 578.063 577.495 576.846 576.576 576.112 575.666 575.384 574.73 573.961 573.437 573.199 572.829 572.822 572.721 572.718 572.615 572.208 572.205 571.856 571.665 571.428 571.136 570.884 570.598 570.408 570.074 569.658 569.082 568.487 568.104 567.824 567.882 567.729 567.584 567.212 566.855 566.505 565.674 565.572 565.444 565.25 564.888 564.855 564.487
583.045 582.991 582.87 582.571 582.252 582.04 581.669 581.472 581.719 582.024 581.794 581.582 581.176 581.093 581.073 580.719 580.127 579.58 579.382 579.387 579.32 579.04 578.807 578.057 577.223 576.865 576.384 576.217 575.893 575.476 575.006 574.141 573.656 573.462 573.273 573.141 572.902 573.018 572.884 572.669 572.377 572.126 571.842 571.712 571.438 571.052 570.765 570.666 570.354 569.815 569.185 568.8 568.619 568.459 568.325 568.108 567.81 567.467 567.197 566.733 566.594 566.112 565.969 565.601 565.376 565.087 564.67
583.054 583.056 582.919 582.654 582.408 582.438 582.37 582.407 582.358 582.283 582.162 581.978 581.788 581.542 581.266 580.943 580.532 580.288 579.972 579.886 579.608 579.419 578.772 578.021 577.225 576.878 576.501 576.262 575.943 575.652 575.118 574.184 573.664 573.482 573.433 573.431 573.464 573.273 573.332 573.172 572.776 572.409 572.224 572.026 571.722 571.47 571.21 570.841 570.609 569.992 569.574 569.44 568.978 568.799 568.622 568.41 567.985 567.728 567.326 567.028 566.575 566.414 566.213 565.952 565.621 565.365 564.928
583.512 583.744 583.389 583.35 583.193 583.053 582.957 582.838 582.58 582.398 582.24 582.02 581.822 581.607 581.353 581.049 580.778 580.278 580.213 579.908 579.665 579.462 578.549 577.729 577.241 576.876 576.646 576.354 576.065 575.753 575.163 574.258 573.867 573.936 574.084 574.13 574.153 574.075 573.799 573.404 573.041 572.67 572.428 572.193 571.886 571.679 571.384 570.989 570.481 570.101 569.845 569.551 569.217 569.005 568.99 568.646 568.14 567.49 567.437 567.024 567.006 567.073 566.745 566.386 566.174 565.548 564.662
583.87 583.82 583.861 583.647 583.412 583.255 583.096 583.007 582.728 582.359 582.329 582.099 581.927 581.676 581.456 581.133 580.862 580.753 580.502 580.355 580.036 578.675 578.25 577.668 577.436 577.315 576.948 576.544 576.231 575.667 575.326 574.412 574.346 574.636 574.59 574.755 574.748 574.358 573.921 573.559 573.09 572.952 572.697 572.494 572.262 571.78 571.33 570.924 570.652 570.341 570.092 569.753 569.552 569.399 568.909 568.532 568.157 568.236 568.002 567.504 567.537 567.287 566.895 566.551 566.329 565.989 565.188
584.32 584.164 584.019 583.907 583.812 583.57 583.362 583.102 582.902 582.59 582.333 582.294 581.996 581.787 581.547 581.062 580.81 580.65 580.608 580.291 579.926 578.776 578.113 577.729 577.658 577.195 576.872 576.587 576.212 575.452 575.333 574.835 575.13 575.41 575.263 575.208 575.028 574.666 574.277 573.8 573.509 573.134 572.953 572.767 572.414 572.06 571.59 571.186 570.874 570.581 570.299 569.979 569.751 569.475 569.138 568.811 568.424 568.561 568.001 568.266 567.948 567.389 566.974 566.693 566.404 566.132 565.877
584.536 584.392 584.171 583.929 583.769 583.642 583.51 583.113 582.947 582.666 582.427 582.295 582.114 581.861 581.494 580.877 580.671 580.578 580.788 580.534 579.781 578.809 578.457 578.09 577.714 577.537 577.198 576.712 576.514 576.31 576.141 575.892 575.567 575.564 575.439 575.388 575.171 574.801 574.359 574.142 573.782 573.397 573.178 572.899 572.552 572.164 571.843 571.459 571.374 570.935 570.56 570.248 570.049 570.042 569.653 568.994 568.81 568.794 568.32 568.223 567.93 567.522 567.167 566.731 566.373 566.241 566.018
584.626 584.544 584.362 584.166 583.891 583.772 583.556 583.24 583.097 582.898 582.734 582.554 582.224 581.542 580.987 580.589 580.452 580.353 580.333 580.269 579.819 579.1 578.633 578.401 577.866 577.495 577.329 577.21 576.818 576.591 576.411 576.058 575.936 575.666 575.58 575.651 575.413 575.077 574.873 574.542 574.186 573.683 573.566 573.178 572.984 572.602 572.273 571.761 571.263 570.905 570.705 570.602 570.347 570.145 569.731 569.403 569.195 569.063 568.808 568.416 568.018 567.737 567.3 566.775 566.55 566.393 566.312
584.823 584.677 584.466 584.325 584.062 583.947 583.631 583.426 583.221 582.858 582.721 582.576 582.283 581.302 581.087 580.662 580.371 580.236 580.051 580.187 579.693 579.248 578.837 578.554 578.224 578.208 577.831 577.702 577.5 577.512 577.376 576.817 576.472 576.343 576.07 575.995 575.619 575.308 574.89 574.586 574.318 573.93 573.687 573.35 573.165 572.686 572.234 571.602 571.29 571.057 571.168 570.921 570.585 570.214 570.135 569.85 569.633 569.502 569.084 568.753 568.581 568.135 567.757 567.342 566.91 566.709 566.516
584.942 584.833 584.58 584.363 584.189 583.996 583.778 583.498 583.278 583.096 582.845 582.698 582.39 582.046 581.509 581.173 580.625 580.173 580.019 579.762 579.551 579.294 579.031 578.789 578.529 578.31 578.143 577.957 577.891 577.759 577.642 577.444 577.051 576.515 576.144 576.088 575.792 575.355 574.997 574.853 574.51 574.266 573.963 573.474 573.015 572.53 572.206 571.865 571.674 571.543 571.449 571.105 570.861 570.598 570.458 570.269 569.868 569.707 569.388 569.059 568.961 568.479 568.098 567.733 567.258 566.997 566.701
585.154 584.917 584.706 584.57 584.374 584.166 583.947 583.708 583.48 583.255 583.021 582.72 582.447 582.124 581.7 581.411 580.779 580.275 580.072 579.812 579.565 579.319 579.042 578.813 578.696 578.57 578.425 578.413 578.229 578.115 577.893 577.689 577.423 577.17 576.618 576.268 575.96 575.578 575.179 575.002 574.7 574.416 573.974 573.484 573.066 572.663 572.497 572.163 572.042 571.985 571.634 571.375 571.293 570.947 570.692 570.519 570.245 570.012 569.72 569.491 569.252 568.847 568.514 568.033 567.851 567.407 567.041
585.2 584.961 584.822 584.665 584.447 584.198 584.01 583.821 583.71 583.317 583.005 582.758 582.383 582.294 582.044 581.877 581.154 580.698 580.338 580.076 579.89 579.719 579.47 579.786 579.683 579.465 579.024 578.868 578.466 578.301 578.107 577.827 577.544 577.134 576.791 576.542 576.209 575.766 575.355 575.002 574.73 574.414 573.83 573.459 573.342 573.207 573.022 572.865 572.581 572.209 571.944 572.126 571.889 571.503 571.27 571.01 570.763 570.436 570.187 569.907 569.409 569.062 568.717 568.457 568.018 567.721 567.512
585.254 585.088 585.057 584.787 584.617 584.466 584.241 583.945 583.689 583.435 583.152 582.891 582.568 582.158 581.735 581.528 580.913 580.472 580.485 580.303 580.102 579.845 579.842 579.929 579.789 579.581 579.118 578.945 578.57 578.501 578.359 577.874 577.78 577.381 576.976 576.74 576.517 575.817 575.605 575.236 574.961 574.588 574.083 574.014 573.66 573.558 573.344 573.046 572.774 572.446 572.404 572.287 572.097 571.81 571.598 571.363 571.124 570.765 570.411 570.036 569.658 569.351 569.052 568.663 568.374 568.126 567.824
585.387 585.193 585.053 584.875 584.721 584.466 584.203 583.881 583.693 583.494 583.234 583.017 582.619 582.359 581.69 581.061 580.597 580.232 580.617 580.56 580.364 580.502 580.559 580.406 580.268 580.057 579.807 579.199 579.002 578.851 578.547 578.201 577.907 577.653 577.316 576.795 576.397 575.885 575.643 575.288 575.136 574.722 574.518 574.076 573.82 573.681 573.533 573.299 573.178 572.959 572.857 572.721 572.422 572.163 571.951 571.632 571.24 570.99 570.725 570.407 570.005 569.726 569.387 569.136 568.703 568.288 568.169
585.523 585.172 585.079 584.942 584.749 584.487 584.284 584.085 583.836 583.559 583.388 582.958 582.492 581.989 581.205 581.095 581.073 580.889 580.895 580.905 580.864 580.922 580.698 580.531 580.382 580.154 579.86 579.558 579.282 578.996 578.658 578.35 578.153 577.696 577.292 576.951 576.509 575.93 575.695 575.514 575.322 574.989 574.585 574.246 574.146 574.017 573.94 573.89 573.566 573.426 573.251 572.896 572.62 572.319 572.052 571.806 571.564 571.142 570.923 570.668 570.377 570.017 569.666 569.252 568.871 568.549 568.54
585.486 585.306 585.118 585.029 584.767 584.625 584.33 584.15 583.863 583.586 583.16 582.524 582.018 581.741 581.362 581.478 581.459 581.263 581.062 580.975 581.026 581.069 580.923 580.788 580.59 580.439 580.183 579.719 579.385 579.151 578.847 578.542 578.112 577.875 577.553 577.052 576.627 576.36 575.898 575.623 575.313 574.972 574.717 574.709 574.625 574.436 574.245 573.938 573.768 573.586 573.509 573.177 572.864 572.621 572.286 572.086 571.853 571.53 571.287 570.99 570.631 570.298 569.905 569.593 569.384 569.132 568.851
585.612 585.379 585.124 584.98 584.744 584.65 584.314 584.17 583.968 583.765 582.938 582.199 581.73 581.552 581.703 581.931 581.743 581.599 581.519 581.619 581.522 581.265 581.287 581.028 580.696 580.628 580.372 580.043 579.64 579.25 579.03 578.786 578.302 577.961 577.587 577.134 576.729 576.432 576.13 575.755 575.528 575.51 575.365 575.544 575.338 574.984 574.772 574.518 574.111 573.878 573.703 573.469 573.246 572.907 572.711 572.309 572.047 571.761 571.52 571.23 570.869 570.529 570.213 569.97 569.737 569.438 569.261
585.701 585.461 585.374 585.169 584.995 584.565 584.529 584.262 584.032 583.351 583.059 582.206 581.941 581.932 582.007 582.13 581.921 581.958 581.767 581.734 581.717 581.534 581.293 581.094 580.825 580.663 580.412 580.179 579.857 579.574 579.098 578.802 578.253 577.967 577.735 577.538 577.242 576.82 576.367 576.257 576.312 576.162 575.999 575.766 575.373 575.131 574.951 574.719 574.382 574.193 573.966 573.622 573.389 573.156 572.846 572.542 572.309 572.044 571.761 571.538 571.107 570.881 570.616 570.341 570.113 569.872 569.607
585.695 585.526 585.377 585.133 585.027 584.742 584.38 584.262 583.991 583.256 582.8 582.161 581.937 582.447 582.581 582.439 582.286 582.203 582.014 581.982 581.87 581.681 581.443 581.223 581.018 580.83 580.514 580.316 580.097 579.779 579.345 578.824 578.182 578.21 578.135 577.893 577.64 577.218 576.487 576.564 576.65 576.673 576.372 576.119 575.808 575.47 575.257 574.88 574.67 574.468 574.307 573.985 573.682 573.356 573.03 572.796 572.564 572.27 572.043 571.78 571.342 570.991 570.79 570.635 570.329 570.128 569.974
585.695 585.523 585.433 585.247 584.853 584.649 584.443 584.243 583.897 583.24 583.166 583.141 582.969 582.997 582.82 582.765 582.648 582.516 582.338 582.147 582.072 581.923 581.658 581.444 581.172 580.958 580.706 580.261 580.085 579.705 579.104 578.666 578.657 578.653 578.365 578.261 578.054 577.526 577.056 576.917 577.425 576.925 576.688 576.565 576.213 575.867 575.469 575.119 574.832 574.577 574.431 574.13 573.869 573.661 573.32 572.989 572.744 572.444 572.284 571.917 571.599 571.42 571.145 570.901 570.814 570.499 570.316
