20220701_namedtuples/mapdata/sd8977_DSM_2M.asc
ncols 500
nrows 500
xllcorner    389000
yllcorner    477000
cellsize     2
NODATA_value -9999
[rows 330 to 359 of 500, columns 0 to 66 of 500]
592.826 593.13 593.552 594.085 594.615 594.717 594.716 595.533 595.716 595.887 595.851 595.945 596.042 596.111 596.293 596.448 596.63 596.876 596.925 596.929 596.903 596.885 597.01 596.977 597.018 597.031 597.07 596.997 597.122 597.048 597.143 597.105 597.09 597.096 597.06 597.162 597.1 597.101 597.05 597.136 597.206 597.247 597.024 597.104 597.111 597.052 597.032 597.104 597.132 597.314 597.642 597.809 597.923 597.924 597.824 597.902 597.915 597.776 597.674 597.125 596.836 596.738 597.082 597.876 598.107 598.299 598.581
592.576 593.159 593.629 593.98 594.577 594.667 594.849 595.234 595.639 595.765 595.851 595.883 596.143 596.132 596.255 596.355 596.53 596.583 596.611 596.81 596.943 596.951 597.032 597.022 597.052 597.037 597.005 597.013 597.088 597.16 597.101 597.077 597.078 597.06 597.003 597.016 597.11 597.062 597.023 597.133 597.212 597.189 597.147 597.211 597.111 597.052 597.019 597.036 597.093 597.334 597.678 597.72 597.708 597.808 597.878 597.771 597.848 597.704 597.413 596.895 596.526 596.41 596.582 597.382 597.926 598.21 598.428
592.616 593.088 593.565 594.007 594.323 594.636 594.15 594.965 595.47 595.638 595.789 595.947 595.946 596.195 596.228 596.359 596.504 596.492 596.493 596.553 596.783 596.932 597.032 596.992 597.105 597.029 597.001 597.003 597.043 597.215 597.179 597.093 597.064 597.023 597.014 597.033 597.041 597.049 596.971 597.035 597.109 597.141 597.098 597.065 597.008 597.104 597.097 597.068 597.177 597.363 597.646 597.617 597.621 597.677 597.714 597.693 597.635 597.582 597.342 597.118 596.449 595.916 596.277 597.101 597.815 598.097 598.329
592.727 593.151 593.631 593.972 594.233 594.06 593.838 594.851 595.475 595.534 595.73 595.864 595.973 596.218 596.281 596.404 596.452 596.451 596.422 596.697 596.969 597.046 596.985 596.985 596.956 596.947 596.955 596.985 596.971 597.028 597.057 596.941 596.99 596.998 597.012 596.983 597.016 597.014 597.006 597.039 597.126 597.175 597.129 597.022 597.103 597.078 597.104 597.097 597.183 597.393 597.357 597.295 597.395 597.668 597.751 597.749 597.677 597.582 597.454 597.114 596.376 595.843 596.741 597.192 597.63 597.89 598.221
592.811 593.366 593.996 594.216 594.464 594.334 594.275 594.764 595.39 595.68 595.7 595.925 595.935 596.13 596.5 596.37 596.47 596.394 596.582 596.598 596.676 596.896 597.026 596.972 597.03 596.925 596.918 596.863 596.929 596.938 596.943 596.899 596.95 596.968 596.938 596.889 597.017 596.998 597.031 597.025 597.149 597.296 597.32 597.046 597.074 597.096 597.083 597.163 597.012 597.041 597.174 597.271 597.428 597.712 597.788 597.795 597.557 597.493 597.365 597.221 596.879 596.639 596.961 597.352 597.538 597.795 597.673
592.849 593.423 593.909 594.492 594.952 595.185 595.229 595.215 595.431 595.708 595.897 595.955 596.046 596.25 596.393 596.403 596.436 596.469 596.536 596.527 596.658 596.785 596.968 597.006 596.992 596.942 596.968 596.908 596.909 596.866 596.861 596.899 596.894 596.96 596.994 597.023 596.978 597.011 596.994 597.061 597.32 597.271 597.147 597.033 597.078 597.028 597.035 596.961 597.001 597.009 597.127 597.209 597.482 597.599 597.667 597.672 597.524 597.325 597.324 597.203 597.062 596.911 597.068 597.233 597.328 597.429 597.405
592.976 593.59 593.93 594.71 594.957 595.24 595.541 595.521 595.466 595.74 595.709 595.861 595.971 596.052 596.255 596.401 596.439 596.503 596.526 596.511 596.562 596.643 596.853 596.89 597.026 596.947 596.95 596.905 596.899 596.893 596.943 596.93 596.901 596.944 596.988 596.967 596.989 596.938 596.98 597.038 597.117 597.091 597.07 597.109 597.099 596.917 596.992 596.97 597.074 597.123 597.313 597.332 597.521 597.544 597.593 597.542 597.355 597.368 597.328 597.123 597.007 596.97 597.067 597.206 597.243 597.28 597.223
592.903 593.389 593.943 594.658 595.079 595.316 595.613 595.84 595.63 595.667 595.646 595.589 595.824 596.167 596.142 596.271 596.407 596.468 596.608 596.554 596.549 596.566 596.711 596.771 596.873 596.868 596.886 596.89 596.955 596.887 596.889 596.814 596.957 596.996 596.955 596.927 597.063 596.986 596.97 597.018 597.044 597.002 597.022 597.003 597.059 596.966 596.935 597.017 597.264 597.346 597.495 597.523 597.546 597.492 597.565 597.469 597.32 597.303 597.28 597.111 597.004 596.964 596.938 597.136 597.34 597.391 597.008
593.039 593.41 594.021 594.574 595.1 595.525 595.913 596.101 596.064 595.768 595.242 594.741 595.448 595.971 596.172 596.28 596.404 596.412 596.439 596.455 596.502 596.503 596.596 596.711 596.821 596.955 596.926 597.107 597.059 597.086 597.044 597.211 596.891 596.985 596.914 596.93 596.965 596.979 597.001 597.067 596.937 596.916 596.937 596.881 596.932 596.93 596.932 597.16 597.314 597.486 597.584 597.569 597.487 597.511 597.519 597.469 597.393 597.435 597.291 597.066 597.013 596.972 597.01 597.02 597.404 597.23 596.834
592.951 593.674 593.876 594.522 595.017 595.432 595.924 596.42 596.312 596.089 595.799 594.87 595.609 596.001 596.22 596.278 596.309 596.309 596.313 596.173 596.322 596.488 596.622 596.763 596.846 596.928 596.881 597.096 597.048 597.017 597.03 597.067 596.96 596.895 596.883 596.951 596.943 596.937 596.949 596.928 596.902 596.902 596.857 596.895 596.914 596.93 597.005 597.239 597.414 597.422 597.505 597.527 597.469 597.471 597.569 597.61 597.333 597.384 597.208 597.11 597.068 596.988 596.991 597.183 597.311 596.89 596.567
592.849 593.398 593.911 594.468 594.894 595.417 595.916 596.478 596.353 596.32 595.994 595.836 595.813 596.141 596.28 596.292 596.273 596.055 595.776 595.723 596.134 596.481 596.494 596.773 596.759 596.831 596.856 596.943 597.065 597.172 597.061 596.96 596.929 596.824 596.892 596.94 596.908 596.926 596.921 596.895 596.861 596.88 596.896 596.901 596.895 596.919 597.016 597.221 597.473 597.417 597.485 597.348 597.419 597.346 597.394 597.294 597.114 596.953 596.917 596.912 596.852 596.807 596.895 596.843 596.893 596.537 596.346
592.908 593.702 593.879 594.448 594.891 595.334 595.908 596.481 596.504 596.073 596.021 595.927 596.053 596.188 596.197 596.172 596.151 595.513 595.245 595.544 595.916 596.477 596.452 596.633 596.87 596.867 596.872 596.836 596.982 597.076 597.109 596.998 596.947 596.847 596.861 596.839 596.856 596.896 596.901 596.839 596.826 596.841 596.857 596.954 597.009 597.008 597.015 597.167 597.204 597.039 597.027 597.08 597.106 597.127 597.075 597.032 597.098 596.776 596.793 596.791 596.758 596.552 596.513 596.512 596.402 596.378 596.332
592.884 593.628 593.937 594.209 594.753 595.27 595.887 596.133 596.339 596.291 596.096 595.88 596.016 596.228 596.251 596.147 596.113 595.463 595.173 595.679 596.036 596.505 596.86 596.86 596.93 596.886 596.844 596.938 596.859 596.842 596.868 596.817 596.838 596.804 596.804 596.882 596.866 596.874 596.843 596.836 596.848 596.875 596.901 597.006 597.058 597.115 597.123 597.185 597.078 596.984 596.963 597.008 596.988 596.924 596.847 596.962 596.859 596.687 596.682 596.576 596.423 596.358 596.28 596.218 596.247 596.223 596.212
592.852 593.427 593.771 594.243 594.828 595.537 595.961 596.207 596.398 596.215 595.854 595.827 595.958 596.205 596.259 596.319 596.202 596.048 596.021 596.2 596.595 596.986 597.291 597.383 597.158 597.125 596.943 596.895 596.976 596.884 596.806 596.759 596.786 596.711 596.772 596.821 596.834 596.848 596.855 596.831 596.878 596.907 596.957 597.1 597.283 597.221 597.102 597.158 597.175 596.972 596.9 596.932 596.847 596.927 596.725 596.671 596.579 596.503 596.444 596.35 596.247 596.186 596.202 596.221 596.195 596.167 596.17
592.747 593.38 593.599 594.111 594.729 595.527 595.921 596.091 595.885 595.768 595.505 595.63 595.786 596.014 596.258 596.296 596.28 596.296 596.348 596.545 596.903 597.221 597.463 597.436 597.348 597.273 597.181 597.04 596.991 596.887 596.838 596.75 596.745 596.687 596.753 596.794 596.806 596.761 596.824 596.924 596.979 597.096 597.167 597.275 597.275 597.152 597.154 597.136 597.051 596.995 596.859 596.73 596.73 596.665 596.615 596.513 596.408 596.221 596.194 596.145 596.139 596.133 596.145 596.14 596.165 596.148 596.17
592.661 592.878 593.5 594.162 594.803 595.509 595.701 595.835 595.629 595.239 595.324 595.526 595.723 596.143 596.239 596.311 596.229 596.363 596.489 596.697 597.132 597.442 597.833 597.59 597.366 597.379 597.253 596.947 596.869 596.788 596.778 596.733 596.682 596.75 596.733 596.778 596.784 596.805 596.892 596.882 597.044 597.097 597.166 597.204 597.208 597.109 597.048 597.043 596.857 596.687 596.604 596.626 596.687 596.634 596.503 596.329 596.174 596.206 596.196 596.146 596.124 596.166 596.154 596.148 596.16 596.137 596.159
592.399 593.016 593.428 594.012 594.8 595.486 595.503 595.594 595.285 595.028 595.148 595.28 595.784 596.098 596.11 596.091 596.263 596.208 596.456 596.915 597.145 597.341 597.565 597.283 597.158 597.262 597.17 596.789 596.798 596.901 596.743 596.719 596.737 596.724 596.77 596.821 596.77 596.86 597.026 596.97 597.01 597.154 597.1 597.087 597.216 597.117 597.092 596.857 596.651 596.485 596.437 596.431 596.555 596.538 596.37 596.242 596.211 596.119 596.11 596.163 596.155 596.146 596.125 596.12 596.172 596.185 596.135
592.174 592.7 593.264 593.945 594.672 594.888 595.105 595.272 594.732 594.844 594.937 595.165 595.513 595.884 595.936 595.956 596.119 596.176 596.526 597.014 597.15 597.333 597.339 597.054 597.019 597.001 596.865 596.694 596.78 596.629 596.807 596.743 596.776 596.82 596.855 596.881 596.829 596.858 596.856 596.958 597.028 597.114 597.145 597.217 597.259 597.258 597.208 596.939 596.693 596.424 596.369 596.383 596.361 596.334 596.205 596.129 596.117 596.101 596.049 596.06 596.143 596.115 596.09 596.101 596.109 596.075 596.129
591.888 592.474 592.885 593.609 594.155 594.346 594.612 594.923 594.445 594.706 594.778 594.992 595.307 595.69 595.737 595.848 595.964 596.104 596.552 596.941 596.927 596.894 596.656 596.606 596.574 596.51 596.501 596.343 596.619 596.694 596.719 596.728 596.829 596.856 596.889 596.877 596.843 596.851 596.906 596.971 597.084 597.121 597.135 597.233 597.328 597.365 597.218 596.966 596.656 596.445 596.288 596.307 596.31 596.241 596.194 596.16 596.12 596.082 596.095 596.09 596.08 596.061 596.097 596.111 596.104 596.114 596.152
591.915 592.364 592.816 593.349 593.926 594.122 594.448 594.284 594.01 593.983 594.271 594.681 595.125 595.223 595.28 595.422 595.576 596.059 596.512 596.741 596.622 596.438 596.37 596.379 596.327 596.35 595.989 596.061 596.709 596.701 596.708 596.689 596.794 596.856 596.877 596.832 596.911 596.871 596.879 597.008 597.107 597.187 597.153 597.24 597.313 597.401 597.344 597.116 596.728 596.481 596.291 596.291 596.272 596.27 596.192 596.119 596.124 596.083 596.079 596.077 596.066 596.08 596.079 596.12 596.127 596.189 596.216
591.737 591.93 592.48 592.714 593.009 593.607 593.708 593.656 593.389 593.742 593.934 594.346 594.767 595.049 595.245 595.312 595.486 595.993 596.603 596.535 596.352 596.201 596.202 596.094 595.846 596.046 596.037 596.563 596.697 596.723 596.71 596.737 596.837 596.773 596.888 596.981 596.933 596.91 596.94 596.991 597.113 597.167 597.112 597.197 597.351 597.398 597.352 597.18 596.81 596.464 596.326 596.337 596.23 596.208 596.12 596.109 596.128 596.14 596.063 596.085 596.133 596.099 596.072 596.077 596.109 596.183 596.27
591.53 591.654 592.042 592.467 592.833 593.279 593.301 593.185 593.173 593.553 593.709 594.15 594.541 594.804 594.816 594.94 594.978 595.752 596.049 596.049 595.798 595.847 595.699 595.738 595.501 595.174 595.658 596.427 596.578 596.661 596.643 596.658 596.728 596.781 596.851 596.976 596.924 596.887 596.951 596.936 597.03 597.119 597.176 597.263 597.334 597.355 597.279 597.072 596.921 596.702 596.432 596.256 596.187 596.201 596.155 596.092 596.136 596.12 596.085 596.093 596.126 596.101 596.04 596.114 596.122 596.18 596.167
591.345 591.641 591.994 592.2 592.542 592.426 592.46 592.292 592.533 592.785 593.144 593.373 594.031 594.443 594.411 594.432 594.887 595.151 595.39 595.512 595.686 595.695 595.575 595.442 595.1 594.647 595.346 596.215 596.464 596.533 596.552 596.597 596.667 596.702 596.675 596.73 596.708 596.636 596.813 597.01 596.998 597.077 597.193 597.305 597.412 597.383 597.258 597.086 596.936 596.767 596.324 596.292 596.188 596.178 596.074 596.096 596.155 596.112 596.066 596.061 596.058 596.083 595.974 596.059 596.044 596.163 596.163
591.147 591.38 591.521 591.895 591.872 592.022 591.95 591.792 592.167 592.539 592.846 593.368 594.027 594.079 594.189 594.305 594.555 594.723 594.966 595.059 595.059 595.214 595.271 594.63 594.28 594.578 595.538 595.904 596.153 596.327 596.421 596.472 596.472 596.386 596.315 596.291 596.348 596.424 596.667 596.964 597.04 597.119 597.196 597.296 597.388 597.35 597.227 597.074 597.027 596.695 596.501 596.331 596.198 596.112 596.062 596.068 596.026 596.014 595.993 595.995 595.991 596.015 596.057 596.113 596.129 596.159 596.223
591.057 591.404 591.385 591.606 591.876 591.643 591.334 591.492 591.993 592.368 592.622 592.994 593.41 593.511 593.67 593.827 593.828 593.93 594.079 594.344 594.604 594.692 594.856 594.257 594.303 594.728 595.445 595.768 596.109 596.175 596.245 596.265 596.118 596.094 596.078 596.147 596.111 596.187 596.591 596.822 597.051 597.138 597.165 597.344 597.439 597.297 597.153 597.061 596.911 596.718 596.44 596.359 596.088 596.058 596.033 596.027 596.03 596.051 596.001 596.013 595.995 596.004 596.153 596.178 596.211 596.215 596.215
591.008 591.123 591.14 591.089 591.124 590.88 590.749 591.045 591.368 591.854 592.268 592.729 593.075 593.258 593.284 593.487 593.682 593.778 593.932 594.122 594.303 594.534 594.52 594.147 594.187 595.023 595.305 595.608 595.801 595.955 595.884 595.703 595.754 595.753 595.843 595.866 595.86 596.185 596.593 596.774 596.883 597.055 597.216 597.367 597.309 597.241 597.2 597.107 596.901 596.577 596.412 596.195 596.085 596.06 595.997 596.028 596.051 596.078 596.02 596.031 595.981 595.981 596.145 596.173 596.227 596.199 596.183
590.787 590.77 590.752 590.551 590.462 590.364 590.175 590.593 591.135 591.596 592.206 592.466 592.924 592.939 593.071 593.234 593.439 593.525 593.573 593.681 593.98 594.07 594.162 594.174 594.327 594.835 595.022 595.268 595.509 595.392 595.501 595.561 595.564 595.55 595.565 595.66 595.822 596.248 596.701 596.788 596.876 597.137 597.293 597.368 597.387 597.223 597.104 596.988 596.849 596.611 596.492 596.313 596.113 596.132 596.016 596.032 595.999 595.979 596.005 595.971 595.912 595.999 596.216 596.16 596.176 596.193 596.185
590.538 590.707 590.518 590.362 590.127 589.915 589.923 590.132 590.648 591.177 591.865 592.153 592.181 592.528 592.807 592.945 593.013 593.091 593.129 593.299 593.524 593.812 593.999 594 594.128 594.714 594.872 595.089 595.119 595.186 595.279 595.352 595.414 595.391 595.373 595.584 595.715 596.091 596.661 596.765 596.965 597.17 597.326 597.347 597.338 597.111 596.94 596.779 596.828 596.687 596.672 596.439 596.308 596.123 596.048 595.99 595.879 595.973 596.029 596.003 595.964 595.997 596.107 596.174 596.214 596.238 596.275
590.097 590.036 590.025 589.897 589.526 589.456 589.501 589.816 590.529 591.009 591.382 591.755 591.942 592.295 592.427 592.765 592.797 592.836 592.957 593.054 593.192 593.409 593.875 593.887 594.173 594.317 594.686 594.636 594.78 594.871 595.142 595.24 595.329 595.318 595.23 595.363 595.707 595.929 596.293 596.636 596.869 597.02 597.206 597.295 597.272 597.041 596.778 596.745 596.695 596.764 596.672 596.552 596.348 596.142 595.928 595.88 595.865 595.913 595.92 595.953 595.945 596.007 596.049 596.115 596.181 596.297 596.302
589.573 589.784 589.714 589.354 589.391 589.367 589.568 589.784 590.189 590.765 591.202 591.428 591.593 592.062 592.295 592.299 592.523 592.558 592.736 592.971 592.986 593.044 593.236 593.55 594.048 594.284 594.334 594.441 594.653 594.636 594.857 595.033 595.015 595.079 595.213 595.291 595.617 595.868 596.177 596.402 596.665 596.806 597.135 597.165 597.078 596.972 596.606 596.575 596.589 596.671 596.569 596.439 596.182 595.884 595.838 595.836 595.917 595.867 595.908 595.86 595.918 595.944 595.987 596.049 596.229 596.361 596.428
