20220701_namedtuples/mapdata/sd8976_DSM_2M.asc
ncols 500
nrows 500
xllcorner    389000
yllcorner    476000
cellsize     2
NODATA_value -9999
[rows 0 to 29 of 500, columns 402 to 468 of 500]
580.564 580.387 580.19 580.211 580.077 579.947 579.907 579.83 579.704 579.469 579.184 579.089 578.876 578.669 578.46 578.382 578.382 578.282 578.201 578.016 577.85 577.642 577.397 577.221 577.128 577.036 577.035 576.893 576.705 576.718 576.69 576.6 576.522 576.396 576.202 576.188 576.17 576.115 576.037 575.881 575.914 575.816 575.543 575.54 575.398 575.314 575.263 575.275 575.166 575.128 575.132 575.087 575.035 574.866 574.648 574.639 574.569 574.453 574.262 573.86 573.31 573.04 572.824 572.619 572.909 573.612 573.521
580.661 580.555 580.426 580.322 580.223 580.235 580.153 579.935 579.935 579.871 579.587 579.362 579.075 578.891 578.924 578.635 578.49 578.572 578.32 578.102 577.927 577.797 577.669 577.323 577.268 577.216 577.096 576.906 576.831 576.797 576.745 576.647 576.575 576.476 576.435 576.337 576.252 576.192 576.075 575.995 576.022 575.944 575.855 575.673 575.603 575.634 575.42 575.329 575.279 575.262 575.199 575.116 575.054 574.88 574.809 574.703 574.617 574.466 574.066 572.967 572.961 572.844 572.73 573.36 573.486 573.795 573.714
580.805 580.822 580.583 580.414 580.377 580.271 580.135 579.985 579.801 579.74 579.518 579.412 579.28 579.058 578.84 578.473 578.453 578.393 578.376 578.139 577.974 577.89 577.7 577.561 577.336 577.153 577.051 577.069 576.961 576.907 576.832 576.764 576.644 576.635 576.562 576.438 576.355 576.291 576.154 576.068 576.094 576.011 575.925 575.815 575.647 575.628 575.53 575.437 575.411 575.295 575.236 575.108 575.162 575.053 574.958 574.802 574.691 574.507 574.174 573.077 572.986 573.022 573.428 573.777 573.958 573.85 573.8
580.785 580.716 580.591 580.545 580.505 580.366 580.274 580.134 579.915 579.843 579.725 579.518 579.47 579.218 578.978 578.908 578.763 578.55 578.523 578.337 578.163 578 577.844 577.665 577.415 577.401 577.201 577.049 576.996 576.934 576.878 576.801 576.73 576.677 576.638 576.573 576.578 576.467 576.319 576.145 576.169 576.081 575.954 575.928 575.869 575.858 575.766 575.563 575.546 575.375 575.222 575.232 575.218 575.122 574.965 574.884 574.743 574.574 574.182 573.159 573.293 573.841 574.101 574.056 574.077 574.024 573.941
580.974 580.887 580.903 580.803 580.618 580.524 580.361 580.229 580.184 579.87 579.781 579.541 579.401 579.12 578.975 578.793 578.597 578.561 578.396 578.259 578.188 578.014 577.753 577.711 577.405 577.4 577.269 577.132 577.1 577.045 576.997 576.875 576.874 576.842 576.791 576.71 576.656 576.578 576.468 576.301 576.202 576.128 576.057 576.046 575.902 575.914 575.776 575.653 575.537 575.457 575.289 575.24 575.249 575.162 575.082 574.939 574.827 574.653 574.301 573.261 573.077 573.753 574.261 574.229 574.184 574.158 574.02
581.032 580.9 580.788 580.767 580.644 580.434 580.335 580.239 580.087 579.928 579.677 579.547 579.39 579.26 579.228 578.931 578.865 578.654 578.514 578.457 578.374 578.24 577.891 577.687 577.609 577.348 577.369 577.267 577.121 577.036 577.043 576.949 576.866 576.908 576.841 576.777 576.732 576.662 576.581 576.474 576.233 576.217 576.174 576.15 576.013 575.983 575.898 575.774 575.563 575.559 575.493 575.371 575.292 575.216 575.148 574.962 574.886 574.834 574.627 573.315 573.023 573.319 574.338 574.293 574.24 574.177 574.099
581.248 581.086 580.987 581.034 580.74 580.498 580.55 580.362 580.314 580.076 579.875 579.662 579.598 579.446 579.195 579.051 578.921 578.682 578.573 578.483 578.319 578.306 577.987 577.588 577.4 577.412 577.469 577.28 577.133 577.133 577.111 577.101 576.986 577.023 576.933 576.899 576.784 576.696 576.674 576.577 576.377 576.25 576.246 576.211 576.123 576.011 575.905 575.875 575.727 575.647 575.564 575.493 575.363 575.257 575.142 575.009 574.872 574.889 574.369 573.362 573.122 573.994 574.416 574.431 574.304 574.23 574.154
581.276 581.132 581.041 580.892 580.745 580.539 580.478 580.215 580.155 580.012 579.846 579.676 579.575 579.387 579.217 579.071 578.928 578.668 578.497 578.388 578.324 578.279 578.072 577.583 577.563 577.511 577.499 577.47 577.288 577.149 577.138 577.108 577.061 577.028 576.967 576.923 576.824 576.786 576.716 576.596 576.466 576.388 576.32 576.277 576.248 576.166 576.009 575.921 575.826 575.788 575.623 575.57 575.44 575.332 575.15 575.088 574.975 574.858 574.609 573.404 573.336 574.185 574.474 574.436 574.348 574.266 574.179
581.401 581.304 580.984 580.972 580.787 580.591 580.46 580.326 580.196 580.034 579.982 579.879 579.674 579.571 579.548 579.213 579.076 578.92 578.795 578.596 578.38 578.223 578.053 577.765 577.664 577.633 577.618 577.479 577.348 577.196 577.206 577.146 577.183 577.107 577.024 576.986 576.832 576.779 576.727 576.635 576.508 576.455 576.378 576.37 576.318 576.236 576.083 575.973 575.869 575.835 575.673 575.598 575.506 575.398 575.236 575.19 575.051 574.919 574.503 573.547 573.341 574.261 574.496 574.513 574.388 574.294 574.204
581.738 581.347 581.009 580.948 580.893 580.715 580.537 580.287 580.211 580.022 579.882 579.711 579.619 579.634 579.431 579.276 579.122 579.002 578.821 578.614 578.438 578.285 578.076 577.854 577.668 577.647 577.685 577.547 577.434 577.31 577.29 577.284 577.193 577.124 577.003 576.951 576.871 576.811 576.753 576.678 576.688 576.508 576.33 576.379 576.326 576.242 576.143 575.972 575.914 575.787 575.779 575.547 575.21 575.171 574.908 575.163 575.031 574.845 574.319 573.555 573.522 574.521 574.635 574.597 574.498 574.36 574.193
581.526 581.355 581.051 580.921 580.881 580.753 580.582 580.422 580.355 580.171 579.972 579.841 579.816 579.768 579.534 579.501 579.347 579.136 578.908 578.747 578.488 578.369 578.326 578.001 577.877 577.817 577.701 577.575 577.524 577.362 577.302 577.242 577.2 577.135 577.076 577.044 576.938 576.843 576.83 576.777 576.695 576.588 576.428 576.371 576.339 576.262 576.146 576.004 575.933 575.825 575.691 575.48 574.82 574.708 574.197 574.86 574.791 574.543 573.733 573.585 573.601 574.592 574.685 574.573 574.52 574.385 574.088
581.671 581.506 581.2 581.149 581.022 580.886 580.702 580.539 580.447 580.334 580.088 580.022 579.905 579.844 579.693 579.459 579.129 578.982 578.872 578.743 578.586 578.396 578.424 578.061 577.907 577.932 577.786 577.628 577.608 577.444 577.387 577.308 577.266 577.18 577.16 577.131 577.083 576.952 576.865 576.807 576.72 576.598 576.488 576.41 576.351 576.28 576.193 576.053 575.967 575.899 575.636 575.035 574.385 575.363 574.81 574.766 574.38 573.847 573.608 573.76 574.059 574.735 574.731 574.664 574.517 574.434 574.362
581.793 581.539 581.209 581.028 580.981 580.833 580.676 580.568 580.364 580.249 580.123 580.056 579.986 579.91 579.754 579.486 579.295 579.164 579.154 578.83 578.506 578.457 578.118 578.11 577.962 578.043 578.144 577.812 577.719 577.613 577.491 577.365 577.305 577.215 577.16 577.15 577.116 576.955 576.901 576.884 576.779 576.695 576.637 576.552 576.424 576.24 576.165 576.041 575.81 575.45 575.08 574.475 574.508 575.437 575.378 575.352 575.169 574.205 574.342 574.227 574.852 574.793 574.679 574.731 574.543 574.382 574.208
581.827 581.688 581.573 581.333 581.068 581.081 580.883 580.694 580.593 580.459 580.217 580.063 580.019 579.974 579.754 579.627 579.256 579.216 579.068 578.952 578.499 578.457 578.416 578.203 578.182 578.119 578.043 577.922 577.858 577.706 577.536 577.45 577.341 577.268 577.182 577.129 577.121 577.152 576.979 576.9 576.841 576.808 576.64 576.604 576.472 576.318 576.227 575.933 575.586 574.908 574.505 574.372 574.559 575.242 575.644 575.541 575.428 575.221 575.177 574.881 574.771 574.567 574.659 574.603 574.437 574.273 573.81
581.82 581.66 581.45 581.255 581.094 580.963 580.821 580.51 580.47 580.4 580.157 580.031 579.998 579.84 579.766 579.544 579.304 579.051 578.843 578.576 578.585 578.421 578.335 578.335 578.317 578.23 578.228 578.079 577.914 577.785 577.648 577.527 577.41 577.219 577.202 577.227 577.172 577.171 577.003 576.9 576.858 576.789 576.701 576.706 576.614 576.478 576.396 575.995 575.348 574.649 574.296 574.627 575.182 575.532 575.681 575.564 575.393 575.245 575.152 574.874 574.701 574.813 574.853 574.725 574.475 574.085 573.745
581.772 581.591 581.447 581.329 581.082 581.064 580.91 580.839 580.726 580.59 580.446 580.348 580.177 580.032 579.848 579.65 579.326 578.943 578.316 578.056 578.684 578.64 578.484 578.44 578.368 578.251 578.212 578.052 577.887 577.872 577.766 577.678 577.566 577.357 577.246 577.237 577.186 577.146 577.066 576.968 576.833 576.781 576.699 576.749 576.668 576.645 576.457 576.23 575.486 574.84 574.459 574.591 575.553 575.588 575.666 575.636 575.521 575.374 575.122 574.857 574.983 574.974 574.945 574.842 574.293 573.998 574.075
581.814 581.748 581.49 581.37 581.197 581.126 580.949 580.828 580.705 580.574 580.407 580.317 580.086 579.903 579.685 579.415 578.676 578.46 578.797 578.892 578.702 578.759 578.47 578.334 578.341 578.283 578.2 578.122 577.997 577.996 577.879 577.738 577.624 577.384 577.252 577.293 577.185 577.115 577.046 577.027 576.926 576.82 576.753 576.711 576.706 576.705 576.562 576.348 576.15 575.299 574.519 574.818 575.323 575.704 575.66 575.667 575.641 575.492 575.102 575.097 575.14 575.046 574.918 574.673 574.045 574.047 574.402
581.748 581.648 581.561 581.402 581.258 581.087 580.952 580.861 580.673 580.649 580.454 580.412 580.231 579.98 579.69 578.999 578.679 578.824 579.236 579.096 578.778 578.611 578.478 578.503 578.379 578.372 578.348 578.262 578.185 578.062 577.853 577.732 577.595 577.449 577.276 577.332 577.172 577.173 577.102 576.986 576.987 576.819 576.82 576.797 576.756 576.682 576.579 576.429 576.149 575.171 574.716 575.059 575.78 575.699 575.734 575.714 575.565 575.568 575.398 575.313 575.252 575.204 574.907 574.568 574.044 574.392 574.717
581.785 581.777 581.611 581.534 581.335 581.128 581.028 580.921 580.829 580.662 580.511 580.398 580.148 579.911 578.958 578.63 578.762 579.189 579.225 579.155 578.968 578.793 578.6 578.523 578.398 578.288 578.38 578.259 578.241 578.107 577.885 577.82 577.609 577.534 577.388 577.297 577.287 577.256 577.161 577.058 576.974 576.911 576.899 576.89 576.784 576.677 576.618 576.465 575.67 575.063 574.79 575.099 575.876 575.827 575.782 575.73 575.609 575.522 575.472 575.378 575.305 575.217 575.094 574.782 574.428 574.826 574.811
581.802 581.647 581.503 581.359 581.21 581.046 580.979 580.919 580.77 580.594 580.467 580.235 579.768 579.222 578.64 578.767 579.199 579.201 579.248 579.058 579.058 578.993 578.82 578.554 578.567 578.516 578.342 578.361 578.244 578.109 578.001 577.861 577.82 577.59 577.349 577.345 577.355 577.314 577.223 577.089 577.058 576.985 576.992 576.981 576.852 576.71 576.597 576.435 575.712 574.881 574.76 575.446 575.945 575.926 575.901 575.789 575.806 575.729 575.584 575.49 575.339 575.255 575.111 575.069 574.96 574.991 574.904
582.007 581.815 581.57 581.422 581.39 581.229 581.252 580.991 580.853 580.771 579.562 579.735 578.957 578.832 578.664 579.646 579.645 579.512 579.231 579.201 579.181 579.093 578.728 578.582 578.406 578.319 578.331 578.271 578.221 578.12 578.006 577.827 577.784 577.75 577.645 577.442 577.312 577.295 577.241 577.18 577.053 576.996 576.991 576.951 576.829 576.691 576.597 576.366 575.428 574.765 574.792 575.896 576.024 576.039 575.904 575.825 575.796 575.769 575.686 575.526 575.442 575.369 575.283 575.101 575.078 575.09 575.11
581.932 581.688 581.598 581.429 581.282 581.324 581.065 580.897 580.314 579.585 578.908 579.139 578.888 579.123 579.91 579.685 579.818 579.656 579.432 579.174 579.275 579.092 578.867 578.67 578.499 578.466 578.313 578.429 578.326 578.159 578.035 577.945 577.866 577.833 577.77 577.556 577.334 577.318 577.341 577.238 577.16 577.065 577.035 576.926 576.815 576.71 576.599 576.504 575.481 575.046 574.759 575.746 576.053 576.017 575.946 575.983 575.974 575.846 575.782 575.66 575.557 575.535 575.416 575.282 575.18 575.211 575.187
581.941 581.807 581.681 581.507 581.468 581.434 581.103 580.01 579.762 579.581 579.598 579.54 579.307 580.002 580.017 580.028 579.973 579.787 579.599 579.51 579.193 579.177 579 578.803 578.474 578.465 578.486 578.358 578.357 578.156 578.103 578.048 577.914 577.811 577.77 577.727 577.588 577.398 577.25 577.227 577.176 577.194 577.048 576.976 576.901 576.757 576.664 576.58 576.014 575.201 575.133 575.632 576.14 576.104 576.088 575.993 575.99 575.902 575.776 575.741 575.618 575.55 575.499 575.378 575.29 575.286 575.248
581.975 581.913 581.815 581.584 581.436 581.305 580.847 580.149 579.89 580.315 580.152 580.177 580.209 580.257 580.021 579.952 579.691 579.702 579.587 579.333 579.245 579.148 578.927 578.746 578.564 578.479 578.475 578.45 578.344 578.204 578.113 578.06 577.982 577.884 577.82 577.776 577.659 577.463 577.279 577.277 577.25 577.221 577.113 577.155 576.995 576.81 576.754 576.666 576.379 575.762 575.006 575.943 576.099 576.179 576.16 576.097 576.03 575.894 575.918 575.752 575.747 575.668 575.574 575.517 575.422 575.372 575.364
582.011 581.987 581.793 581.632 581.289 580.95 580.566 580.67 580.588 580.708 580.652 580.594 580.48 580.453 580.276 580.047 579.99 579.758 579.654 579.469 579.325 579.142 579.048 578.767 578.573 578.566 578.49 578.465 578.406 578.254 578.116 578.073 578.057 577.911 577.867 577.744 577.63 577.504 577.294 577.263 577.263 577.191 577.17 577.122 577.039 576.943 576.767 576.568 576.002 575.34 575.957 576.231 576.145 576.224 576.19 576.152 576.109 576.004 575.916 575.81 575.781 575.76 575.726 575.608 575.489 575.471 575.493
582.088 581.998 581.537 581.368 581.346 581.152 581.123 581.103 580.987 580.941 580.715 580.601 580.51 580.442 580.361 580.194 579.869 579.615 579.651 579.527 579.311 579.073 578.921 578.756 578.665 578.457 578.505 578.417 578.351 578.302 578.151 578.077 578.017 577.924 577.881 577.772 577.598 577.434 577.352 577.313 577.248 577.202 577.225 577.089 577.146 577.001 576.807 576.547 575.968 575.905 576.506 576.387 576.25 576.254 576.266 576.286 576.148 576.036 575.929 575.95 575.864 575.82 575.755 575.638 575.601 575.574 575.578
581.88 581.57 581.425 581.195 581.08 581.282 581.227 581.142 580.972 580.866 580.789 580.809 580.637 580.507 580.387 580.182 580.102 579.901 579.825 579.641 579.59 579.394 579.275 579.113 578.981 578.789 578.554 578.482 578.408 578.254 578.198 578.072 577.999 577.907 577.908 577.783 577.611 577.461 577.331 577.369 577.361 577.286 577.159 577.003 577.064 576.998 576.746 576.062 576.619 576.67 576.578 576.498 576.316 576.253 576.337 576.268 576.099 576.098 575.983 575.927 575.911 575.846 575.8 575.813 575.747 575.68 575.695
581.612 581.381 581.51 581.923 581.679 581.631 581.387 581.326 581.259 581.131 581.07 580.874 580.765 580.547 580.562 580.42 580.169 580.103 579.846 579.591 579.51 579.457 579.216 579.187 578.908 578.804 578.645 578.555 578.375 578.343 578.241 578.171 578.042 577.824 577.641 577.678 577.513 577.275 576.948 576.617 576.678 577.057 577.177 577.156 577.015 576.646 576.275 575.646 576.733 576.677 576.698 576.612 576.46 576.317 576.325 576.34 576.23 576.142 576.033 575.892 575.896 575.858 575.767 575.839 575.778 575.8 575.782
581.624 581.657 581.899 581.925 581.768 581.465 581.411 581.278 580.96 580.983 580.997 580.798 580.674 580.596 580.334 580.329 580.203 580.054 579.87 579.614 579.513 579.395 579.182 579.148 578.966 578.872 578.747 578.742 578.565 578.517 578.324 578.152 578.063 577.843 577.22 577.447 577.272 576.79 576.577 576.462 576.323 576.734 577.1 577.094 576.805 576.197 575.254 576.328 576.783 576.822 576.779 576.701 576.571 576.39 576.254 576.249 576.263 576.243 576.105 576.001 575.944 575.884 575.854 575.834 575.901 575.864 575.825
582.235 582.209 582.174 581.933 581.942 581.695 581.467 581.398 581.258 580.989 580.988 580.895 580.857 580.728 580.471 580.456 580.277 580.124 579.909 579.795 579.682 579.538 579.331 579.257 579.074 578.943 578.763 578.692 578.662 578.453 578.361 578.199 578.004 577.908 577.151 576.972 576.842 576.699 577.042 577.405 576.974 576.24 577.053 576.982 576.746 575.999 575.776 576.603 576.863 576.882 576.871 576.793 576.6 576.413 576.248 576.228 576.324 576.286 576.14 576.051 575.958 575.927 576.004 575.833 575.896 575.881 575.793
