20220701_namedtuples/mapdata/sd8978_DSM_2M.asc
ncols 500
nrows 500
xllcorner    389000
yllcorner    478000
cellsize     2
NODATA_value -9999
[rows 210 to 239 of 500, columns 67 to 133 of 500]
494.453 494.035 493.73 493.493 493.25 493.008 492.72 492.41 492.048 491.668 491.358 491.19 491.043 490.793 490.633 490.335 489.865 489.425 489.19 489.115 488.973 488.778 488.55 488.303 487.98 487.653 487.418 487.118 486.808 486.665 486.413 486.273 486.018 485.685 485.345 485.095 484.8 484.46 484.175 483.975 483.678 483.333 483.095 482.76 482.498 482.265 481.905 481.633 481.408 481.03 480.718 480.395 480.035 479.745 479.498 479.158 478.823 478.463 478.258 477.915 477.585 477.31 476.998 476.678 476.498 476.16 475.835
494.825 494.468 494.155 493.888 493.56 493.358 493.098 492.86 492.49 492.16 491.863 491.498 491.313 491.158 491 490.728 490.328 489.733 489.358 489.33 489.22 489.105 488.908 488.61 488.365 488.115 487.893 487.545 487.028 486.823 486.665 486.495 486.3 486.05 485.695 485.385 485.193 484.875 484.518 484.268 484.058 483.753 483.503 482.99 482.848 482.63 482.24 481.903 481.648 481.325 481.06 480.645 480.353 480.165 479.83 479.445 479.17 479.028 478.645 478.248 477.92 477.67 477.363 477.15 476.835 476.593 476.308
495.158 494.938 494.51 494.17 493.913 493.75 493.478 493.185 492.918 492.64 492.4 492.015 491.688 491.613 491.41 491.213 490.858 490.283 489.9 489.733 489.548 489.355 489.105 488.958 488.738 488.473 488.115 487.728 487.345 487.188 486.848 486.705 486.51 486.283 486.088 485.673 485.408 485.185 484.855 484.57 484.325 483.913 483.598 483.315 483.035 482.868 482.553 482.253 482.008 481.723 481.345 481.015 480.728 480.403 480.183 479.818 479.585 479.353 479.023 478.628 478.273 478.028 477.755 477.493 477.295 477.048 476.7
495.563 495.263 494.743 494.343 494.19 493.968 493.763 493.52 493.223 493.078 492.835 492.57 492.265 492.03 491.885 491.57 491.323 490.833 490.41 490.243 489.883 489.533 489.21 489.06 488.923 488.688 488.293 487.838 487.488 487.305 487.128 486.88 486.743 486.533 486.323 486.098 485.793 485.533 485.155 484.898 484.598 484.285 484.008 483.66 483.348 483.128 482.87 482.585 482.328 482.065 481.69 481.398 481.11 480.77 480.468 480.215 479.94 479.68 479.38 479.09 478.758 478.55 478.185 477.913 477.72 477.515 477.22
495.86 495.473 494.903 494.408 494.303 494.163 493.983 493.838 493.56 493.4 493.215 492.985 492.72 492.383 492.178 491.873 491.633 491.205 490.688 490.378 490.133 489.9 489.593 489.235 489.043 488.775 488.455 488.083 487.758 487.58 487.493 487.265 487.008 486.803 486.57 486.34 486.078 485.875 485.503 485.188 484.928 484.618 484.323 484.065 483.71 483.405 483.105 482.863 482.545 482.293 482.02 481.748 481.483 481.125 480.885 480.57 480.375 480.128 479.815 479.52 479.248 478.993 478.738 478.433 478.16 477.86 477.53
496.22 495.74 495.283 494.748 494.603 494.405 494.258 494.088 493.885 493.688 493.433 493.218 493.055 492.783 492.448 492.155 491.885 491.525 491.105 490.765 490.423 490.088 489.718 489.418 489.138 488.878 488.718 488.408 488.188 487.908 487.775 487.58 487.355 487.103 486.823 486.563 486.408 486.138 485.853 485.573 485.2 484.923 484.558 484.323 483.958 483.643 483.378 483.083 482.82 482.58 482.35 482.143 481.79 481.548 481.32 481.043 480.745 480.478 480.205 479.94 479.81 479.47 479.183 478.805 478.418 478.15 477.78
496.44 496.065 495.683 495.303 495.018 494.685 494.418 494.198 494.09 493.893 493.638 493.413 493.21 492.983 492.75 492.323 492.073 491.693 491.418 491.073 490.638 490.19 489.76 489.553 489.3 489 488.825 488.6 488.488 488.308 488.115 487.898 487.67 487.415 487.1 486.895 486.67 486.398 486.058 485.798 485.435 485.113 484.875 484.515 484.3 484.005 483.72 483.42 483.165 482.928 482.705 482.445 482.12 481.878 481.68 481.533 481.093 480.83 480.62 480.405 480.2 479.955 479.61 479.255 478.925 478.435 478.075
496.63 496.328 496.063 495.655 495.335 494.95 494.635 494.375 494.188 494.038 493.878 493.68 493.458 493.15 492.82 492.503 492.135 491.71 491.333 491.048 490.735 490.383 489.863 489.583 489.483 489.02 488.853 488.823 488.658 488.54 488.363 488.185 487.978 487.69 487.428 487.135 486.905 486.57 486.288 485.96 485.693 485.348 485.075 484.838 484.568 484.318 484.025 483.748 483.488 483.265 483.013 482.855 482.518 482.22 482.013 481.82 481.495 481.293 481.023 480.738 480.44 480.208 480.048 479.618 479.32 478.868 478.55
496.788 496.538 496.29 496.008 495.628 495.29 494.888 494.74 494.53 494.3 494.08 493.958 493.733 493.278 492.668 492.403 492.128 491.63 491.303 491.178 490.95 490.65 490.265 489.983 489.645 489.1 488.948 489.085 488.993 488.878 488.768 488.62 488.345 487.983 487.698 487.375 487.11 486.865 486.58 486.328 486.03 485.653 485.378 485.138 484.91 484.555 484.32 484.073 483.8 483.518 483.33 483.053 482.755 482.475 482.288 482.073 481.94 481.74 481.483 481.188 480.868 480.543 480.245 480.018 479.74 479.425 479.005
497.1 496.835 496.655 496.48 496.258 495.855 495.46 495.248 494.92 494.68 494.348 494.133 493.925 493.615 493.093 492.78 492.348 491.975 491.668 491.46 491.183 490.975 490.753 490.363 489.69 489.293 489.335 489.48 489.39 489.265 489.093 488.938 488.783 488.388 488.015 487.71 487.513 487.255 486.818 486.583 486.33 486.06 485.768 485.5 485.263 484.958 484.703 484.44 484.173 483.878 483.67 483.405 483.108 482.893 482.738 482.488 482.385 482.175 481.943 481.705 481.405 481.08 480.738 480.443 480.223 479.873 479.51
497.043 496.988 497.013 497.013 496.835 496.483 496.088 495.885 495.455 495.048 494.888 494.55 494.32 494.053 493.673 493.238 492.728 492.288 491.945 491.588 491.388 491.223 491.013 490.44 489.628 489.615 489.78 489.873 489.86 489.725 489.43 489.318 489.088 488.705 488.243 487.988 487.793 487.568 487.203 486.953 486.623 486.328 486.06 485.9 485.633 485.398 485.088 484.82 484.495 484.25 484.035 483.818 483.498 483.233 483.053 482.938 482.785 482.618 482.395 482.18 482.013 481.548 481.225 480.943 480.65 480.333 479.925
496.413 496.325 496.96 497.3 497.265 496.975 496.543 496.155 495.808 495.648 495.488 495.133 494.87 494.58 494.168 493.753 493.265 492.753 492.285 491.913 491.67 491.528 491.265 490.765 490.295 490.25 490.188 490.133 490.063 489.933 489.753 489.61 489.418 488.88 488.535 488.353 488.098 487.923 487.55 487.25 487.003 486.683 486.458 486.21 485.948 485.755 485.488 485.22 484.833 484.62 484.398 484.243 483.905 483.763 483.438 483.178 483.055 482.875 482.74 482.48 482.378 482.1 481.78 481.303 481.04 480.778 480.35
495.513 495.82 496.793 497.498 497.708 497.32 496.905 496.58 496.253 496.118 495.908 495.688 495.385 495.03 494.635 494.263 493.733 493.24 492.788 492.43 492.16 491.84 491.445 491.038 490.7 490.625 490.523 490.385 490.228 490.17 490.038 489.9 489.588 489.098 488.828 488.643 488.348 488.135 487.903 487.565 487.318 487.038 486.795 486.6 486.378 486.118 485.798 485.605 485.188 485.02 484.813 484.5 484.188 483.948 483.755 483.583 483.388 483.245 483.045 482.86 482.67 482.295 482.038 481.9 481.498 481.125 480.708
496.498 496.59 496.978 497.573 497.623 497.263 497.078 497.003 496.808 496.67 496.343 495.98 495.56 495.353 495.133 494.708 494.148 493.743 493.263 492.805 492.433 492.088 491.523 491.26 491.078 490.923 490.795 490.588 490.518 490.448 490.313 490.083 489.718 489.425 489.148 488.865 488.625 488.373 488.143 487.905 487.705 487.42 487.145 486.903 486.708 486.445 486.115 485.798 485.55 485.37 485.058 484.818 484.595 484.32 484.183 484.033 483.808 483.653 483.36 483.258 483.078 482.705 482.41 482.225 481.893 481.418 481.035
497.588 497.663 497.605 497.553 497.198 496.938 496.88 497.128 497.183 497.098 496.623 495.915 495.35 495.405 495.485 495.088 494.588 494.118 493.653 493.16 492.74 492.323 491.77 491.53 491.473 491.295 491.103 490.825 490.785 490.578 490.46 490.173 489.915 489.693 489.435 489.19 489.018 488.673 488.428 488.17 487.865 487.663 487.428 487.233 487.01 486.76 486.423 486.078 485.833 485.68 485.383 485.06 484.833 484.598 484.5 484.373 484.208 484.035 483.718 483.485 483.228 482.983 482.735 482.503 482.335 481.873 481.375
498.605 498.445 498.155 497.69 497.148 496.038 496.135 496.825 497.27 497.315 496.848 495.99 495.345 495.623 495.873 495.433 494.963 494.448 493.915 493.435 492.968 492.56 492.033 491.748 491.685 491.458 491.375 491.158 490.92 490.65 490.493 490.313 490.053 489.9 489.638 489.37 489.285 488.888 488.635 488.413 488.18 487.848 487.675 487.42 487.213 486.993 486.743 486.388 486.125 485.925 485.76 485.48 485.275 484.975 484.783 484.61 484.438 484.403 484.13 483.858 483.605 483.27 483.063 482.853 482.615 482.315 481.785
499.173 499.16 498.233 497.76 497.243 495.748 495.728 496.85 496.903 496.92 497.123 496.42 495.735 495.968 496.28 495.83 495.33 494.788 494.428 493.855 493.305 492.835 492.495 492.23 491.875 491.558 491.573 491.445 491.11 490.82 490.628 490.43 490.295 490.08 489.918 489.603 489.45 489.063 488.84 488.688 488.448 488.098 487.868 487.633 487.39 487.173 486.893 486.658 486.54 486.345 486.145 485.935 485.648 485.508 485.168 484.955 484.72 484.63 484.413 484.128 483.755 483.565 483.413 483.058 482.833 482.598 482.068
499.83 499.638 498.848 497.955 497.725 496.978 496.808 497.395 497.035 496.918 497.383 497.123 496.75 496.725 496.663 496.29 495.818 495.33 494.82 494.323 493.735 493.195 492.895 492.688 492.4 491.935 491.98 491.795 491.49 491.19 490.903 490.673 490.46 490.283 490.058 489.808 489.678 489.395 489.15 488.98 488.625 488.353 488.073 487.815 487.593 487.368 487.12 486.975 487.013 486.778 486.4 486.165 485.965 485.818 485.58 485.338 485.095 484.94 484.735 484.498 484.195 483.928 483.705 483.435 483.108 482.93 482.503
500.338 500.083 499.63 498.725 498.428 498.108 498.213 498.303 497.66 497.573 497.858 497.713 497.448 497.293 497.035 496.743 496.273 495.78 495.343 494.778 494.153 493.62 493.33 493.158 493.023 492.528 492.353 492.123 491.83 491.51 491.203 491.013 490.768 490.625 490.355 490.133 489.908 489.605 489.375 489.21 488.913 488.6 488.278 488.053 487.88 487.59 487.38 487.185 487.158 487.005 486.62 486.493 486.435 486.175 485.9 485.713 485.51 485.353 485.188 484.963 484.625 484.395 484.098 483.828 483.533 483.235 482.86
500.61 500.348 499.965 499.598 499.19 498.963 499.005 498.835 498.498 498.433 498.4 498.285 498.003 497.77 497.543 497.14 496.615 496.235 495.703 495.153 494.55 494.025 493.698 493.43 493.28 492.913 492.658 492.385 492.118 491.813 491.523 491.37 491.113 490.935 490.603 490.41 490.193 489.825 489.58 489.31 489.108 488.845 488.553 488.38 488.16 487.85 487.695 487.485 487.41 487.325 487.148 486.843 486.733 486.558 486.343 486.033 485.78 485.643 485.545 485.345 485.063 484.783 484.498 484.178 483.905 483.6 483.29
500.823 500.605 500.223 499.978 499.675 499.543 499.428 499.228 499.158 498.968 498.668 498.31 498.133 498.123 497.935 497.508 496.97 496.603 496.105 495.518 494.93 494.458 494.168 493.82 493.55 493.29 492.95 492.668 492.365 492.138 491.84 491.645 491.41 491.138 490.91 490.603 490.363 490.115 489.803 489.518 489.26 489.003 488.855 488.578 488.36 488.143 488 487.763 487.618 487.49 487.415 487.123 487.06 486.848 486.653 486.36 486.128 485.903 485.745 485.653 485.418 485.18 484.948 484.615 484.34 483.935 483.628
501.05 500.8 500.515 500.28 500.023 499.553 499.548 499.583 499.438 499.105 498.633 497.883 497.758 498.188 498.085 497.75 497.283 496.9 496.403 495.815 495.288 494.92 494.72 494.393 494.018 493.568 493.24 492.93 492.618 492.23 491.998 491.828 491.623 491.383 491.07 490.793 490.573 490.33 490.05 489.783 489.475 489.208 488.928 488.753 488.575 488.408 488.253 488.005 487.845 487.648 487.525 487.44 487.18 487.025 486.85 486.703 486.465 486.265 486.103 486.02 485.765 485.473 485.308 485.005 484.633 484.275 484.008
501.31 501.06 500.83 500.615 500.05 499.16 499.17 499.635 499.523 499.218 498.69 497.843 497.828 498.38 498.35 498.013 497.633 497.218 496.705 496.118 495.68 495.403 495.158 494.77 494.293 493.733 493.488 493.153 492.883 492.488 492.088 491.843 491.72 491.455 491.255 491.03 490.81 490.573 490.24 489.97 489.703 489.415 489.138 488.935 488.825 488.65 488.493 488.348 488.165 487.988 487.848 487.613 487.453 487.358 487.15 487.053 486.925 486.828 486.573 486.313 486.153 485.858 485.675 485.478 485.09 484.813 484.468
501.573 501.343 501.188 501.055 500.538 499.838 499.665 499.9 499.47 499.04 498.983 498.693 498.698 498.813 498.638 498.303 497.963 497.52 496.98 496.498 496.175 495.868 495.45 494.96 494.483 493.935 493.668 493.418 493.055 492.75 492.38 492.008 491.81 491.65 491.42 491.238 491.035 490.708 490.435 490.098 489.853 489.57 489.355 489.12 488.975 488.798 488.713 488.648 488.565 488.355 488.185 487.965 487.838 487.698 487.498 487.42 487.39 487.075 486.818 486.645 486.525 486.253 486.043 485.768 485.46 485.173 484.94
501.895 501.638 501.543 501.41 501.13 500.905 500.725 500.238 499.408 499.11 499.095 499.085 499.225 499.1 498.898 498.635 498.288 497.835 497.38 496.933 496.598 496.203 495.665 495.105 494.688 494.313 494.035 493.79 493.308 492.91 492.578 492.23 491.975 491.85 491.625 491.378 491.158 490.99 490.635 490.413 490.045 489.833 489.573 489.455 489.235 489.148 488.948 488.848 488.768 488.67 488.568 488.408 488.21 488.028 487.87 487.72 487.625 487.523 487.293 486.99 486.78 486.585 486.33 486.15 485.858 485.605 485.308
502.205 502.035 501.813 501.653 501.55 501.503 501.21 500.633 499.753 499.235 499.125 499.253 499.568 499.425 499.175 498.85 498.57 498.223 497.82 497.405 496.988 496.483 495.965 495.473 495.093 494.685 494.373 493.975 493.475 493.123 492.8 492.478 492.155 492 491.8 491.59 491.313 491.048 490.9 490.66 490.34 490.16 489.895 489.69 489.608 489.435 489.308 489.095 489.01 488.895 488.878 488.813 488.62 488.348 488.13 487.993 487.883 487.79 487.55 487.285 487.055 486.92 486.723 486.49 486.108 485.803 485.565
502.66 502.453 502.13 501.965 501.898 501.85 501.553 501.18 500.64 499.958 499.653 499.878 499.973 499.785 499.5 499.225 498.963 498.625 498.213 497.775 497.315 496.713 496.33 495.93 495.503 495.108 494.718 494.215 493.723 493.313 492.968 492.753 492.425 492.13 491.988 491.83 491.448 491.23 491.093 490.91 490.73 490.488 490.223 490.148 489.98 489.793 489.685 489.5 489.258 489.133 489.125 489.038 488.89 488.683 488.538 488.488 488.323 488.095 487.833 487.633 487.405 487.118 486.915 486.69 486.44 486.13 485.893
503.04 502.823 502.578 502.303 502.288 502.17 501.97 501.665 501.258 500.948 500.713 500.5 500.245 500.058 499.873 499.64 499.378 499.093 498.688 498.235 497.763 497.173 496.663 496.305 495.828 495.483 495.053 494.625 494.12 493.603 493.218 492.983 492.838 492.375 492.178 492.11 491.805 491.518 491.305 491.148 491.05 490.863 490.698 490.49 490.44 490.12 489.943 489.875 489.763 489.53 489.378 489.318 489.205 489.053 488.903 488.715 488.518 488.378 488.14 487.988 487.695 487.55 487.285 486.973 486.725 486.445 486.215
503.568 503.248 503.015 502.798 502.76 502.56 502.243 501.953 501.78 501.535 501.193 501.013 500.658 500.335 500.15 499.973 499.705 499.39 499.018 498.69 498.125 497.543 497.045 496.615 496.203 495.808 495.383 494.968 494.525 494.015 493.568 493.288 493.198 492.918 492.438 492.24 492.045 491.798 491.488 491.345 491.335 491.155 490.955 490.765 490.65 490.46 490.36 490.168 490.073 490.033 489.85 489.668 489.495 489.41 489.245 489.035 488.773 488.648 488.513 488.26 488.06 487.733 487.5 487.325 487.01 486.765 486.483
504.07 503.78 503.503 503.313 503.243 502.92 502.55 502.313 502.148 501.998 501.745 501.43 501.23 500.81 500.498 500.278 499.96 499.648 499.335 498.995 498.395 497.8 497.408 497.038 496.545 496.073 495.723 495.358 494.908 494.468 494.01 493.628 493.478 493.25 492.86 492.513 492.258 491.988 491.768 491.593 491.428 491.343 491.225 491.118 490.933 490.795 490.668 490.528 490.403 490.27 490.165 490.008 489.853 489.7 489.575 489.363 489.165 488.97 488.86 488.668 488.453 488.093 487.795 487.583 487.408 487.285 487.015
