20220701_namedtuples/mapdata/sd8975_DSM_2M.asc
ncols 500
nrows 500
xllcorner    389000
yllcorner    475000
cellsize     2
NODATA_value -9999
[rows 240 to 269 of 500, columns 201 to 267 of 500]
446.133 446.411 446.712 446.897 447.2 447.608 447.934 448.191 448.456 448.958 449.104 449.4 449.716 450.194 450.433 450.691 451.12 451.498 451.749 452.064 452.386 452.736 452.969 453.239 453.687 454.144 454.61 455.069 455.391 455.431 455.641 456.039 456.122 456.309 456.665 457.103 457.452 457.698 458.024 458.293 458.693 458.926 459.172 459.546 459.816 460.103 460.333 460.618 461.007 461.212 461.481 461.693 462.008 462.244 462.595 462.792 462.986 463.228 463.459 463.532 463.597 463.882 464.084 464.574 464.9 465.305 465.662
445.91 446.299 446.503 446.72 447.082 447.386 447.648 447.981 448.264 448.639 448.929 449.1 449.555 449.867 450.212 450.673 450.821 451.24 451.587 451.84 452.142 452.355 452.788 452.999 453.626 454.175 454.461 454.725 454.85 454.981 455.313 455.591 455.792 456.262 456.668 456.948 457.173 457.531 457.853 458.138 458.411 458.666 458.99 459.429 459.744 459.97 460.198 460.473 460.825 461.067 461.315 461.629 461.927 462.086 462.305 462.665 462.802 463.06 463.149 463.271 463.446 463.636 463.863 464.235 464.71 465.115 465.435
445.757 446.021 446.23 446.682 446.95 447.255 447.427 447.753 448.132 448.559 448.738 448.996 449.489 449.783 450.154 450.405 450.689 451.005 451.295 451.546 451.797 452.174 452.481 452.965 453.407 453.82 454.015 454.208 454.476 454.838 455.156 455.432 455.744 456.051 456.451 456.704 457.043 457.328 457.686 457.987 458.215 458.436 458.854 459.172 459.498 459.71 460.071 460.312 460.535 460.891 461.086 461.44 461.769 461.997 462.211 462.456 462.663 462.8 462.904 463.108 463.313 463.508 463.694 463.998 464.398 464.784 465.281
445.524 445.835 446.193 446.478 446.797 446.938 447.124 447.437 447.973 448.287 448.579 448.791 449.077 449.554 449.846 450.245 450.52 450.826 451.046 451.363 451.568 451.844 452.631 453.338 452.92 453.316 453.599 453.978 454.35 454.754 455.08 455.369 455.529 456.026 456.269 456.543 456.871 457.152 457.468 457.732 458.06 458.32 458.714 458.986 459.157 459.527 459.839 460.045 460.315 460.633 460.931 461.214 461.553 461.816 462.042 462.148 462.363 462.508 462.776 462.938 463.119 463.311 463.583 463.758 464.135 464.593 465.008
445.259 445.503 446.019 446.272 446.533 446.743 447.142 447.46 447.772 448.001 448.357 448.712 449.156 449.372 449.733 450.066 450.514 450.602 450.915 451.134 451.67 451.848 451.994 452.296 452.615 452.966 453.438 453.865 454.212 454.379 454.74 455.2 455.551 455.781 456.086 456.319 456.827 456.996 457.242 457.536 457.919 458.21 458.493 458.674 458.968 459.309 459.586 459.856 460.145 460.442 460.75 461.131 461.234 461.43 461.747 461.995 462.162 462.319 462.565 462.688 462.796 462.966 463.08 463.414 463.879 464.12 464.573
445.216 445.53 445.796 446.128 446.433 446.653 446.926 447.288 447.635 447.992 448.25 448.522 448.921 449.206 449.393 449.753 450.009 450.425 451.014 451.069 451.248 451.383 451.662 452.089 452.434 452.775 453.328 453.684 453.891 454.253 454.669 455.034 455.354 455.636 455.851 456.192 456.619 456.787 457.029 457.442 457.853 458.031 458.233 458.508 458.819 459.101 459.395 459.524 459.835 460.219 460.393 460.779 460.958 461.245 461.54 461.687 461.875 462.117 462.348 462.519 462.585 462.617 462.783 463.039 463.412 463.615 464.268
445.036 445.266 445.598 446.008 446.277 446.502 446.772 447.1 447.287 447.6 448.081 448.328 448.641 448.971 449.232 449.769 449.769 450.195 450.676 450.771 451.119 451.268 451.527 451.96 452.278 452.603 452.938 453.406 453.771 454.007 454.434 454.791 454.921 455.378 455.658 456.053 456.334 456.617 456.869 457.173 457.549 457.749 457.986 458.319 458.681 458.92 459.123 459.48 459.677 459.934 460.271 460.493 460.813 460.951 461.15 461.422 461.602 461.971 462.146 462.317 462.371 462.405 462.441 462.854 462.973 463.218 463.803
444.799 445.206 445.454 445.719 446.119 446.368 446.604 446.937 447.289 447.521 447.93 448.22 448.496 448.842 449.415 450.438 450.069 449.992 450.234 450.52 450.837 451.123 451.584 451.829 452.151 452.349 452.767 453.182 453.544 453.779 454.177 454.547 454.777 455.143 455.388 455.826 456.091 456.499 456.766 456.959 457.396 457.608 457.818 458.066 458.33 458.722 458.967 459.238 459.478 459.735 459.928 460.253 460.464 460.784 460.989 461.195 461.475 461.796 461.858 462.046 462.036 462.116 462.167 462.441 462.599 462.868 463.3
444.818 444.99 445.314 445.54 445.884 446.212 446.586 446.809 447.152 447.413 447.621 447.734 448.086 448.677 450.012 449.298 449.559 449.768 449.974 450.469 450.778 451.043 451.392 451.667 451.947 452.367 452.653 453.083 453.298 453.677 453.969 454.254 454.658 454.998 455.257 455.682 455.998 456.254 456.568 456.846 457.17 457.378 457.537 457.88 458.235 458.523 458.81 458.976 459.314 459.516 459.753 460.094 460.266 460.554 460.828 460.988 461.218 461.391 461.616 461.672 461.785 461.845 461.976 461.981 462.27 462.547 462.915
444.433 444.731 445.066 445.335 445.739 446.038 446.379 446.604 446.831 447.162 447.509 448.193 448.822 448.407 448.857 449.221 449.432 449.669 449.966 450.366 450.535 450.855 451.114 451.416 451.774 452.161 452.419 452.697 453.085 453.359 453.604 453.95 454.416 454.724 454.982 455.464 455.686 456.019 456.349 456.614 456.941 457.147 457.404 457.675 457.969 458.285 458.577 458.786 459.06 459.38 459.662 459.804 460.05 460.351 460.613 460.745 460.922 461.105 461.263 461.454 461.566 461.555 461.68 461.857 461.989 462.405 462.812
444.239 444.575 444.911 445.354 445.587 446.004 446.224 446.339 446.716 447.04 447.695 448.559 448.099 448.391 448.768 448.994 449.217 449.543 449.754 449.98 450.376 450.646 450.989 451.279 451.62 451.889 452.259 452.434 452.655 453.021 453.432 453.879 454.169 454.542 454.866 455.179 455.553 455.798 456.15 456.295 456.649 456.885 457.222 457.524 457.84 458.149 458.416 458.563 458.802 459.209 459.429 459.684 460.025 460.156 460.312 460.466 460.594 460.782 460.942 461.16 461.248 461.335 461.509 461.607 461.852 462.179 462.653
443.901 444.507 444.775 445.12 445.334 445.66 446.013 446.532 447.239 446.876 447.089 447.521 447.78 448.081 448.393 448.683 448.98 449.328 449.532 449.807 450.24 450.531 450.851 451.095 451.435 451.752 452.036 452.232 452.629 452.869 453.18 453.508 454.074 454.379 454.734 455.06 455.348 455.701 455.867 456.188 456.43 456.692 457.06 457.343 457.649 457.899 458.231 458.439 458.784 459.066 459.249 459.587 459.768 459.993 460.094 460.303 460.379 460.614 460.812 460.768 460.967 461.141 461.374 461.414 461.603 461.962 462.426
443.801 444.154 444.409 444.758 445.148 445.314 445.568 446.234 446.804 446.666 446.991 447.276 447.659 447.962 448.148 448.509 448.795 448.996 449.347 449.79 450.075 450.394 450.588 450.806 451.202 451.554 451.755 451.998 452.351 452.691 453.019 453.386 453.806 454.162 454.431 454.629 454.998 455.411 455.798 455.875 456.276 456.665 456.943 457.238 457.486 457.878 458.085 458.415 458.618 458.876 459.122 459.356 459.607 459.689 459.874 460.012 460.185 460.303 460.388 460.45 460.643 461.009 461.107 461.196 461.524 461.896 462.485
443.506 443.955 444.259 444.524 445.005 445.359 445.576 445.926 446.181 446.578 446.772 447.097 447.319 447.586 447.929 448.216 448.385 448.773 449.108 449.576 449.831 450.049 450.316 450.723 450.972 451.283 451.597 451.988 452.235 452.473 452.834 453.24 453.602 453.783 454.125 454.494 454.892 455.206 455.568 455.886 456.115 456.516 456.707 457.125 457.335 457.644 458.074 458.327 458.464 458.783 458.987 459.199 459.318 459.458 459.649 459.775 459.99 460.102 460.156 460.281 460.539 460.778 460.89 461.161 461.576 461.908 462.323
443.277 443.647 444.007 444.42 445.647 445.946 445.184 445.673 445.914 446.174 446.654 446.801 447.093 447.348 447.691 447.971 448.326 448.575 449.003 449.34 449.63 449.899 450.268 450.529 450.763 451.215 451.457 451.819 451.997 452.277 452.621 453.041 453.271 453.506 453.947 454.241 454.752 455.076 455.379 455.616 456.039 456.323 456.538 456.887 457.263 457.495 457.852 458.174 458.453 458.687 458.822 459.08 459.231 459.275 459.446 459.574 459.684 459.854 459.947 460.203 460.314 460.559 460.691 461.143 461.596 461.775 462.04
442.896 443.318 444.708 444.65 444.828 444.613 445.087 445.459 445.674 446.122 446.387 446.673 446.952 447.246 447.5 447.78 448.136 448.516 448.819 449.071 449.351 449.749 450.049 450.397 450.789 451.059 451.297 451.54 451.831 452.084 452.373 452.71 453.006 453.266 453.775 454.258 454.583 454.853 455.199 455.538 455.892 456.178 456.457 456.826 457.16 457.478 457.728 458.013 458.264 458.368 458.625 458.867 458.941 459.068 459.241 459.367 459.498 459.662 459.756 459.976 460.211 460.443 460.717 461.065 461.062 461.383 461.62
442.686 442.856 443.58 443.971 443.961 444.376 444.928 445.195 445.467 445.752 446.102 446.359 446.596 446.986 447.305 447.613 447.804 448.274 448.565 448.919 449.163 449.607 449.951 450.348 450.67 450.846 451.081 451.304 451.529 451.767 452.216 452.517 452.804 453.244 453.623 453.948 454.366 454.675 455.1 455.378 455.706 456.075 456.404 456.775 457.003 457.288 457.531 457.854 458.055 458.296 458.438 458.688 458.883 458.941 459.084 459.134 459.317 459.498 459.577 459.759 460.106 460.357 460.552 460.716 460.99 461.318 461.455
442.422 442.777 443.297 443.489 443.941 444.232 444.532 444.811 445.159 445.486 445.824 446.147 446.469 446.843 447.133 447.421 447.743 448.135 448.36 448.779 449.125 449.537 449.964 450.229 450.491 450.715 450.901 451.045 451.234 451.624 452.031 452.362 452.722 453.147 453.481 453.859 454.219 454.512 454.926 455.263 455.497 455.944 456.258 456.534 456.921 457.111 457.407 457.641 457.891 458.143 458.295 458.439 458.643 458.749 458.795 458.948 459.211 459.398 459.543 459.811 460.033 460.257 460.468 460.645 460.845 461.157 461.279
442.316 442.78 443.041 443.382 443.552 443.629 443.972 444.416 444.85 445.313 445.628 445.983 446.364 446.667 446.916 447.217 447.468 447.905 448.216 448.663 448.982 449.446 449.84 450.103 450.224 450.475 450.82 450.836 451.183 451.534 451.894 452.31 452.623 453.067 453.256 453.824 454.097 454.29 454.71 454.993 455.412 455.715 456.035 456.412 456.663 456.911 457.246 457.472 457.712 457.846 458.056 458.101 458.318 458.474 458.506 458.815 459.106 459.343 459.442 459.719 460.003 460.155 460.35 460.507 460.823 460.939 461.168
441.979 442.453 442.59 442.571 442.651 442.921 443.497 443.902 444.472 445.028 445.389 445.697 446.059 446.415 446.817 447.002 447.285 447.771 448.097 448.467 448.909 449.367 449.669 449.735 450.003 450.294 450.517 450.842 451.124 451.468 451.844 452.239 452.48 452.687 452.909 453.588 453.909 454.202 454.539 454.886 455.3 455.601 455.884 456.252 456.626 456.965 457.192 457.307 457.412 457.587 457.71 457.852 458.011 458.185 458.346 458.598 458.873 459.147 459.38 459.578 459.759 460.053 460.175 460.476 460.626 460.83 461.074
441.797 442.147 442.235 442.363 442.582 442.668 443.031 443.793 444.427 444.867 445.289 445.557 445.994 446.306 446.63 446.922 447.258 447.63 447.928 448.2 448.611 449.117 449.346 449.604 449.737 450.132 450.641 450.795 450.941 451.211 451.664 451.91 452.15 452.43 452.972 453.411 453.6 453.919 454.297 454.748 455.297 455.555 455.878 456.044 456.505 456.655 456.975 456.985 457.061 457.305 457.394 457.547 457.741 458.002 458.328 458.646 458.745 459.135 459.357 459.484 459.608 459.871 460.145 460.32 460.433 460.689 460.893
441.646 442.003 442.129 442.222 442.312 442.419 442.903 443.343 444.174 444.675 445.005 445.461 445.826 446.144 446.346 446.776 447.16 447.506 447.762 447.936 448.311 448.736 449.17 449.507 449.813 450.049 450.47 450.649 450.813 451.154 451.495 451.681 451.988 452.376 452.725 452.973 453.259 453.768 454.169 454.579 455.006 455.29 455.739 456.009 456.228 456.336 456.368 456.634 456.657 456.823 457.112 457.414 457.848 458.074 458.41 458.534 458.709 458.933 459.18 459.388 459.646 459.787 460.053 460.197 460.405 460.558 460.742
441.324 441.807 441.974 442.173 442.216 442.643 443.115 443.923 444.17 444.469 444.751 445.245 445.515 445.955 446.284 446.568 446.851 447.356 447.54 447.855 448.161 448.519 448.965 449.334 449.716 449.93 450.129 450.409 450.697 451.044 451.24 451.571 451.832 452.265 452.43 452.708 453.162 453.569 454.096 454.456 454.759 455.265 455.443 455.825 455.902 455.974 456.079 456.263 456.356 456.716 457.031 457.434 457.818 458.223 458.344 458.361 458.653 458.8 459.07 459.239 459.466 459.656 459.877 460.058 460.21 460.43 460.589
440.671 441.193 441.743 442.172 442.374 442.943 443.343 443.747 444.096 444.536 444.852 445.169 445.476 445.624 446.073 446.356 446.691 446.987 447.339 447.677 448.025 448.341 448.659 449.103 449.476 449.724 450.037 450.367 450.621 450.801 451.008 451.453 451.665 451.981 452.205 452.589 452.914 453.323 453.89 454.323 454.595 454.943 455.213 455.32 455.403 455.454 455.977 456.115 456.442 456.958 457.383 457.506 457.735 457.996 458.079 458.201 458.483 458.76 458.992 459.192 459.345 459.55 459.839 459.962 460.11 460.322 460.465
440.285 441.278 441.749 442.13 442.556 442.997 443.203 443.614 443.967 444.249 444.556 445.041 445.315 445.453 445.809 446.081 446.492 446.8 447.149 447.48 447.773 448.134 448.659 448.999 449.431 449.639 450.044 450.234 450.515 450.621 450.961 451.226 451.556 451.629 451.948 452.235 452.574 452.999 453.623 454.09 454.355 454.551 454.736 454.91 455.1 455.448 455.843 456.084 456.583 456.918 457.344 457.423 457.564 457.716 457.934 458.099 458.322 458.641 458.802 459.106 459.36 459.554 459.685 459.855 459.998 460.129 460.321
440.426 441.073 441.584 442.107 442.483 442.853 443.21 443.435 443.703 444.2 444.552 444.779 445.08 445.295 445.511 445.939 446.331 446.661 446.953 447.383 447.704 447.971 448.561 448.803 449.1 449.355 449.59 449.871 450.186 450.406 450.527 450.827 451.129 451.128 451.623 451.947 452.549 452.796 453.31 453.787 453.968 454.246 454.233 454.719 454.924 455.31 455.696 456.125 456.453 456.676 456.889 457.156 457.311 457.519 457.747 457.958 458.269 458.696 458.88 458.969 459.193 459.565 459.618 459.734 459.916 460.072 460.236
440.378 440.933 441.672 442.085 442.42 442.588 443.02 443.475 443.806 443.874 444.315 444.543 444.758 445.035 445.366 445.687 445.987 446.413 446.742 447.088 447.392 447.807 448.244 448.515 448.737 448.995 449.278 449.587 449.804 449.9 450.088 450.529 450.78 450.958 451.258 451.782 452.128 452.549 453.007 453.162 453.399 453.72 454.02 454.609 454.803 455.154 455.45 455.822 456.119 456.499 456.778 457.298 457.505 457.631 457.72 458.083 458.418 458.581 458.693 458.807 459.159 459.311 459.525 459.638 459.831 460.088 460.154
440.188 440.86 441.107 441.717 441.831 442.3 442.733 443.085 443.376 443.69 444.067 444.248 444.443 444.777 445.137 445.495 445.838 446.276 446.543 446.937 447.313 447.706 448.118 448.424 448.583 448.783 448.939 449.309 449.518 449.732 450.129 450.385 450.604 450.921 451.142 451.616 451.955 452.263 452.567 452.78 453.211 453.541 453.949 454.385 454.665 455.006 455.475 455.972 456.311 456.537 456.853 457.306 457.58 457.589 457.718 457.85 458.264 458.487 458.622 458.729 458.989 459.197 459.388 459.534 459.683 459.986 460.006
439.643 440.082 440.899 441.007 441.368 442.01 442.449 442.776 443.078 443.404 443.762 444.028 444.331 444.653 444.882 445.285 445.612 445.903 446.31 446.658 447.132 447.493 447.901 448.143 448.302 448.465 448.951 449.217 449.503 449.854 450.156 450.412 450.73 450.924 451.177 451.531 451.916 452.109 452.491 452.81 453.095 453.523 453.924 454.553 454.756 455.12 455.638 456.111 456.399 456.613 456.869 457.056 457.248 457.542 457.718 457.81 458.076 458.302 458.51 458.733 458.794 459.002 459.151 459.453 459.627 459.699 459.884
439.398 439.817 440.374 440.501 440.699 441.426 441.989 442.353 442.796 443.062 443.376 443.66 443.977 444.372 444.653 444.922 445.348 445.765 446.059 446.428 446.704 447.297 447.522 447.861 448.24 448.614 448.908 449.236 449.512 449.807 450.074 450.326 450.806 451.116 451.37 451.713 451.857 452.186 452.459 452.69 453.135 453.55 454.111 454.613 454.933 455.261 455.692 456.07 456.317 456.415 456.762 456.959 457.13 457.502 457.726 457.897 458.017 458.181 458.359 458.645 458.68 458.846 459.138 459.268 459.486 459.463 459.644
