20220701_namedtuples/mapdata/sd8978_DSM_2M.asc
ncols 500
nrows 500
xllcorner    389000
yllcorner    478000
cellsize     2
NODATA_value -9999
[rows 180 to 209 of 500, columns 335 to 401 of 500]
418.688 418.645 418.45 418.328 418.178 418.065 417.848 417.745 417.715 417.495 417.233 416.978 416.783 416.68 416.59 416.538 416.548 416.485 416.403 416.255 416.175 416.1 415.98 415.855 415.685 415.443 415.235 415.053 414.9 414.65 414.45 414.18 413.945 413.605 413.428 413.285 413.233 413.118 412.94 412.77 412.625 412.42 412.215 411.828 411.595 411.545 411.525 411.3 411.083 410.805 410.4 410.003 409.788 409.69 409.615 409.393 409.143 408.938 408.698 408.455 408.193 407.85 407.563 407.305 407.073 406.81 406.58
419.278 419.03 418.728 418.628 418.598 418.518 418.29 418.195 417.99 417.85 417.63 417.448 417.198 417.03 416.978 416.963 417.008 416.863 416.725 416.57 416.43 416.31 416.245 416.143 415.933 415.743 415.565 415.335 415.133 414.905 414.728 414.423 414.205 413.85 413.648 413.545 413.47 413.363 413.273 413.075 412.973 412.578 412.315 411.97 411.923 411.898 411.698 411.465 411.235 410.923 410.463 410.205 409.925 409.745 409.64 409.495 409.273 409.025 408.745 408.46 408.183 407.855 407.625 407.33 407.143 406.91 406.693
419.47 419.188 419.08 419.008 419.025 418.878 418.685 418.535 418.37 418.273 418.078 417.85 417.548 417.413 417.318 417.255 417.155 417.098 417.02 416.773 416.655 416.553 416.47 416.51 416.24 416.095 415.835 415.625 415.443 415.103 414.898 414.69 414.313 414.028 413.963 413.92 413.738 413.575 413.435 413.308 413.093 412.798 412.585 412.46 412.325 412.145 411.88 411.658 411.4 411.165 410.81 410.463 410.175 409.88 409.745 409.593 409.485 409.195 408.815 408.488 408.238 407.983 407.693 407.413 407.18 407.013 406.793
419.658 419.388 419.388 419.3 419.27 419.115 419.013 418.898 418.823 418.64 418.45 418.21 418.005 417.84 417.645 417.558 417.413 417.325 417.205 417.02 416.868 416.775 416.675 416.525 416.35 416.26 416.07 415.818 415.638 415.37 415.098 414.94 414.58 414.338 414.3 414.17 414.045 413.813 413.705 413.513 413.408 413.083 412.905 412.76 412.58 412.355 412.048 411.868 411.598 411.35 411.095 410.78 410.453 410.1 409.785 409.58 409.46 409.308 409.013 408.725 408.49 408.24 407.888 407.595 407.24 407.055 406.775
419.943 419.775 419.64 419.523 419.478 419.475 419.335 419.29 419.153 418.943 418.813 418.61 418.398 418.168 417.958 417.773 417.618 417.525 417.465 417.255 417.098 417.018 416.858 416.69 416.55 416.468 416.215 415.985 415.838 415.548 415.368 415.265 414.815 414.635 414.51 414.38 414.155 414.015 413.928 413.843 413.533 413.273 413.075 412.93 412.818 412.485 412.183 411.913 411.725 411.458 411.208 410.87 410.56 410.2 409.858 409.6 409.433 409.32 409.163 409 408.85 408.518 408.225 407.965 407.5 407.19 406.89
420.138 419.935 419.888 419.96 419.875 419.808 419.748 419.7 419.438 419.285 419.135 418.933 418.655 418.413 418.268 418.128 417.968 417.848 417.718 417.453 417.295 417.228 417.108 416.843 416.828 416.665 416.45 416.185 416.05 415.77 415.553 415.298 414.968 414.84 414.715 414.555 414.335 414.183 414.08 413.92 413.68 413.415 413.268 413.038 412.868 412.56 412.358 412.135 411.885 411.595 411.245 410.913 410.615 410.378 410.075 409.82 409.555 409.38 409.278 409.143 408.9 408.655 408.495 408.2 407.725 407.388 407.155
420.393 420.263 420.18 420.133 420.093 420.065 420.025 419.933 419.768 419.578 419.45 419.27 419.025 418.82 418.645 418.493 418.31 418.183 417.945 417.643 417.48 417.415 417.27 417.125 417.068 416.963 416.783 416.525 416.25 415.833 415.625 415.3 415.115 415.03 414.913 414.79 414.528 414.373 414.25 414.065 413.86 413.548 413.313 413.133 412.865 412.67 412.47 412.245 411.985 411.695 411.513 411.198 410.87 410.655 410.39 410.138 409.855 409.645 409.46 409.393 409.063 408.753 408.56 408.368 407.98 407.648 407.47
420.67 420.565 420.465 420.41 420.338 420.358 420.265 420.268 420.04 419.885 419.72 419.57 419.46 419.325 419.063 418.885 418.695 418.513 418.198 417.908 417.683 417.7 417.558 417.393 417.258 417.12 417.078 416.918 416.518 416.135 415.79 415.445 415.235 415.158 415.055 414.93 414.705 414.563 414.475 414.27 414.038 413.763 413.465 413.258 413.065 412.86 412.658 412.41 412.148 411.93 411.708 411.43 411.195 410.965 410.755 410.443 410.213 410.003 409.903 409.98 409.615 409.063 408.73 408.5 408.293 408.035 407.86
420.88 420.763 420.688 420.773 420.708 420.533 420.455 420.388 420.31 420.205 419.995 419.88 419.773 419.555 419.43 419.268 419.015 418.773 418.498 418.248 418.008 417.828 417.73 417.618 417.438 417.355 417.258 417.098 416.745 416.373 415.883 415.65 415.485 415.343 415.22 415.095 414.955 414.76 414.653 414.395 414.128 413.868 413.638 413.513 413.293 413.07 412.825 412.638 412.385 412.15 411.928 411.658 411.43 411.223 411.003 410.745 410.448 410.243 410.323 410.075 409.713 409.275 408.993 408.745 408.54 408.43 408.23
421.22 421.068 420.975 420.988 420.963 420.833 420.72 420.635 420.555 420.453 420.28 420.16 420.045 419.95 419.808 419.54 419.253 419.03 418.835 418.633 418.393 418.12 417.978 417.795 417.695 417.593 417.438 417.165 416.815 416.433 415.948 415.773 415.715 415.6 415.478 415.28 415.05 414.88 414.678 414.498 414.323 414.065 413.83 413.698 413.488 413.303 413.07 412.878 412.655 412.415 412.13 411.893 411.628 411.433 411.22 410.94 410.79 410.675 410.635 410.423 409.853 409.46 409.263 409.003 408.81 408.705 408.623
421.528 421.363 421.215 421.255 421.183 421.028 420.968 420.815 420.715 420.61 420.485 420.323 420.203 420.19 420.038 419.855 419.585 419.255 419.075 418.925 418.68 418.475 418.273 418.11 417.948 417.718 417.563 417.243 416.908 416.503 416.145 415.975 415.898 415.73 415.625 415.465 415.333 415.105 414.92 414.773 414.56 414.365 414.13 414.013 413.768 413.548 413.31 413.07 412.878 412.688 412.395 412.135 411.925 411.738 411.49 411.235 411.12 410.955 410.633 410.345 410 409.678 409.463 409.29 409.18 409.035 408.91
421.675 421.52 421.423 421.405 421.355 421.23 421.125 421.04 420.92 420.835 420.633 420.458 420.35 420.31 420.305 420.078 419.803 419.478 419.263 419.145 418.955 418.733 418.568 418.38 418.165 418.015 417.773 417.423 417.073 416.688 416.413 416.235 416.165 415.968 415.855 415.733 415.503 415.3 415.105 415.005 414.8 414.66 414.475 414.268 414.023 413.775 413.533 413.34 413.148 412.885 412.623 412.425 412.233 411.995 411.795 411.58 411.438 411.13 410.76 410.458 410.223 409.96 409.763 409.69 409.638 409.373 409.17
422.063 421.92 421.763 421.68 421.61 421.5 421.338 421.308 421.08 420.95 420.785 420.595 420.498 420.413 420.338 420.183 419.985 419.73 419.513 419.373 419.293 419.118 418.883 418.673 418.49 418.29 417.973 417.535 417.068 416.84 416.645 416.428 416.335 416.275 416.14 416.048 415.888 415.61 415.423 415.21 415.068 414.893 414.728 414.498 414.255 414.018 413.813 413.565 413.398 413.165 412.918 412.718 412.505 412.265 412.065 411.935 411.678 411.393 411.055 410.805 410.555 410.345 410.143 410.018 409.905 409.74 409.513
422.4 422.293 422.098 421.943 421.825 421.62 421.518 421.413 421.233 421.093 421.068 420.868 420.77 420.703 420.58 420.358 420.115 419.89 419.7 419.563 419.468 419.305 419.03 418.745 418.525 418.333 418.045 417.763 417.288 416.97 416.84 416.558 416.445 416.433 416.363 416.29 416.165 415.935 415.73 415.47 415.273 415.105 414.93 414.708 414.518 414.23 414.058 413.915 413.7 413.428 413.218 413.025 412.778 412.618 412.363 412.295 411.993 411.708 411.398 411.12 410.885 410.693 410.58 410.41 410.193 409.958 409.828
422.8 422.63 422.403 422.2 422.015 421.853 421.773 421.608 421.41 421.285 421.25 421.195 421.063 421.003 420.905 420.645 420.33 420.133 419.893 419.698 419.55 419.368 419.21 418.848 418.68 418.483 418.195 417.925 417.598 417.22 417.025 416.83 416.67 416.685 416.59 416.495 416.383 416.15 415.963 415.713 415.505 415.23 415.04 414.91 414.738 414.513 414.295 414.125 413.968 413.758 413.545 413.338 413.103 412.933 412.68 412.44 412.265 412.018 411.723 411.468 411.278 411.06 410.893 410.765 410.563 410.285 410.11
423.115 422.898 422.618 422.478 422.27 422.118 421.965 421.9 421.668 421.575 421.388 421.318 421.138 421.065 421.038 420.76 420.465 420.295 420.113 419.963 419.783 419.52 419.338 419.088 418.893 418.695 418.343 417.995 417.805 417.608 417.3 416.993 416.883 416.81 416.815 416.718 416.618 416.465 416.285 415.923 415.72 415.528 415.343 415.155 414.998 414.825 414.64 414.395 414.258 414.108 413.913 413.733 413.483 413.225 412.925 412.73 412.51 412.263 412.093 411.905 411.56 411.423 411.218 411.078 410.855 410.673 410.318
423.378 423.118 422.88 422.75 422.638 422.4 422.203 422.043 422 421.695 421.523 421.518 421.288 421.235 421.178 420.833 420.725 420.64 420.288 420.065 419.91 419.68 419.465 419.278 419.048 418.863 418.543 418.203 417.933 417.683 417.375 417.103 416.998 417.073 417.048 416.995 416.823 416.655 416.493 416.21 415.978 415.81 415.708 415.488 415.268 415.12 414.98 414.785 414.598 414.395 414.218 414.013 413.818 413.57 413.245 413.078 412.82 412.64 412.39 412.133 411.903 411.743 411.613 411.38 411.128 410.913 410.658
423.613 423.465 423.143 423 422.895 422.635 422.415 422.245 422.185 421.973 421.788 421.648 421.493 421.443 421.288 421.118 420.8 420.673 420.395 420.143 419.955 419.768 419.628 419.398 419.193 419.02 418.715 418.52 418.213 417.898 417.615 417.403 417.448 417.43 417.328 417.2 417.04 416.865 416.678 416.425 416.245 416.053 415.955 415.763 415.608 415.48 415.35 415.143 415.01 414.78 414.615 414.375 414.128 413.898 413.68 413.443 413.12 412.92 412.773 412.565 412.275 412.063 412.003 411.725 411.42 411.233 410.983
423.83 423.6 423.355 423.138 423.033 422.84 422.62 422.438 422.283 422.203 422.11 421.928 421.753 421.56 421.3 421.24 421.045 420.768 420.543 420.295 420.073 419.94 419.843 419.568 419.348 418.988 418.845 418.665 418.503 418.16 417.923 417.88 417.78 417.668 417.558 417.42 417.28 417.09 416.855 416.555 416.428 416.335 416.265 416.083 415.938 415.77 415.698 415.498 415.285 415.08 414.85 414.673 414.49 414.223 414.055 413.928 413.615 413.293 413.073 412.868 412.698 412.503 412.243 412.018 411.855 411.598 411.343
424.01 423.75 423.573 423.338 423.148 423.128 422.908 422.683 422.51 422.425 422.353 422.125 422.078 421.868 421.563 421.345 421.15 420.96 420.67 420.5 420.253 420.08 420.003 419.738 419.43 419.193 419.118 418.908 418.783 418.493 418.268 418.108 417.943 417.865 417.785 417.648 417.533 417.345 417.053 416.798 416.825 416.793 416.623 416.43 416.235 416.115 415.97 415.793 415.583 415.388 415.223 415.005 414.8 414.62 414.383 414.218 414.013 413.773 413.58 413.283 413.1 412.915 412.61 412.398 412.17 412.015 411.693
424.208 423.98 423.763 423.555 423.348 423.205 423.133 422.973 422.813 422.59 422.5 422.4 422.238 421.953 421.77 421.508 421.268 421.058 420.85 420.648 420.453 420.32 420.203 419.87 419.665 419.378 419.218 419.08 418.97 418.81 418.52 418.333 418.253 418.195 418.103 417.995 417.858 417.655 417.4 417.188 417.258 417.253 417.058 416.775 416.568 416.425 416.283 416.113 415.93 415.73 415.645 415.378 415.128 414.923 414.753 414.545 414.403 414.158 414.008 413.688 413.408 413.238 412.983 412.833 412.595 412.308 412.013
424.375 424.145 423.943 423.655 423.508 423.385 423.308 423.243 423.085 422.835 422.643 422.548 422.383 422.155 422.038 421.708 421.393 421.185 420.998 420.835 420.638 420.44 420.378 419.998 419.71 419.533 419.473 419.353 419.183 418.983 418.838 418.695 418.633 418.573 418.548 418.37 418.188 418.023 417.723 417.575 417.52 417.523 417.49 417.263 416.968 416.755 416.595 416.418 416.28 416.118 415.933 415.72 415.473 415.258 415.075 414.913 414.658 414.44 414.243 413.998 413.76 413.598 413.39 413.203 412.96 412.763 412.4
424.458 424.228 424.03 423.875 423.69 423.56 423.44 423.445 423.233 422.985 422.815 422.725 422.523 422.365 422.23 421.91 421.583 421.363 421.198 420.95 420.72 420.505 420.455 420.175 419.833 419.713 419.663 419.563 419.408 419.285 419.14 419.078 418.963 418.923 418.938 418.788 418.555 418.348 418.133 417.943 417.733 417.703 417.738 417.6 417.313 417.088 416.925 416.748 416.578 416.428 416.288 415.993 415.735 415.568 415.503 415.313 415.023 414.775 414.545 414.303 414.068 413.93 413.753 413.513 413.293 413.06 412.77
424.54 424.293 424.11 424.013 423.883 423.715 423.528 423.493 423.328 423.118 422.975 422.895 422.645 422.53 422.338 422.065 421.815 421.498 421.248 421.128 420.88 420.72 420.46 420.253 419.998 419.875 419.8 419.748 419.653 419.58 419.303 419.213 419.168 419.115 419.11 419.123 418.89 418.755 418.635 418.285 418.083 418.095 417.99 417.798 417.653 417.445 417.235 417.03 416.938 416.758 416.553 416.315 416.088 415.883 415.783 415.643 415.473 415.178 414.925 414.658 414.398 414.275 414.095 413.87 413.668 413.385 413.133
424.653 424.463 424.268 424.13 424.06 423.858 423.71 423.685 423.465 423.32 423.165 423.058 422.865 422.663 422.483 422.275 422.005 421.67 421.418 421.255 421.11 420.938 420.678 420.55 420.253 420.143 420.105 420.01 419.92 419.765 419.583 419.483 419.418 419.36 419.38 419.398 419.238 419.14 419.018 418.778 418.543 418.458 418.36 418.123 418.033 417.85 417.64 417.403 417.238 417.043 416.815 416.638 416.42 416.288 416.03 415.883 415.715 415.468 415.2 415 414.765 414.513 414.43 414.275 414.108 413.85 413.515
424.853 424.74 424.64 424.543 424.43 424.248 424.048 423.828 423.64 423.52 423.363 423.2 423.013 422.775 422.605 422.488 422.148 421.918 421.685 421.453 421.293 421.098 420.98 420.7 420.528 420.48 420.4 420.25 420.135 419.993 419.885 419.785 419.695 419.668 419.57 419.553 419.545 419.448 419.33 419.165 418.993 418.818 418.67 418.498 418.368 418.148 417.965 417.778 417.62 417.435 417.105 416.958 416.77 416.578 416.375 416.188 415.98 415.72 415.493 415.345 415.18 414.935 414.748 414.535 414.395 414.183 413.915
425.175 425.07 424.93 424.745 424.583 424.445 424.35 424.11 423.89 423.723 423.675 423.358 423.168 422.845 422.768 422.628 422.4 422.115 421.875 421.593 421.438 421.285 421.215 421.033 420.963 420.813 420.643 420.495 420.415 420.255 420.155 420.008 419.918 419.913 419.785 419.748 419.733 419.688 419.623 419.493 419.333 419.155 418.985 418.815 418.69 418.505 418.335 418.148 417.933 417.715 417.523 417.36 417.088 416.9 416.683 416.42 416.198 416.008 415.773 415.663 415.613 415.43 415.098 414.868 414.693 414.57 414.268
425.333 425.203 425.045 424.873 424.668 424.47 424.365 424.228 424.163 424.005 423.76 423.488 423.278 423.115 422.965 422.763 422.605 422.383 422.135 421.81 421.593 421.493 421.443 421.34 421.185 421 420.855 420.715 420.638 420.518 420.385 420.255 420.185 420.175 420.078 419.963 419.905 419.91 419.878 419.765 419.63 419.508 419.34 419.13 418.963 418.835 418.653 418.49 418.298 418.09 417.895 417.703 417.573 417.288 417.07 416.79 416.558 416.338 416.095 416.038 416.093 415.703 415.453 415.188 414.955 414.803 414.505
425.408 425.158 425.015 424.905 424.778 424.58 424.475 424.475 424.233 424.018 423.843 423.683 423.483 423.345 423.165 422.965 422.795 422.613 422.323 422.035 421.848 421.753 421.733 421.593 421.345 421.193 421.053 420.925 420.825 420.778 420.715 420.59 420.468 420.408 420.303 420.25 420.168 420.153 420.123 419.988 419.93 419.83 419.738 419.503 419.33 419.21 418.973 418.788 418.658 418.455 418.248 418.058 417.9 417.65 417.398 417.168 416.908 416.67 416.445 416.4 416.263 415.94 415.803 415.57 415.33 415.093 414.825
425.458 425.195 425.058 424.955 424.858 424.743 424.72 424.488 424.283 424.115 424.02 423.91 423.753 423.62 423.498 423.243 423.065 422.838 422.578 422.34 422.115 421.953 421.793 421.66 421.478 421.375 421.268 421.185 421.12 421.045 421.023 420.963 420.82 420.773 420.655 420.638 420.54 420.415 420.383 420.315 420.24 420.15 420.03 419.86 419.715 419.565 419.375 419.198 419.033 418.813 418.56 418.378 418.213 417.985 417.725 417.48 417.278 416.988 416.803 416.63 416.418 416.2 416.08 415.838 415.64 415.415 415.318
