20220701_namedtuples/mapdata/sd8979_DSM_2M.asc
ncols 500
nrows 500
xllcorner    389000
yllcorner    479000
cellsize     2
NODATA_value -9999
[rows 29 to 57 of 500, columns 402 to 468 of 500]
385.837 386.21 386.515 386.835 387.222 387.607 387.952 388.337 388.672 389.025 389.422 389.74 390.087 390.407 390.715 390.94 391.222 391.522 391.862 392.21 392.537 392.787 393.07 393.31 393.635 394.17 394.302 394.767 395.3 395.717 395.977 396.575 397.192 397.53 397.785 398.07 398.312 398.49 398.672 399.012 399.422 399.772 400.1 400.49 400.927 401.262 401.65 401.967 402.372 402.707 403.037 403.34 403.695 404.17 404.625 404.955 405.342 405.792 406.142 406.487 406.762 407.085 407.292 407.395 407.5 407.662 407.97
385.542 385.892 386.23 386.605 386.977 387.345 387.675 388.032 388.402 388.78 389.145 389.447 389.807 390.01 390.29 390.617 390.857 391.215 391.477 391.867 392.125 392.462 392.665 392.955 393.557 393.557 393.64 394.282 394.687 394.945 395.64 396.357 396.817 397.135 397.402 397.662 397.855 398.06 398.295 398.615 399.05 399.43 399.797 400.142 400.46 400.83 401.172 401.477 401.945 402.337 402.745 403.08 403.387 403.802 404.242 404.49 404.912 405.395 405.752 405.995 406.317 406.665 406.845 406.997 407.062 407.242 407.487
385.235 385.587 385.95 386.317 386.667 387.072 387.395 387.687 388.102 388.47 388.767 389.075 389.342 389.7 389.95 390.257 390.6 390.882 391.145 391.525 391.752 392.022 392.527 392.937 392.957 392.987 393.227 393.697 394.202 395.025 395.67 396.08 396.445 396.715 397.007 397.245 397.437 397.69 397.977 398.407 398.737 399.07 399.402 399.702 400.05 400.337 400.682 401.122 401.562 401.985 402.437 402.777 403.002 403.257 403.657 404.01 404.395 404.83 405.15 405.437 405.797 406.175 406.395 406.572 406.727 406.98 407.292
384.925 385.277 385.607 385.99 386.345 386.765 387.127 387.44 387.785 388.155 388.437 388.75 389.022 389.35 389.667 389.972 390.247 390.512 390.787 391.047 391.322 391.84 392.22 392.01 392.237 392.49 392.952 393.59 394.182 394.822 395.372 395.727 396.03 396.252 396.547 396.802 397.05 397.322 397.722 398.067 398.43 398.74 399.047 399.28 399.565 399.962 400.365 400.872 401.267 401.627 402.027 402.32 402.507 402.76 403.137 403.505 403.802 404.22 404.507 404.845 405.17 405.565 405.905 406.235 406.422 406.577 406.805
384.635 384.977 385.352 385.69 386.062 386.492 386.895 387.162 387.442 387.812 388.197 388.487 388.752 389.07 389.38 389.665 389.94 390.237 390.575 390.747 390.967 391.25 391.382 391.552 391.73 392.17 392.805 393.347 394.005 394.432 394.89 395.287 395.545 395.777 395.925 396.222 396.587 396.945 397.387 397.742 398.097 398.447 398.695 398.875 399.125 399.555 400.135 400.555 400.922 401.257 401.582 401.85 402.09 402.3 402.575 402.927 403.197 403.575 403.892 404.312 404.735 405.052 405.435 405.755 405.967 406.17 406.377
384.357 384.715 385.052 385.417 385.787 386.175 386.545 386.86 387.142 387.487 387.902 388.17 388.475 388.76 389.047 389.315 389.612 389.937 390.245 390.842 390.715 390.76 390.962 391.102 391.46 391.91 392.477 393.107 393.582 393.987 394.44 394.83 395.11 395.267 395.5 395.832 396.255 396.645 396.997 397.38 397.76 398.05 398.25 398.475 398.837 399.35 399.792 400.202 400.5 400.84 401.08 401.375 401.66 401.867 402.042 402.245 402.572 402.912 403.255 403.787 404.18 404.525 404.932 405.237 405.442 405.705 405.962
384.135 384.395 384.71 385.105 385.527 385.89 386.257 386.56 386.875 387.222 387.557 387.857 388.157 388.48 388.762 389.015 389.32 389.67 390.265 390.192 390.29 390.38 390.452 390.725 391.247 391.712 392.225 392.777 393.217 393.602 394.03 394.412 394.687 394.837 395.092 395.445 395.817 396.317 396.617 397.035 397.402 397.65 397.822 398.042 398.487 398.965 399.412 399.81 400.12 400.305 400.51 400.765 401.07 401.3 401.527 401.725 401.952 402.265 402.665 403.06 403.525 403.96 404.395 404.762 405.047 405.32 405.56
383.757 384.095 384.452 384.802 385.192 385.59 385.907 386.247 386.58 386.912 387.242 387.62 387.85 388.167 388.46 388.72 389.047 389.7 389.735 390.03 390.027 390.192 390.15 390.522 391.077 391.607 392.002 392.43 392.835 393.222 393.572 394 394.26 394.425 394.75 395.11 395.42 395.835 396.31 396.695 396.972 397.142 397.265 397.542 398.015 398.41 398.805 399.18 399.48 399.695 399.9 400.145 400.46 400.71 400.952 401.167 401.395 401.785 402.087 402.505 402.947 403.4 403.81 404.22 404.612 404.86 405.175
383.477 383.907 384.16 384.5 384.9 385.277 385.567 385.862 386.25 386.575 386.89 387.26 387.562 387.855 388.147 388.442 389.057 389.145 389.275 389.55 389.632 389.765 389.967 390.347 390.805 391.325 391.742 392.11 392.52 392.902 393.247 393.61 393.872 394.062 394.377 394.735 395.077 395.467 395.845 396.192 396.395 396.505 396.657 396.972 397.415 397.815 398.242 398.595 398.837 399.062 399.307 399.59 399.872 400.157 400.422 400.707 401.027 401.412 401.657 401.992 402.367 402.792 403.262 403.712 404.087 404.425 404.787
383.245 383.622 383.907 384.215 384.587 384.942 385.247 385.482 385.845 386.217 386.517 386.845 387.267 387.547 387.932 388.522 388.552 388.73 389.04 389.042 389.315 389.52 389.817 390.2 390.585 391.022 391.46 391.852 392.165 392.537 392.977 393.322 393.502 393.782 394.067 394.417 394.75 395.135 395.532 395.747 395.84 395.82 396.057 396.505 396.947 397.36 397.72 398.002 398.315 398.565 398.792 399.102 399.377 399.675 400.015 400.27 400.535 400.862 401.217 401.585 401.915 402.295 402.702 403.117 403.567 403.99 404.352
382.917 383.297 383.605 383.905 384.277 384.577 384.93 385.215 385.482 385.87 386.195 386.5 386.88 387.272 387.992 388.007 388.207 388.4 388.525 388.702 388.997 389.39 389.657 389.972 390.322 390.69 391.055 391.485 391.815 392.2 392.585 392.947 393.305 393.655 393.827 394.037 394.402 394.765 395.125 395.297 395.37 395.44 395.85 396.102 396.5 396.95 397.317 397.58 397.925 398.22 398.425 398.737 399.022 399.292 399.547 399.765 400.075 400.377 400.775 401.14 401.442 401.847 402.3 402.725 403.127 403.59 403.957
382.642 382.952 383.287 383.592 383.927 384.225 384.55 384.927 385.205 385.615 385.857 386.185 386.652 387.507 387.5 387.747 387.945 388.002 388.347 388.512 388.775 389.115 389.457 389.687 389.987 390.35 390.705 391.102 391.447 391.88 392.237 392.625 393.05 393.297 393.59 393.855 394.1 394.382 394.682 394.912 395.01 395.097 395.407 395.742 396.137 396.622 396.962 397.3 397.632 397.932 398.197 398.527 398.805 399.007 399.165 399.367 399.687 399.867 400.235 400.635 401.03 401.485 401.895 402.245 402.71 403.125 403.452
382.287 382.665 382.97 383.267 383.625 383.945 384.295 384.627 384.905 385.175 385.51 385.9 386.47 386.695 387.217 387.422 387.605 387.85 388.092 388.242 388.655 388.962 389.215 389.472 389.715 390 390.347 390.672 391.065 391.512 391.882 392.28 392.632 392.952 393.252 393.432 393.74 394.035 394.277 394.412 394.545 394.832 395.102 395.387 395.715 396.157 396.552 396.94 397.312 397.695 397.972 398.232 398.452 398.672 398.885 399.082 399.252 399.492 399.822 400.19 400.587 401.022 401.44 401.84 402.26 402.68 403.062
382.087 382.36 382.675 382.987 383.32 383.64 383.945 384.33 384.6 384.935 385.567 385.942 385.87 386.25 386.625 386.93 387.41 387.552 387.655 388.082 388.495 388.745 389.01 389.237 389.48 389.662 390.01 390.33 390.637 391.072 391.452 391.917 392.197 392.562 392.887 393.18 393.432 393.647 393.8 393.955 394.277 394.62 394.912 395.132 395.435 395.795 396.24 396.6 397.002 397.365 397.657 397.9 398.072 398.32 398.497 398.51 398.805 399.125 399.422 399.83 400.19 400.56 400.942 401.35 401.757 402.195 402.572
381.807 382.09 382.41 382.65 382.995 383.302 383.617 383.96 384.217 385.015 385.212 385.212 385.525 385.76 386.102 386.485 386.88 386.965 387.317 387.857 388.21 388.505 388.765 389.025 389.23 389.395 389.637 389.887 390.225 390.675 391.13 391.43 391.785 392.177 392.457 392.797 393.067 393.247 393.377 393.652 394.03 394.45 394.662 394.857 395.095 395.42 395.877 396.257 396.612 396.897 397.145 397.372 397.545 397.82 397.89 397.997 398.402 398.797 399.092 399.375 399.745 400.102 400.422 400.82 401.2 401.56 402
381.54 381.822 382.145 382.412 382.71 382.985 383.252 383.605 384.482 384.152 384.56 384.815 385.09 385.445 385.78 386.057 386.325 386.57 387.002 387.445 387.885 388.207 388.51 388.702 388.945 389.162 389.3 389.59 389.955 390.4 390.75 391.13 391.437 391.787 392.135 392.445 392.665 392.877 393.067 393.432 393.857 394.157 394.35 394.545 394.797 395.142 395.537 395.857 396.182 396.39 396.547 396.707 396.95 397.235 397.547 397.737 398.125 398.427 398.675 398.957 399.242 399.535 399.842 400.207 400.562 400.895 401.38
381.265 381.537 381.867 382.165 382.43 382.675 382.982 383.64 383.562 383.76 384.107 384.515 384.882 385.257 385.477 385.647 385.987 386.287 386.64 387.057 387.46 387.85 388.207 388.4 388.685 388.892 389.077 389.305 389.662 389.99 390.372 390.827 391.147 391.47 391.742 392.025 392.19 392.552 392.835 393.227 393.68 393.915 394.107 394.237 394.502 394.877 395.245 395.53 395.75 395.935 396.085 396.255 396.53 396.68 397.082 397.472 397.86 398.107 398.33 398.59 398.88 399.14 399.427 399.697 400.047 400.335 400.73
381.052 381.302 381.587 381.932 382.272 382.432 382.922 383.102 383.15 383.555 383.972 384.37 384.692 384.982 385.215 385.405 385.665 385.995 386.28 386.645 387.007 387.442 387.685 387.97 388.23 388.552 388.84 389.072 389.315 389.605 390.017 390.472 390.755 391.107 391.317 391.545 391.885 392.24 392.667 392.987 393.325 393.565 393.785 393.897 394.172 394.54 394.89 395.132 395.3 395.482 395.692 395.885 396.257 396.425 396.74 397.142 397.51 397.745 398.075 398.305 398.582 398.83 399.137 399.34 399.677 399.977 400.207
380.792 381.015 381.322 381.635 382.102 382.52 382.322 382.762 383.067 383.425 383.81 384.117 384.442 384.687 384.925 385.152 385.415 385.677 385.922 386.027 386.26 386.945 387.18 387.482 387.327 387.992 388.405 388.685 388.952 389.267 389.69 390.072 390.4 390.592 390.88 391.205 391.65 392 392.395 392.745 392.985 393.225 393.465 393.622 393.845 394.175 394.472 394.677 394.917 395.115 395.31 395.56 395.815 396.142 396.492 396.83 397.16 397.345 397.635 397.922 398.177 398.477 398.75 398.98 399.275 399.535 399.807
380.5 380.762 381.132 381.582 382.07 381.927 382.192 382.64 382.882 383.162 383.522 383.847 384.145 384.362 384.562 384.887 385.232 385.41 385.575 385.657 385.847 386.202 386.822 386.992 386.805 387.282 387.817 388.237 388.592 389.182 389.42 389.737 389.892 390.117 390.547 391.06 391.447 391.83 392.147 392.452 392.662 392.887 393.14 393.352 393.532 393.862 394.157 394.317 394.642 394.797 395.052 395.372 395.59 395.995 396.2 396.482 396.775 396.93 397.265 397.6 397.83 398.087 398.382 398.662 398.83 399.08 399.375
380.195 380.592 381.12 381.27 381.367 381.537 381.965 382.22 382.54 382.887 383.235 383.542 383.785 383.962 384.255 384.65 385.067 385.33 385.13 385.14 385.787 386.057 386.377 386.482 386.787 387.035 387.365 387.9 388.32 388.797 389.14 389.3 389.367 389.787 390.442 390.817 391.202 391.535 391.862 392.162 392.427 392.635 392.89 393.087 393.302 393.48 393.752 394 394.237 394.485 394.737 395.07 395.38 395.632 395.937 396.185 396.417 396.547 396.817 397.147 397.442 397.745 398.02 398.287 398.477 398.6 398.977
379.948 380.428 380.868 380.853 380.97 381.31 381.64 381.953 382.26 382.575 382.893 383.148 383.345 383.635 384.023 384.42 384.803 385.085 384.87 385.143 385.603 385.91 385.953 386.193 386.558 386.648 387.015 387.513 388.023 388.465 388.745 388.815 389.053 389.71 390.208 390.6 390.903 391.19 391.56 391.8 392.078 392.318 392.51 392.69 392.908 393.113 393.34 393.64 393.97 394.143 394.443 394.813 395.09 395.34 395.615 395.81 395.995 396.228 396.495 396.803 397.085 397.37 397.658 397.865 398.088 398.308 398.508
380.093 380.388 380.408 380.513 380.795 381.188 381.433 381.693 381.97 382.285 382.613 382.783 383.008 383.368 383.793 384.168 384.498 384.745 384.91 385.073 385.225 385.37 385.678 386.113 386.203 386.363 386.848 387.293 387.755 388.16 388.393 388.628 389.125 389.608 389.945 390.268 390.573 390.845 391.158 391.395 391.723 391.973 392.09 392.278 392.53 392.8 392.983 393.313 393.538 393.793 394.115 394.463 394.72 395.02 395.278 395.465 395.663 395.853 396.135 396.433 396.743 397.03 397.28 397.47 397.713 397.933 398.128
379.635 379.795 380.11 380.265 380.61 380.925 381.133 381.398 381.67 381.978 382.213 382.403 382.703 383.145 383.56 383.885 384.15 384.145 384.378 384.515 384.503 385.08 385.538 385.765 385.925 386.14 386.525 386.905 387.27 387.793 388.203 388.558 389.028 389.425 389.7 389.945 390.22 390.45 390.733 390.95 391.19 391.415 391.673 391.88 392.145 392.353 392.63 392.895 393.1 393.388 393.79 394.065 394.325 394.558 394.835 395.1 395.32 395.523 395.77 396.085 396.385 396.653 396.928 397.118 397.37 397.563 397.73
379.06 379.355 379.703 380.033 380.37 380.67 380.88 381.138 381.385 381.683 381.893 382.078 382.4 382.878 383.293 383.59 383.818 383.848 384.135 384.295 384.548 385.005 385.22 385.498 385.653 385.793 385.88 386.243 386.92 387.593 388.06 388.51 388.815 389.183 389.463 389.663 389.828 390.075 390.278 390.5 390.715 390.993 391.265 391.495 391.765 392.05 392.198 392.375 392.663 392.983 393.328 393.608 393.883 394.083 394.378 394.69 394.948 395.183 395.4 395.718 395.98 396.27 396.51 396.763 396.995 397.163 397.36
378.503 378.96 379.453 379.773 380.025 380.348 380.593 380.878 381.125 381.35 381.533 381.765 382.115 382.508 382.87 383.233 383.415 383.623 383.87 384.153 384.335 384.698 384.945 385.188 385.16 385.118 385.3 385.913 386.765 387.415 387.888 388.263 388.553 388.85 389.135 389.38 389.555 389.738 389.918 390.143 390.373 390.62 390.878 391.088 391.38 391.628 391.755 392.058 392.333 392.578 392.87 393.238 393.525 393.703 393.883 394.233 394.513 394.845 395.11 395.343 395.63 395.893 396.123 396.385 396.62 396.77 396.913
378.123 378.703 379.118 379.425 379.713 380.013 380.325 380.61 380.758 380.968 381.178 381.453 381.765 382.115 382.415 382.71 382.985 383.23 383.338 383.745 384.06 384.36 384.583 384.668 384.63 384.765 385.19 386.01 386.608 387.115 387.52 387.925 388.225 388.48 388.81 389.055 389.235 389.41 389.628 389.848 390.053 390.285 390.453 390.713 390.92 391.13 391.325 391.658 391.918 392.19 392.43 392.753 393.04 393.24 393.473 393.808 394.173 394.445 394.715 395.028 395.305 395.49 395.785 396.008 396.195 396.408 396.57
377.875 378.325 378.715 379.075 379.423 379.708 380.008 380.273 380.433 380.613 380.843 381.103 381.403 381.715 381.99 382.205 382.533 382.79 382.905 383.338 383.735 383.885 383.983 384.015 384.195 384.688 385.428 386.023 386.448 386.838 387.16 387.498 387.838 388.135 388.463 388.703 388.903 389.148 389.34 389.578 389.773 389.938 390.093 390.385 390.568 390.705 390.99 391.308 391.603 391.825 392.063 392.328 392.633 392.873 393.175 393.478 393.743 394.025 394.328 394.638 394.913 395.17 395.443 395.663 395.838 396.05 396.215
377.515 377.913 378.318 378.738 379.078 379.413 379.695 379.935 380.103 380.248 380.508 380.74 381.028 381.328 381.563 381.85 382.135 382.393 382.638 382.908 383.183 383.223 383.335 383.635 384.133 384.695 385.283 385.8 386.213 386.58 386.888 387.165 387.423 387.733 388.028 388.353 388.635 388.903 389.093 389.278 389.458 389.578 389.788 390.023 390.17 390.415 390.74 391.02 391.26 391.51 391.76 392.063 392.305 392.568 392.89 393.105 393.313 393.628 393.908 394.245 394.58 394.9 395.103 395.355 395.533 395.71 395.898
