20220701_namedtuples/mapdata/sd8975_DSM_2M.asc
ncols 500
nrows 500
xllcorner    389000
yllcorner    475000
cellsize     2
NODATA_value -9999
[rows 300 to 329 of 500, columns 134 to 200 of 500]
408.286 408.571 408.878 409.086 409.373 409.683 410.203 410.673 410.951 411.486 412.011 412.451 413.036 413.491 413.948 414.336 414.866 415.236 415.603 416.053 416.486 417.058 417.538 417.861 418.191 418.436 418.723 418.908 418.978 419.278 419.458 419.656 419.986 420.251 420.451 420.856 421.321 421.768 422.293 422.838 423.516 424.266 424.791 424.911 424.781 424.831 425.068 425.488 425.904 426.25 426.517 426.779 426.96 427.167 427.4 427.712 428.21 428.453 428.757 429.302 429.458 429.887 430.067 430.566 430.944 431.457 432.238
408.153 408.436 408.776 409.001 409.268 409.533 409.963 410.463 410.783 410.996 411.148 411.796 412.556 413.296 413.816 414.193 414.581 414.993 415.576 416.051 416.501 416.971 417.401 417.653 418.078 418.376 418.511 418.626 418.818 418.998 419.078 419.293 419.598 419.918 420.301 420.756 421.198 421.766 422.261 422.736 423.303 423.771 424.048 424.186 424.473 424.783 425.128 425.508 425.866 426.196 426.433 426.631 426.904 427.151 427.433 427.756 428.18 428.429 428.708 429.02 429.547 429.794 429.871 430.099 430.425 431.223 431.669
408.086 408.338 408.611 408.888 409.166 409.463 409.873 410.443 410.926 410.771 410.631 411.286 412.261 413.096 413.591 413.971 414.378 414.868 415.301 415.816 416.236 416.718 417.076 417.368 417.878 418.128 418.281 418.258 418.448 418.543 418.663 419.003 419.471 419.831 420.263 420.851 421.166 421.716 422.288 422.611 422.991 423.308 423.626 424.036 424.543 424.863 425.208 425.446 425.776 426.122 426.443 426.679 426.916 427.209 427.457 427.748 428.025 428.229 428.629 428.982 429.292 429.438 429.913 429.947 430.176 430.626 431.579
407.986 408.211 408.433 408.756 409.091 409.611 409.926 410.326 410.821 411.053 411.048 411.656 412.346 412.976 413.516 413.936 414.258 414.666 414.926 415.501 415.956 416.273 416.746 417.173 417.646 417.996 417.771 417.866 418.068 418.326 418.658 418.983 419.403 419.836 420.231 420.656 421.091 421.591 421.923 422.346 422.703 423.126 423.808 424.173 424.643 425.038 425.533 425.683 425.833 426.051 426.444 426.742 426.946 427.099 427.246 427.631 427.867 428.282 428.472 428.728 429.041 429.41 429.712 429.888 430.131 430.346 431.162
407.853 408.053 408.243 408.523 408.936 409.386 409.786 410.206 410.658 410.986 411.193 411.456 412.133 412.938 413.446 413.801 414.136 414.413 414.713 415.248 415.621 415.976 416.478 416.948 417.351 417.223 417.296 417.738 418.066 418.331 418.723 419.118 419.421 419.783 420.133 420.361 420.786 421.263 421.613 422.193 422.801 423.251 423.903 424.258 424.788 425.136 425.501 425.691 425.953 426.048 426.359 426.601 426.869 427.039 427.16 427.403 427.596 427.923 428.329 428.632 428.897 429.321 429.606 429.899 429.975 430.395 430.894
407.693 407.931 408.003 408.278 408.701 409.131 409.483 409.968 410.368 410.693 410.973 411.328 411.918 412.746 413.241 413.541 413.901 414.213 414.446 414.976 415.251 415.753 416.193 416.438 416.496 416.793 417.203 417.706 418.003 418.283 418.698 419.093 419.348 419.656 419.921 420.133 420.561 421.123 421.756 422.261 422.758 423.303 423.653 424.081 424.591 424.991 425.306 425.711 425.811 426.106 426.336 426.53 426.648 426.92 427.207 427.349 427.581 427.907 428.203 428.517 428.761 429.191 429.464 429.704 429.768 430.262 430.816
407.553 407.828 407.953 408.166 408.413 408.841 409.183 409.666 410.066 410.541 410.921 411.331 411.953 412.538 413.051 413.386 413.688 413.938 414.316 414.566 414.903 415.298 415.601 415.731 416.126 416.658 417.118 417.648 417.968 418.291 418.651 418.886 419.286 419.536 419.626 420.031 420.511 421.063 421.593 422.036 422.533 423.041 423.431 423.866 424.221 424.573 425.043 425.393 425.738 426.113 426.163 426.281 426.607 426.906 427.165 427.356 427.684 427.792 428.147 428.402 428.583 429.098 429.363 429.608 429.781 430.167 430.344
407.366 407.713 408.083 407.941 408.178 408.586 408.998 409.468 409.951 410.373 410.983 411.323 411.736 412.288 412.783 413.101 413.333 413.616 413.988 414.363 414.571 414.793 414.976 415.411 416.011 416.653 417.303 417.646 417.861 418.173 418.591 418.811 419.041 419.076 419.643 420.111 420.448 420.968 421.313 421.646 422.126 422.738 423.186 423.576 423.948 424.433 424.833 425.296 425.523 425.796 426.033 426.176 426.545 426.77 427.011 427.269 427.581 427.784 427.946 428.35 428.585 428.918 429.084 429.353 429.803 430.022 430.168
407.206 407.546 408.106 408.106 408.283 408.541 408.876 409.378 409.926 410.343 410.676 411.093 411.398 411.958 412.416 412.756 413.118 413.401 413.711 414.161 414.096 414.273 414.686 415.403 416.026 416.578 416.958 417.381 417.748 418.078 418.338 418.331 418.698 419.273 419.743 419.991 420.241 420.671 421.031 421.248 421.731 422.221 422.791 423.148 423.661 424.136 424.616 424.968 425.358 425.696 426.001 426.306 426.451 426.674 426.978 427.186 427.396 427.715 427.917 428.301 428.439 428.904 428.943 429.209 429.405 429.917 429.908
406.678 407.533 407.951 408.351 408.546 408.596 408.848 409.316 409.723 410.108 410.468 410.806 411.218 411.588 411.973 412.221 412.711 412.981 413.396 413.523 413.506 413.816 414.403 415.058 415.583 416.068 416.748 417.313 417.661 417.893 417.926 418.361 418.886 419.126 419.376 419.598 419.866 420.223 420.586 421.073 421.538 421.981 422.441 422.828 423.418 423.876 424.308 424.683 425.113 425.448 426.028 426.201 426.361 426.534 426.807 427.11 427.427 427.703 428.053 428.284 428.419 428.634 428.839 429.036 429.294 429.601 429.857
406.853 407.343 407.918 408.186 408.321 408.518 408.751 409.061 409.373 409.926 410.228 410.631 410.981 411.333 411.586 411.876 412.171 412.498 412.781 413.051 413.298 413.736 414.326 414.931 415.391 415.868 416.586 416.951 417.151 417.266 417.681 418.306 418.566 418.863 419.078 419.331 419.701 420.091 420.533 421.008 421.398 421.936 422.251 422.641 423.146 423.643 424.048 424.588 424.933 425.293 425.731 426.113 426.311 426.486 426.709 427.046 427.311 427.648 427.99 428.21 428.317 428.571 428.67 428.887 429.124 429.227 429.53
406.783 407.141 407.646 407.903 408.113 408.373 408.631 408.943 409.326 409.768 410.161 410.548 410.886 411.148 411.376 411.616 411.858 412.093 412.438 412.886 413.193 413.628 414.346 414.793 415.043 415.466 415.913 416.226 416.473 417.046 417.671 418.016 418.346 418.616 418.906 419.321 419.701 420.123 420.446 420.821 421.273 421.601 421.998 422.536 422.923 423.388 423.921 424.413 424.698 425.186 425.558 425.886 426.158 426.406 426.643 427.01 427.27 427.573 427.9 428.026 428.234 428.441 428.554 428.692 428.852 429.168 429.329
406.521 406.971 407.383 407.613 407.833 408.193 408.561 408.931 409.303 409.706 410.108 410.453 410.766 410.976 411.161 411.301 411.541 411.938 412.271 412.753 413.081 413.401 413.888 414.066 414.233 414.843 415.191 415.701 416.341 416.968 417.423 417.821 418.196 418.541 418.821 419.201 419.551 419.938 420.256 420.666 421.026 421.486 421.996 422.438 422.888 423.356 423.713 424.071 424.451 424.843 425.316 425.676 425.943 426.296 426.623 426.97 427.152 427.365 427.698 427.877 428.119 428.318 428.36 428.538 428.724 428.92 429.186
406.183 406.611 407.026 407.323 407.726 408.148 408.503 408.908 409.346 409.626 410.136 410.301 410.496 410.641 410.853 411.136 411.591 411.868 412.126 412.531 412.773 413.221 413.551 413.873 414.476 414.751 415.476 416.033 416.416 416.993 417.481 417.926 418.153 418.531 418.953 419.186 419.463 419.691 420.033 420.561 420.943 421.431 421.821 422.266 422.678 423.173 423.411 423.818 424.281 424.706 425.156 425.456 425.763 426.028 426.461 426.778 427.069 427.319 427.477 427.76 427.964 428.064 428.236 428.4 428.614 428.833 429.075
405.853 406.316 406.836 407.443 407.716 408.168 408.556 408.868 409.228 409.568 409.866 410.073 410.241 410.378 410.788 411.233 411.593 412.013 412.543 412.903 413.208 413.713 414.061 414.443 414.831 415.078 415.543 416.116 416.493 416.901 417.278 417.691 418.043 418.431 418.801 419.153 419.348 419.643 419.883 420.478 420.778 421.168 421.581 422.033 422.381 422.886 423.103 423.526 423.948 424.333 424.853 425.313 425.578 425.786 426.273 426.636 426.957 427.049 427.307 427.578 427.775 427.875 428.106 428.375 428.5 428.76 428.946
405.716 406.331 406.871 407.288 407.723 408.018 408.331 408.501 408.833 409.298 409.681 409.613 409.876 410.528 411.153 411.548 411.876 412.353 412.726 413.033 413.336 413.666 414.161 414.528 414.886 415.176 415.438 415.886 416.333 416.696 416.956 417.533 417.953 418.406 418.693 418.981 419.338 419.573 419.916 420.233 420.593 421.003 421.333 421.753 422.096 422.526 422.903 423.236 423.658 424.041 424.483 424.908 425.316 425.651 425.936 426.288 426.613 426.947 427.285 427.479 427.625 427.807 427.97 428.223 428.36 428.643 428.783
405.591 406.243 406.776 407.213 407.533 407.821 407.831 407.781 408.206 408.636 408.911 409.421 410.258 410.906 411.246 411.648 412.026 412.426 412.621 412.916 413.098 413.441 413.918 414.438 414.793 414.893 415.058 415.578 416.051 416.503 416.786 417.396 417.783 418.096 418.463 418.881 419.283 419.466 419.746 419.963 420.338 420.706 421.181 421.508 421.828 422.216 422.663 422.973 423.413 423.806 424.193 424.636 425.116 425.413 425.623 425.963 426.331 426.771 427.08 427.435 427.569 427.576 427.754 427.939 428.202 428.453 428.763
405.438 406.013 406.421 406.818 407.161 407.348 407.201 407.541 407.823 408.243 409.171 409.931 410.498 410.951 411.246 411.601 411.693 412.206 412.468 412.651 412.926 413.228 413.726 414.188 414.558 414.818 415.206 415.596 415.916 416.353 416.638 416.831 417.236 417.741 418.188 418.731 418.983 419.416 419.613 419.888 420.183 420.641 421.033 421.321 421.566 421.871 422.308 422.691 423.111 423.438 423.961 424.266 424.706 425.118 425.431 425.793 426.146 426.333 426.735 427.015 427.121 427.253 427.567 427.84 428.148 428.446 428.679
405.173 405.656 405.983 406.208 406.431 406.483 407.233 407.858 408.351 408.913 409.578 410.066 410.538 410.858 411.088 411.381 411.593 411.943 412.351 412.613 412.816 413.118 413.516 413.986 414.386 414.758 415.178 415.491 415.631 415.788 416.161 416.398 416.808 417.446 417.988 418.411 418.763 419.158 419.443 419.826 420.001 420.416 420.668 420.936 421.266 421.523 422.021 422.563 422.841 423.163 423.541 423.906 424.516 424.931 425.286 425.553 425.801 426.003 426.276 426.546 426.878 427.233 427.599 427.833 428.046 428.275 428.538
404.751 405.191 405.371 405.338 406.016 406.948 407.688 408.191 408.731 409.173 409.536 409.838 410.276 410.753 410.991 411.351 411.538 411.668 412.111 412.476 412.733 413.028 413.306 413.741 414.211 414.626 415.023 415.298 415.076 414.796 415.221 416.183 416.826 417.048 417.301 418.063 418.518 418.971 419.286 419.553 419.811 420.208 420.471 420.771 421.136 421.373 421.856 422.198 422.536 422.893 423.298 423.678 424.173 424.713 425.213 425.393 425.586 425.766 426.063 426.463 426.871 427.339 427.646 427.756 427.94 428.12 428.483
404.383 404.301 404.841 405.718 406.611 407.238 407.683 408.178 408.613 408.903 409.156 409.353 409.818 410.451 410.873 411.243 411.538 411.668 411.806 412.213 412.586 412.878 413.146 413.528 414.031 414.416 414.826 415.061 414.848 414.338 414.788 415.721 416.513 416.936 417.236 417.743 418.168 418.618 419.001 419.463 419.693 420.078 420.403 420.646 420.938 421.213 421.493 421.886 422.308 422.693 423.196 423.588 424.001 424.483 424.708 425.043 425.441 425.778 426.173 426.533 426.856 427.231 427.409 427.486 427.696 428.02 428.359
403.593 404.341 405.303 406.133 406.658 407.123 407.516 407.921 408.286 408.571 408.911 409.086 409.556 410.253 410.691 411.061 411.371 411.618 411.721 411.986 412.421 412.823 412.981 413.263 413.786 414.256 414.761 415.048 415.148 414.781 414.986 415.873 416.363 416.688 417.036 417.263 417.823 418.261 418.743 419.148 419.543 419.963 420.236 420.636 420.741 421.013 421.338 421.698 422.111 422.628 422.951 423.423 423.673 423.958 424.296 424.873 425.353 425.738 426.206 426.441 426.596 426.715 426.948 427.274 427.557 427.912 428.213
403.973 404.693 405.328 405.911 406.423 406.946 407.236 407.631 408.043 408.478 408.798 409.083 409.446 410.008 410.453 410.896 411.146 411.433 411.603 411.788 412.293 412.483 412.853 413.211 413.706 414.183 414.716 415.143 415.381 415.276 415.398 415.903 416.271 416.628 417.016 417.003 417.311 417.758 418.468 418.991 419.496 419.811 420.103 420.376 420.591 420.888 421.233 421.641 422.076 422.378 422.701 423.046 423.331 423.766 424.386 424.953 425.191 425.436 425.673 425.906 426.291 426.556 426.843 427.217 427.547 428.033 428.295
404.031 404.631 405.071 405.566 406.051 406.551 407.061 407.481 407.858 408.276 408.656 409.001 409.486 409.793 410.253 410.696 410.951 411.358 411.601 411.723 412.003 412.296 412.761 413.176 413.621 414.066 414.496 414.873 415.136 415.373 415.588 415.966 416.543 416.828 416.731 416.811 416.918 417.196 417.908 418.666 419.201 419.586 419.996 420.286 420.461 420.843 421.233 421.583 421.906 422.156 422.526 422.916 423.496 424.066 424.393 424.578 424.631 425.008 425.566 426.026 426.153 426.408 426.709 427.155 427.555 428.065 428.462
403.586 404.276 404.723 405.186 405.691 406.286 406.841 407.236 407.676 408.061 408.313 408.956 409.211 409.411 409.993 410.396 411.088 411.363 411.696 411.858 411.943 412.153 412.613 413.098 413.521 413.911 414.241 414.608 414.988 415.423 415.756 415.913 416.363 416.798 416.851 416.856 416.876 417.086 417.631 418.348 419.016 419.676 419.878 420.083 420.356 420.841 421.226 421.358 421.878 422.188 422.641 423.066 423.468 423.741 423.848 424.098 424.493 424.903 425.233 425.723 426.246 426.551 426.743 427.115 427.639 428.054 428.372
403.096 403.813 404.421 404.936 405.528 406.076 406.533 406.983 407.426 407.791 408.141 408.601 408.866 409.211 409.603 410.313 410.781 411.346 411.731 411.888 411.883 411.973 412.386 412.881 413.338 413.641 413.993 414.541 414.941 415.303 415.648 415.873 416.013 416.443 416.926 416.976 417.048 417.218 417.758 418.278 418.831 419.538 419.773 419.953 420.281 420.723 420.986 421.303 421.858 422.181 422.381 422.658 422.963 423.336 423.841 424.226 424.378 424.686 425.296 425.908 426.251 426.438 426.836 427.25 427.59 427.844 428.218
402.858 403.436 404.046 404.603 405.313 405.768 406.291 406.688 407.113 407.471 407.903 408.373 408.801 409.128 409.583 410.066 410.538 411.043 411.486 411.683 411.753 411.893 412.271 412.753 413.093 413.423 413.788 414.316 414.626 415.031 415.396 415.611 415.903 416.368 416.768 417.061 417.353 417.651 418.048 418.456 418.823 419.306 419.686 419.858 420.101 420.388 420.616 421.018 421.363 421.731 422.318 422.776 423.156 423.396 423.726 423.978 424.286 424.758 425.238 425.641 426.058 426.501 426.803 427.066 427.401 427.667 428.088
402.563 403.038 403.703 404.271 404.901 405.468 405.966 406.413 406.978 407.426 407.788 408.241 408.603 408.918 409.371 409.776 410.203 410.693 411.086 411.291 411.576 411.871 412.206 412.633 412.971 413.386 413.643 414.013 414.386 414.748 415.141 415.538 415.751 416.136 416.418 416.866 417.393 417.811 418.148 418.483 418.896 419.288 419.566 419.683 419.856 420.061 420.298 420.851 421.481 421.871 422.386 422.793 423.208 423.636 423.698 423.931 424.263 424.736 425.138 425.631 426.106 426.443 426.746 426.996 427.302 427.612 428.049
402.231 402.893 403.526 403.998 404.488 405.116 405.598 406.173 406.681 407.246 407.721 408.041 408.426 408.823 409.116 409.521 409.823 410.321 410.718 411.056 411.213 411.503 411.873 412.393 412.853 413.186 413.438 413.721 414.108 414.611 414.958 415.378 415.776 416.056 416.306 416.701 417.056 417.523 418.056 418.483 418.871 419.186 419.423 419.506 419.523 419.813 420.288 420.946 421.253 421.748 422.223 422.731 423.178 423.356 423.558 424.028 424.328 424.623 424.986 425.463 425.958 426.306 426.656 427.006 427.278 427.507 427.778
401.796 402.631 403.241 403.673 404.111 404.746 405.403 405.893 406.543 407.036 407.463 407.998 408.316 408.568 408.968 409.198 409.546 410.091 410.526 410.768 410.811 410.973 411.398 411.873 412.326 412.623 412.833 413.341 413.931 414.393 414.793 415.131 415.458 415.806 416.191 416.593 416.963 417.463 417.991 418.298 418.636 418.753 418.696 418.941 419.618 419.993 420.311 420.698 421.176 421.698 422.201 422.533 422.766 423.211 423.608 423.953 424.263 424.636 424.996 425.276 425.728 426.083 426.526 426.758 426.993 427.206 427.503
