20220701_namedtuples/mapdata/sd8979_DSM_2M.asc
ncols 500
nrows 500
xllcorner    389000
yllcorner    479000
cellsize     2
NODATA_value -9999
[rows 435 to 463 of 500, columns 268 to 334 of 500]
352.879 352.639 352.399 352.182 351.979 351.867 351.752 351.627 351.537 351.327 351.119 350.884 350.664 350.452 350.162 349.999 349.744 349.397 349.187 348.977 348.394 347.922 347.752 347.804 347.754 347.227 346.999 346.852 346.657 346.407 346.262 346.162 346.067 345.814 345.572 345.384 345.024 344.587 344.227 343.907 343.572 343.202 342.777 342.397 341.934 341.449 341.034 340.664 340.339 339.909 339.542 339.147 338.854 338.692 338.544 338.427 338.024 337.592 337.157 336.799 336.492 336.122 335.919 335.589 335.122 334.774 334.339
353.212 353.019 352.744 352.557 352.354 352.192 352.097 351.979 351.854 351.584 351.314 351.127 350.874 350.597 350.364 350.227 350.059 349.707 349.424 349.234 349.019 348.624 348.122 348.194 348.137 347.944 347.562 347.477 347.204 347.029 346.919 346.779 346.602 346.404 346.142 345.947 345.604 345.304 344.967 344.529 344.124 343.737 343.347 343.004 342.504 341.884 341.432 341.014 340.554 340.092 339.752 339.429 339.034 338.847 338.759 338.717 338.739 338.362 337.787 337.224 336.864 336.502 336.344 336.147 335.807 335.422 334.884
353.537 353.329 353.097 352.892 352.702 352.529 352.432 352.309 352.192 351.932 351.639 351.389 351.157 350.902 350.677 350.549 350.337 350.069 349.782 349.572 349.409 349.292 349.184 348.827 348.584 348.357 348.107 347.922 347.794 347.647 347.544 347.409 347.219 346.972 346.722 346.439 346.204 345.852 345.499 345.107 344.689 344.352 343.967 343.514 342.959 342.329 341.914 341.469 340.997 340.467 339.979 339.672 339.327 339.092 338.902 338.839 338.812 338.644 338.204 337.632 337.302 337.004 336.717 336.569 336.299 336.029 335.639
353.894 353.624 353.397 353.209 353.024 352.937 352.774 352.562 352.424 352.224 351.937 351.639 351.404 351.157 350.972 350.759 350.537 350.304 350.139 349.922 349.709 349.704 349.599 349.307 349.077 348.824 348.647 348.417 348.329 348.202 348.062 347.957 347.784 347.514 347.294 347.057 346.819 346.504 345.969 345.499 345.142 344.754 344.372 343.952 343.487 342.912 342.452 342.022 341.557 341.002 340.467 339.967 339.589 339.317 339.122 338.994 338.892 338.702 338.452 338.099 337.892 337.589 337.134 336.922 336.697 336.519 336.347
354.172 353.899 353.694 353.472 353.339 353.314 353.192 352.924 352.732 352.509 352.227 351.972 351.687 351.449 351.232 351.047 350.787 350.574 350.467 350.239 350.084 350.004 349.932 349.649 349.467 349.254 349.077 348.887 348.847 348.742 348.624 348.509 348.354 348.124 347.884 347.647 347.387 347.037 346.514 345.934 345.572 345.152 344.777 344.394 343.967 343.519 343.014 342.552 342.129 341.462 340.822 340.267 339.889 339.634 339.399 339.184 339.019 338.867 338.734 338.584 338.442 338.274 337.697 337.262 337.102 337.037 336.882
354.539 354.227 354.022 353.872 353.704 353.662 353.569 353.327 353.089 352.789 352.504 352.227 352.019 351.762 351.549 351.332 351.104 350.867 350.727 350.577 350.494 350.342 350.272 350.134 349.914 349.717 349.492 349.399 349.414 349.377 349.082 349.007 348.869 348.654 348.404 348.189 347.937 347.549 347.119 346.647 346.157 345.722 345.312 344.887 344.417 344.019 343.619 343.162 342.709 342.052 341.264 340.657 340.214 339.949 339.647 339.399 339.244 339.099 339.039 338.944 338.787 338.739 338.279 337.784 337.617 337.544 337.514
354.904 354.632 354.417 354.242 354.152 354.089 353.897 353.679 353.419 353.092 352.749 352.482 352.332 352.062 351.864 351.637 351.414 351.237 351.079 350.844 350.784 350.707 350.524 350.377 350.272 350.074 349.917 349.929 349.917 349.874 349.652 349.514 349.359 349.167 348.892 348.692 348.417 348.074 347.584 347.239 346.839 346.339 345.854 345.447 345.004 344.532 344.194 343.729 343.332 342.874 341.899 340.992 340.609 340.227 339.919 339.662 339.574 339.397 339.314 339.169 339.082 338.979 338.682 338.329 338.147 338.119 338.144
355.272 355.074 354.807 354.662 354.539 354.417 354.227 353.997 353.714 353.347 353.027 352.797 352.599 352.432 352.207 351.917 351.684 351.562 351.397 351.204 351.112 351.032 350.942 350.772 350.612 350.492 350.362 350.352 350.359 350.334 350.247 350.054 349.847 349.629 349.394 349.174 348.859 348.542 348.087 347.677 347.332 346.867 346.452 346.022 345.662 345.197 344.744 344.367 343.954 343.339 342.459 341.544 341.029 340.607 340.284 339.959 339.837 339.689 339.669 339.504 339.332 339.274 339.094 338.947 338.814 338.804 338.812
355.644 355.482 355.307 355.097 354.909 354.697 354.547 354.314 354.059 353.704 353.354 353.084 352.857 352.709 352.507 352.259 352.039 351.877 351.687 351.554 351.482 351.352 351.219 351.144 351.024 350.929 350.802 350.832 350.809 350.762 350.674 350.514 350.282 350.012 349.744 349.467 349.249 348.939 348.564 348.149 347.837 347.414 347.002 346.607 346.192 345.857 345.382 345.022 344.612 344.164 343.472 342.369 341.639 341.117 340.707 340.397 340.137 339.987 339.857 339.782 339.607 339.549 339.492 339.439 339.439 339.484 339.557
356.007 355.839 355.759 355.592 355.429 355.179 354.899 354.699 354.414 354.114 353.757 353.459 353.214 352.994 352.767 352.604 352.384 352.214 352.052 351.972 351.859 351.704 351.597 351.532 351.519 351.512 351.397 351.304 351.239 351.134 351.059 350.879 350.597 350.337 350.102 349.837 349.647 349.322 349.007 348.664 348.287 347.857 347.499 347.142 346.777 346.449 346.079 345.724 345.467 344.899 344.449 343.742 342.462 341.817 341.354 340.884 340.509 340.292 340.134 340.052 339.892 339.822 339.759 339.762 339.874 340.022 340.114
356.314 356.164 356.074 355.997 355.767 355.492 355.192 354.992 354.704 354.422 354.154 353.902 353.717 353.444 353.139 352.979 352.819 352.604 352.472 352.304 352.169 352.064 352.054 352.014 352.052 352.064 351.982 351.802 351.652 351.527 351.394 351.257 351.044 350.789 350.517 350.332 350.097 349.749 349.427 349.104 348.724 348.327 347.989 347.604 347.282 346.959 346.617 346.249 345.874 345.432 345.057 344.452 343.482 342.694 342.232 341.604 341.119 340.672 340.482 340.274 340.322 340.182 340.032 340.054 340.219 340.417 340.492
356.534 356.404 356.334 356.252 356.032 355.714 355.537 355.324 355.109 354.844 354.602 354.399 354.154 353.894 353.622 353.389 353.212 353.104 352.902 352.727 352.534 352.464 352.469 352.529 352.607 352.574 352.494 352.317 352.132 351.962 351.777 351.599 351.409 351.199 350.964 350.712 350.437 350.114 349.752 349.462 349.227 348.922 348.532 348.077 347.719 347.429 347.244 346.754 346.319 345.884 345.407 344.942 344.469 343.904 343.224 342.419 341.752 341.157 340.874 340.644 340.517 340.439 340.344 340.329 340.472 340.744 340.842
356.914 356.732 356.617 356.542 356.384 356.102 355.909 355.672 355.454 355.267 355.104 354.852 354.562 354.284 353.964 353.747 353.602 353.517 353.367 353.192 353.067 353.022 352.962 353.012 353.027 352.964 352.822 352.662 352.492 352.402 352.217 351.949 351.737 351.539 351.342 351.064 350.792 350.514 350.194 349.874 349.599 349.309 349.002 348.637 348.219 347.927 347.632 347.217 346.837 346.352 345.872 345.492 345.202 344.882 344.324 343.309 342.372 341.767 341.389 341.172 340.867 340.754 340.669 340.592 340.709 340.974 341.154
357.074 356.997 356.872 356.834 356.714 356.487 356.267 356.044 355.792 355.589 355.442 355.212 354.939 354.654 354.397 354.167 354.039 354.007 353.764 353.672 353.577 353.464 353.377 353.424 353.427 353.272 353.137 352.932 352.822 352.734 352.642 352.404 352.152 351.947 351.727 351.397 351.094 350.929 350.674 350.377 350.014 349.724 349.427 349.094 348.619 348.269 347.917 347.564 347.219 346.879 346.344 345.784 345.474 345.277 344.974 344.114 343.127 342.599 342.254 341.867 341.429 341.077 340.982 340.897 340.964 341.189 341.372
357.424 357.322 357.287 357.172 357.009 356.757 356.579 356.322 356.112 355.894 355.702 355.439 355.189 354.974 354.752 354.622 354.487 354.339 354.214 354.047 353.897 353.814 353.754 353.782 353.719 353.597 353.469 353.244 353.114 353.002 352.894 352.742 352.487 352.282 351.977 351.672 351.449 351.267 351.002 350.734 350.432 350.082 349.832 349.514 349.004 348.554 348.184 347.849 347.527 347.152 346.674 346.222 345.962 345.512 345.207 344.584 343.974 343.674 343.082 342.687 342.154 341.619 341.422 341.214 341.214 341.287 341.477
357.832 357.712 357.574 357.434 357.294 357.057 356.827 356.637 356.479 356.234 355.997 355.759 355.457 355.279 355.062 354.929 354.924 354.757 354.589 354.429 354.329 354.249 354.174 354.172 354.117 353.954 353.812 353.589 353.477 353.392 353.312 353.127 352.889 352.622 352.317 351.977 351.694 351.444 351.257 351.052 350.792 350.462 350.174 349.839 349.367 348.944 348.502 348.082 347.702 347.302 346.927 346.587 346.272 345.884 345.509 345.204 344.827 344.574 344.087 343.589 342.979 342.304 341.752 341.477 341.482 341.532 341.612
358.237 358.124 357.977 357.824 357.647 357.372 357.124 357.012 356.859 356.564 356.289 355.997 355.717 355.532 355.382 355.269 355.267 355.124 355.039 354.852 354.724 354.659 354.584 354.592 354.444 354.287 354.127 354.002 353.859 353.822 353.704 353.524 353.252 352.927 352.644 352.314 351.972 351.639 351.412 351.287 351.084 350.777 350.422 350.069 349.662 349.237 348.782 348.329 347.927 347.552 347.217 346.974 346.717 346.277 345.862 345.737 345.614 345.327 344.787 344.462 343.802 343.162 342.299 341.812 341.719 341.774 341.799
358.519 358.459 358.379 358.247 358.004 357.802 357.584 357.432 357.189 356.927 356.557 356.217 355.987 355.809 355.664 355.572 355.504 355.417 355.344 355.189 355.122 355.022 354.982 354.987 354.807 354.634 354.507 354.419 354.262 354.179 354.032 353.914 353.657 353.344 353.007 352.662 352.327 351.919 351.639 351.477 351.259 350.962 350.694 350.314 349.882 349.439 349.017 348.559 348.149 347.832 347.482 347.314 347.102 346.759 346.372 346.037 345.979 345.814 345.297 344.974 344.552 343.662 342.854 342.139 341.979 341.992 342.039
358.889 358.842 358.724 358.527 358.329 358.127 357.932 357.744 357.472 357.082 356.704 356.319 356.142 356.082 355.999 355.917 355.754 355.642 355.552 355.519 355.452 355.359 355.384 355.284 355.129 354.997 354.879 354.729 354.642 354.537 354.429 354.284 354.052 353.777 353.417 353.059 352.707 352.337 352.057 351.739 351.452 351.149 350.857 350.472 350.069 349.654 349.249 348.839 348.432 348.092 347.834 347.594 347.409 347.119 346.767 346.442 346.247 346.194 345.869 345.399 345.054 344.242 343.237 342.522 342.277 342.302 342.232
359.262 359.139 359.002 358.789 358.582 358.392 358.182 357.892 357.614 357.224 356.802 356.507 356.294 356.267 356.277 356.114 355.977 355.874 355.809 355.867 355.792 355.662 355.614 355.557 355.469 355.342 355.232 355.117 354.939 354.804 354.747 354.637 354.402 354.087 353.769 353.409 353.032 352.652 352.367 352.017 351.679 351.357 351.007 350.539 350.184 349.877 349.614 349.262 348.824 348.534 348.234 347.992 347.827 347.652 347.237 346.914 346.749 346.562 346.299 345.869 345.454 344.509 343.549 342.812 342.627 342.617 342.684
359.614 359.454 359.294 359.094 358.804 358.572 358.312 357.924 357.584 357.279 356.959 356.719 356.612 356.597 356.482 356.357 356.212 356.072 355.977 356.019 355.997 355.927 355.869 355.799 355.769 355.664 355.567 355.479 355.257 355.109 354.984 354.864 354.652 354.377 354.094 353.739 353.339 352.997 352.679 352.309 351.922 351.559 351.172 350.769 350.444 350.174 349.887 349.567 349.282 349.004 348.729 348.602 348.434 348.689 348.067 347.529 347.327 347.137 346.939 346.387 345.769 344.729 343.882 343.297 343.104 343.187 343.387
359.924 359.784 359.574 359.309 358.932 358.614 358.327 358.002 357.669 357.432 357.202 357.029 356.917 356.819 356.762 356.629 356.389 356.207 356.089 356.159 356.184 356.209 356.209 356.177 356.104 356.024 355.832 355.714 355.559 355.377 355.149 355.039 354.839 354.604 354.272 353.899 353.582 353.274 352.984 352.557 352.234 351.872 351.527 351.029 350.657 350.422 350.219 349.922 349.632 349.369 349.129 349.117 349.144 349.044 348.837 348.479 347.819 347.657 347.467 346.917 345.952 344.914 344.319 343.842 343.742 343.764 343.754
360.379 360.149 359.884 359.497 359.094 358.714 358.459 358.164 357.934 357.684 357.482 357.317 357.152 357.044 356.879 356.689 356.467 356.367 356.247 356.277 356.319 356.357 356.394 356.422 356.394 356.217 356.024 355.934 355.784 355.562 355.324 355.172 355.032 354.809 354.464 354.079 353.769 353.477 353.167 352.847 352.669 352.407 351.899 351.592 351.022 350.689 350.402 350.257 350.039 349.702 349.654 349.514 349.437 349.337 349.372 349.022 348.507 348.104 347.672 347.119 346.109 345.367 345.004 344.817 344.694 344.574 344.372
360.747 360.397 360.097 359.654 359.272 358.887 358.677 358.489 358.264 358.064 357.777 357.589 357.402 357.317 357.039 356.684 356.527 356.414 356.322 356.294 356.307 356.334 356.372 356.502 356.527 356.339 356.164 356.114 355.952 355.697 355.424 355.227 355.039 354.872 354.592 354.254 353.944 353.612 353.339 353.067 352.882 352.612 352.192 351.809 351.449 351.139 350.839 350.454 350.174 349.944 349.839 349.764 349.779 349.604 349.619 349.484 349.134 348.519 347.832 347.139 346.587 346.307 345.987 345.867 345.644 345.324 345.129
360.884 360.597 360.252 359.842 359.492 359.274 359.092 358.859 358.692 358.387 358.164 357.999 357.677 357.404 357.144 356.792 356.627 356.549 356.469 356.349 356.289 356.357 356.382 356.444 356.427 356.407 356.332 356.247 356.127 355.822 355.524 355.212 354.974 354.687 354.519 354.317 354.047 353.759 353.467 353.224 353.017 352.844 352.529 352.174 351.967 351.734 351.437 351.017 350.512 350.199 350.184 350.119 350.262 350.067 349.897 349.677 349.422 349.064 348.392 347.814 347.374 347.089 346.982 346.817 346.584 346.202 345.744
361.189 360.912 360.344 360.082 359.839 359.667 359.489 359.262 359.119 358.782 358.644 358.404 358.109 357.747 357.377 357.032 356.759 356.612 356.577 356.469 356.382 356.402 356.432 356.412 356.444 356.402 356.332 356.249 356.014 355.779 355.534 355.299 354.999 354.642 354.507 354.337 354.134 353.947 353.622 353.389 353.194 353.034 352.854 352.594 352.209 351.964 351.729 351.534 351.407 350.844 350.634 350.652 350.612 350.552 350.427 350.192 349.967 349.562 349.094 348.654 348.269 348.172 347.859 347.647 347.172 346.627 345.952
361.832 361.314 360.754 360.364 360.149 360.079 359.959 359.707 359.507 359.202 358.917 358.677 358.357 358.054 357.799 357.587 357.297 356.962 356.727 356.662 356.589 356.524 356.477 356.424 356.347 356.272 356.237 356.112 356.012 355.764 355.434 355.192 354.887 354.629 354.469 354.357 354.304 354.082 353.814 353.582 353.387 353.189 353.042 352.849 352.607 352.314 352.224 351.932 351.949 351.722 351.377 351.099 350.869 350.777 350.792 350.332 350.117 349.989 349.877 349.407 348.964 348.649 348.507 348.179 347.634 346.997 346.257
362.197 361.817 361.287 360.929 360.654 360.549 360.417 360.104 359.837 359.599 359.312 359.042 358.769 358.472 358.369 358.189 357.937 357.689 357.224 356.917 356.787 356.712 356.632 356.559 356.444 356.329 356.222 356.107 355.969 355.724 355.419 355.067 354.907 354.687 354.559 354.442 354.302 354.117 353.909 353.742 353.567 353.442 353.297 353.094 352.922 352.722 352.554 352.364 352.397 352.229 351.894 351.589 351.237 351.004 350.892 350.602 350.409 350.244 350.119 349.989 349.664 349.162 348.792 348.397 347.877 347.444 346.579
362.537 362.282 361.804 361.307 361.094 360.957 360.762 360.492 360.212 359.962 359.707 359.477 359.264 358.874 358.782 358.594 358.454 358.274 357.944 357.632 357.249 357.029 356.857 356.729 356.597 356.552 356.404 356.217 355.982 355.687 355.504 355.234 354.987 354.824 354.682 354.522 354.359 354.199 354.119 353.894 353.794 353.624 353.512 353.379 353.304 353.302 353.242 353.017 352.742 352.612 352.382 352.007 351.639 351.329 350.977 350.844 350.792 350.579 350.394 350.249 349.972 349.472 349.017 348.604 348.202 347.752 347.047
