20220701_namedtuples/mapdata/sd8976_DSM_2M.asc
ncols 500
nrows 500
xllcorner    389000
yllcorner    476000
cellsize     2
NODATA_value -9999
[rows 90 to 119 of 500, columns 0 to 66 of 500]
546.182 546.36 546.254 546.578 546.671 546.855 547.113 547.252 547.373 547.375 547.399 547.625 547.846 548.434 549.112 549.741 550.119 550.423 550.711 550.991 551.117 551.185 551.395 552.218 553.318 554.113 555.409 556.428 557.136 558.207 559.056 559.85 560.864 561.643 562.427 563.045 563.732 564.458 565.208 565.727 566.519 567.411 568.167 568.393 568.75 569.113 569.171 569.223 569.242 569.257 569.15 569.173 569.016 568.866 568.796 568.98 569.311 569.57 569.703 569.864 569.826 569.888 569.887 569.766 569.597 569.633 569.557
545.979 546.09 546.056 546.448 546.575 546.804 547.093 547.077 547.01 547.168 547.145 547.404 547.667 547.988 548.941 550.01 550.315 550.582 550.788 550.914 551.155 551.296 551.502 552.156 552.844 553.659 554.839 555.97 556.74 557.702 558.536 559.473 560.617 561.227 561.952 562.723 563.284 563.749 564.489 565.185 566.143 566.589 567.279 567.885 568.313 568.6 568.861 568.865 568.901 569.002 568.86 568.685 568.553 568.535 568.564 568.626 568.852 569.006 569.048 569.06 569.147 569.305 569.273 569.105 569.002 568.889 568.911
545.424 545.673 545.957 546.023 546.226 546.397 546.508 546.746 546.843 546.896 546.9 547.255 547.802 548.15 548.848 549.548 550.333 550.696 550.908 551.038 551.149 551.377 551.757 552.062 552.763 553.641 554.651 555.807 556.32 557.277 558.379 559.061 560.112 560.89 561.579 562.365 562.957 563.481 563.991 564.714 565.695 566.139 566.579 567.228 567.883 568.057 568.263 568.5 568.617 568.731 568.473 568.326 568.264 568.271 568.227 568.216 568.554 568.527 568.512 568.445 568.475 568.529 568.437 568.433 568.236 568.376 568.319
545.469 545.665 545.88 545.996 546.12 546.189 546.487 546.544 546.948 546.677 546.73 547.187 547.724 548.236 548.787 549.917 550.237 550.663 550.908 551.017 551.284 551.363 551.685 552.235 552.91 553.447 554.082 554.863 555.788 556.759 557.773 558.852 559.711 560.343 561.257 561.9 562.536 562.901 563.657 564.472 565.046 565.605 566.068 566.563 566.877 567.195 567.717 568.119 568.197 568.354 568.318 568.029 567.945 567.856 567.876 567.935 568.18 568.199 568.09 568.099 568.126 568.085 568.073 567.828 567.738 567.676 567.669
545.284 545.61 545.661 545.759 545.825 545.999 546.128 546.267 546.348 546.53 546.612 547.211 547.849 548.354 549.126 549.996 550.313 550.708 550.905 551.053 551.237 551.44 551.737 552.323 552.804 553.347 554.003 555.001 555.49 556.514 557.749 558.412 559.279 560.257 561.076 561.449 562.227 562.665 563.203 563.981 564.626 565.107 565.429 565.913 566.32 566.584 567.113 567.596 568.016 568.18 568.069 567.792 567.695 567.539 567.549 567.487 567.701 567.745 567.773 567.74 567.704 567.704 567.627 567.439 567.281 567.06 566.859
545.071 545.321 545.42 545.615 545.739 545.884 546.122 546.155 546.122 546.438 546.654 547.31 547.935 548.506 549.382 550.016 550.284 550.708 550.934 551.072 551.176 551.376 551.653 552.344 552.882 553.061 553.468 554.263 555.259 556.165 556.835 557.829 558.585 559.603 560.444 560.992 561.54 562.205 562.85 563.524 564.018 564.125 564.548 565.182 565.368 565.966 566.553 567.324 567.66 567.878 567.84 567.605 567.426 567.377 567.293 567.219 567.419 567.527 567.534 567.48 567.448 567.466 567.381 567.2 566.933 566.564 566.508
544.888 545.006 545.094 545.193 545.407 545.463 545.484 545.786 545.947 546.055 546.43 547.141 547.977 548.6 549.382 549.884 550.249 550.57 550.801 550.954 551.238 551.335 551.475 552.085 552.675 553.098 553.31 554.106 554.572 555.525 556.371 557.251 558.311 558.819 559.742 560.195 560.983 561.471 562.101 562.585 562.828 563.333 563.42 564.047 564.492 565.383 565.967 566.689 567.316 567.563 567.63 567.451 567.27 567.205 567.153 567.116 567.144 567.1 567.147 567.096 567.237 567.349 567.294 567.054 566.738 566.429 566.462
544.572 544.703 544.862 544.989 545.082 545.202 545.437 545.667 545.806 545.915 546.281 546.839 547.81 548.661 549.226 549.912 550.135 550.504 550.749 550.893 550.997 551.32 551.571 551.995 552.612 552.86 553.158 553.607 554.37 555.062 555.831 556.864 557.252 558.118 558.545 559.31 559.999 560.397 561.096 561.459 561.952 562.29 562.658 562.875 563.169 563.951 564.919 566.1 566.721 567.109 567.388 567.313 567.181 567.063 567.039 566.989 566.965 566.957 566.967 566.986 567.247 567.41 567.29 567.113 566.715 566.383 566.39
544.173 544.358 544.532 544.776 544.786 545.009 545.246 545.336 545.459 545.595 545.861 546.44 547.306 548.126 548.916 549.61 549.966 550.192 550.492 550.629 550.903 551.273 551.691 552.016 552.267 552.594 552.895 553.243 553.828 554.457 554.987 555.698 556.408 557.048 557.796 558.677 559.331 560.143 560.557 560.964 561.471 561.929 562.255 562.462 562.826 563.296 563.976 565.08 566.217 566.953 567.175 567.218 567.076 567.014 566.96 566.898 566.851 566.815 566.835 566.978 567.249 567.318 567.205 566.995 566.612 566.358 566.345
543.845 544.131 544.286 544.508 544.672 544.831 545.054 545.209 545.368 545.551 545.797 546.18 547.321 548.025 548.708 549.43 549.824 549.967 550.296 550.367 550.863 551.222 551.644 551.878 551.826 552.06 552.388 552.651 553.116 553.7 554.43 555.138 555.911 556.497 557.351 557.961 558.693 559.435 559.982 560.55 561.19 561.743 562.036 562.191 562.465 562.86 563.313 564.171 565.281 566.689 567.133 567.128 567.017 566.939 566.885 566.81 566.835 566.69 566.628 566.887 567.166 567.12 567.018 566.846 566.469 566.324 566.169
543.713 543.968 544.048 544.317 544.61 544.648 544.896 545.189 545.223 545.412 545.574 546.183 547.272 547.725 548.374 549 549.367 549.754 550.001 550.3 550.79 551.215 551.299 551.625 551.535 551.614 552.036 552.193 552.725 553.163 553.877 554.535 555.174 556.102 556.925 557.579 558.256 559.183 559.965 560.575 561.188 561.744 562.004 562.076 562.251 562.403 562.798 563.436 564.697 566.145 566.808 567.073 567.034 566.879 566.82 566.8 566.608 566.58 566.523 566.761 566.906 566.887 566.842 566.711 566.402 566.213 566.168
543.504 543.761 544.012 544.303 544.596 544.72 544.801 545.045 545.193 545.262 545.569 546.167 547.185 547.732 548.309 548.575 549.123 549.66 549.82 550.221 550.647 550.858 550.921 550.937 550.91 550.99 551.196 551.505 551.955 552.483 553.33 554.165 554.967 555.746 556.676 557.43 558.297 559.234 559.975 560.42 560.959 561.685 561.835 562.045 562.181 562.274 562.552 562.961 563.998 565.633 566.591 567.056 566.945 566.895 566.736 566.598 566.542 566.459 566.429 566.586 566.776 566.667 566.659 566.504 566.243 566.124 565.963
543.473 543.692 543.963 544.2 544.501 544.637 544.701 544.892 545.081 545.144 545.515 546.292 546.96 547.46 547.716 548.273 548.735 549.06 549.179 549.551 549.981 550.418 550.221 550.159 550.295 550.648 551.089 551.372 551.643 552.153 552.921 553.811 554.673 555.388 556.338 557.216 558.035 558.686 559.338 560.046 560.428 561.057 561.504 561.934 562.174 562.273 562.484 562.84 563.611 564.854 566.265 566.854 566.935 566.747 566.683 566.58 566.481 566.281 566.232 566.484 566.513 566.443 566.438 566.319 566.155 565.993 565.94
543.368 543.614 543.828 544.087 544.283 544.514 544.715 544.843 545 545.495 545.815 546.353 546.944 547.278 547.675 548.165 548.529 548.854 548.985 549.128 549.67 549.979 549.767 549.93 550.004 550.315 550.602 550.945 551.3 551.761 552.708 553.73 554.683 555.342 556.098 556.899 557.699 558.221 559.043 559.562 560.114 560.81 561.318 561.779 562.182 562.234 562.383 562.706 563.214 563.883 565.136 566.234 566.809 566.792 566.806 566.729 566.398 566.127 566.062 566.268 566.357 566.245 566.11 566.035 565.968 565.89 565.849
543.173 543.514 543.689 543.864 544.132 544.43 544.662 544.89 545.302 545.724 546.026 546.328 546.859 547.317 547.586 547.976 548.387 548.635 548.836 549.003 549.131 549.189 549.364 549.569 549.893 550.038 550.37 550.727 551.063 551.643 552.563 553.551 554.33 554.952 555.609 556.247 556.774 557.431 558.372 559.124 559.774 560.355 561.095 561.593 561.925 562.075 562.121 562.435 562.801 563.365 565.004 566.219 566.506 566.799 566.773 566.699 566.355 565.906 565.973 566.151 566.16 565.978 565.666 565.603 565.74 565.757 565.747
542.81 543.237 543.482 543.696 543.957 544.248 544.845 545.219 545.544 545.784 546.014 546.351 546.861 547.257 547.645 547.899 548.252 548.61 548.711 548.837 548.88 549.084 549.297 549.447 549.746 549.966 550.202 550.382 550.833 551.408 552.518 553.5 554.115 554.786 555.394 555.79 556.355 556.996 557.93 558.778 559.436 560.097 560.797 561.424 561.79 561.944 561.992 562.122 562.61 563.294 564.596 565.57 566.277 566.621 566.594 566.594 566.174 565.639 565.887 566.027 565.97 565.624 565.102 565.281 565.525 565.676 565.735
542.545 542.96 543.233 543.519 543.833 544.248 544.854 545.404 545.673 545.844 546.062 546.468 546.719 547.204 547.536 547.801 548.071 548.148 548.194 548.43 548.641 548.804 549.009 549.251 549.364 549.677 549.978 550.361 550.672 551.226 552.086 553.057 553.738 554.447 554.802 555.151 555.787 556.553 557.559 558.429 559.202 559.824 560.636 561.253 561.745 561.821 561.843 562.013 562.384 562.768 563.83 565.244 566.068 566.278 566.438 566.408 566.036 565.715 565.864 565.878 565.929 565.366 565.072 565.314 565.419 565.578 565.644
542.199 542.639 543.003 543.385 543.754 544.259 544.771 545.234 545.639 545.885 546.085 546.35 546.612 546.963 547.269 547.557 547.697 547.701 547.833 548.118 548.288 548.619 548.838 549.088 549.354 549.533 549.865 550.148 550.354 551.329 552.258 552.984 553.694 554.076 554.454 554.901 555.278 556.086 556.936 558.075 558.975 559.728 560.437 560.97 561.593 561.748 561.781 561.889 562.094 562.639 563.59 564.768 565.733 566.133 566.086 565.981 565.677 565.845 565.979 565.921 565.865 565.75 565.659 565.749 565.82 565.812 565.812
541.903 542.317 542.856 543.197 543.672 544.374 544.801 545.047 545.492 545.763 545.98 546.196 546.42 546.785 547.026 547.145 547.244 547.375 547.557 547.755 548.081 548.411 548.657 549.035 549.237 549.466 549.846 550.347 550.92 551.926 552.703 553.288 553.84 554.111 554.299 554.414 554.736 555.313 556.177 557.52 558.56 559.381 560.008 560.732 561.233 561.533 561.703 561.696 561.905 562.37 563.254 564.36 565.242 565.636 565.638 565.519 565.725 565.913 566.006 565.971 565.957 565.876 565.868 566.042 565.979 565.863 565.768
541.488 542.108 542.676 543.093 543.599 544.402 544.748 544.93 545.216 545.503 545.738 545.942 546.188 546.45 546.601 546.744 546.932 547.138 547.32 547.547 547.766 548.051 548.438 548.747 548.925 549.273 549.682 550.362 551.087 551.617 552.612 553.376 553.849 554.238 554.289 554.345 554.616 555.107 555.985 557.421 558.066 559.148 559.975 560.513 561.064 561.508 561.467 561.541 561.644 562.303 562.91 563.904 564.777 565.241 565.233 565.378 565.551 565.765 565.96 565.988 566.096 566.368 566.316 566.296 566.089 565.968 565.864
541.306 541.861 542.341 542.828 543.651 544.216 544.478 544.617 544.813 545.077 545.328 545.569 545.813 545.977 546.2 546.466 546.664 546.836 547.017 547.223 547.435 547.796 548.112 548.405 548.714 549.065 549.422 550.136 551.154 551.966 552.556 553.385 553.69 554.025 554.25 554.397 554.646 554.949 555.52 556.494 557.645 558.99 559.726 560.305 560.939 561.273 561.248 561.176 561.343 561.716 562.24 563.388 564.426 564.763 564.94 565.189 565.566 565.722 565.85 566.028 566.276 566.538 566.481 566.386 566.304 566.08 565.843
541.133 541.596 542.091 542.471 543.086 543.566 543.818 543.969 544.142 544.354 544.717 545.005 545.222 545.629 545.952 546.207 546.366 546.562 546.835 547.118 547.314 547.513 547.851 548.139 548.514 548.877 549.314 549.839 550.83 551.779 552.488 553.009 553.576 553.985 554.185 554.422 554.705 555.021 555.665 556.645 557.63 558.381 559.343 560.238 560.719 561.022 561.154 561.032 561.156 561.329 561.865 562.759 563.75 564.162 564.823 565.108 565.381 565.576 565.796 565.981 566.304 566.521 566.602 566.431 566.31 566.145 565.892
540.896 541.301 541.713 541.993 542.403 542.823 543.171 543.331 543.525 543.883 544.241 544.586 544.95 545.475 545.813 546.049 546.317 546.562 546.805 547.009 547.204 547.443 547.689 548.021 548.344 548.767 549.48 550.227 550.959 551.693 552.303 552.917 553.377 553.75 554.131 554.383 554.758 555.158 555.703 556.346 557.243 558.124 558.913 560.043 560.511 560.845 560.876 560.861 560.9 561.168 561.583 562.35 563.111 564.183 564.657 564.993 565.327 565.489 565.758 566.027 566.326 566.601 566.56 566.446 566.309 566.118 565.883
540.648 541.038 541.416 541.713 541.978 542.268 542.613 542.908 543.221 543.578 544.156 544.478 544.886 545.372 545.806 546.101 546.393 546.616 546.782 546.973 547.168 547.402 547.714 548.163 548.446 548.815 549.537 550.253 550.988 551.642 552.098 552.638 553.127 553.664 554.139 554.682 555.097 555.26 555.905 556.467 557.254 558.174 559.014 559.658 560.272 560.532 560.655 560.684 560.758 560.894 561.364 562.269 563.042 563.908 564.492 564.973 565.236 565.37 565.709 565.969 566.267 566.6 566.53 566.426 566.251 566.152 566.004
540.428 540.731 541.103 541.361 541.713 542.143 542.498 542.813 543.233 543.653 544.023 544.446 544.893 545.481 545.896 546.253 546.444 546.648 546.806 546.983 547.147 547.406 547.767 548.195 548.636 548.867 549.341 550.071 550.756 551.432 551.971 552.556 553.097 553.592 554.256 554.705 555.153 555.665 555.974 556.623 557.409 558.301 559.02 559.476 559.834 560.265 560.467 560.497 560.358 560.786 561.394 562.057 562.694 563.852 564.423 564.831 565.211 565.487 565.879 566.102 566.349 566.437 566.412 566.373 566.3 566.199 565.986
540.101 540.466 540.831 541.121 541.426 542.096 542.553 543.001 543.518 543.876 544.256 544.703 545.048 545.526 545.948 546.261 546.501 546.713 546.87 547.046 547.204 547.375 547.771 548.335 548.819 549.195 549.505 549.943 550.464 550.952 551.878 552.581 553.153 553.649 554.273 554.815 555.243 555.784 556.113 556.538 557.366 558.355 559.003 559.509 559.887 560.251 560.397 560.494 560.501 560.787 561.315 562.089 562.904 563.78 564.311 564.806 565.338 565.66 565.958 566.114 566.2 566.235 566.312 566.253 566.147 566.024 565.97
539.766 540.073 540.418 540.748 541.306 542.053 542.681 543.183 543.741 544.156 544.521 544.853 545.176 545.581 546.073 546.408 546.661 546.823 546.963 547.082 547.217 547.438 547.814 548.46 548.948 549.341 549.552 549.865 550.289 550.972 551.851 552.542 553.195 553.877 554.406 554.914 555.387 555.884 556.315 556.798 557.476 558.636 559.249 559.827 560.154 560.234 560.345 560.402 560.501 560.572 561.166 562.426 563.216 564 564.549 565.13 565.471 565.706 565.902 566.015 566.126 566.089 566.092 566.107 566.086 565.997 565.88
539.518 539.821 540.198 540.638 541.356 542.026 542.626 543.071 543.553 544.053 544.548 544.958 545.211 545.646 546.186 546.666 546.821 546.998 547.093 547.171 547.293 547.577 548.043 548.567 549.009 549.411 549.589 549.834 550.226 551.024 551.982 552.715 553.305 554.113 554.602 555.154 555.507 555.966 556.555 557.065 557.676 558.759 559.791 560.174 560.484 560.724 560.595 560.416 560.426 560.596 561.159 562.206 563.44 564.092 564.769 565.26 565.476 565.676 565.87 565.978 565.967 566.015 566.024 566.082 566.047 565.976 565.823
539.301 539.648 540.081 540.598 541.278 541.856 542.373 542.786 543.251 543.851 544.416 544.801 545.103 545.578 546.131 546.578 546.816 546.973 547.106 547.216 547.436 547.778 548.146 548.57 548.949 549.399 549.655 549.853 550.142 550.969 551.958 552.842 553.436 554.093 554.725 555.158 555.559 556.063 556.519 556.979 557.748 558.486 559.629 560.303 560.651 560.793 560.849 560.559 560.461 560.729 561.164 562.184 563.559 564.303 564.772 565.099 565.399 565.619 565.848 565.825 565.834 565.893 565.893 565.918 565.958 565.887 565.749
539.063 539.536 540.101 540.666 541.266 541.726 542.186 542.613 543.191 543.741 544.221 544.603 544.968 545.383 545.946 546.398 546.676 546.866 547.038 547.291 547.536 547.921 548.321 548.724 549.158 549.533 549.804 549.942 550.142 550.931 551.98 552.919 553.626 554.273 554.766 555.146 555.576 556.018 556.507 557.237 557.783 558.542 559.547 560.298 560.768 560.86 561.141 561.138 561.006 561.216 561.612 562.185 563.391 564.019 564.54 564.984 565.303 565.432 565.587 565.532 565.56 565.631 565.724 565.86 565.911 565.772 565.711
