20220701_namedtuples/mapdata/sd8979_DSM_2M.asc
ncols 500
nrows 500
xllcorner    389000
yllcorner    479000
cellsize     2
NODATA_value -9999
[rows 406 to 434 of 500, columns 134 to 200 of 500]
369.462 368.749 368.087 367.489 366.887 366.104 365.264 364.749 364.802 365.112 365.287 365.427 365.694 366.189 366.464 366.419 366.154 365.769 365.429 365.139 364.862 364.617 364.352 364.019 363.624 363.252 363.024 362.964 362.754 362.564 362.274 362.042 361.767 361.519 361.274 360.962 360.707 360.439 360.147 359.834 359.457 359.247 359.049 358.834 358.637 358.324 358.027 357.757 357.587 357.437 357.332 357.212 357.092 356.952 356.814 356.717 356.714 356.669 356.674 356.574 356.504 356.389 356.302 356.164 356.074 355.897 355.759
369.742 368.994 368.234 367.649 367.022 366.269 365.654 365.397 365.509 365.742 365.972 366.257 366.459 366.804 367.054 366.934 366.629 366.234 365.859 365.582 365.324 365.109 364.874 364.529 364.079 363.774 363.659 363.607 363.439 363.354 363.114 362.777 362.479 362.144 361.827 361.574 361.324 361.064 360.794 360.457 360.187 359.937 359.699 359.527 359.247 359.074 358.889 358.564 358.359 358.144 358.009 357.882 357.644 357.479 357.249 357.169 357.104 357.114 357.024 356.987 356.924 356.799 356.674 356.544 356.447 356.312 356.204
369.974 369.244 368.482 367.769 367.122 366.439 365.989 365.894 366.027 366.232 366.652 366.829 367.124 367.409 367.514 367.392 367.089 366.719 366.357 366.064 365.772 365.519 365.374 365.072 364.717 364.467 364.289 364.257 364.222 364.042 363.762 363.509 363.127 362.832 362.447 362.194 361.987 361.764 361.459 361.172 360.802 360.567 360.407 360.249 360.012 359.797 359.594 359.289 359.054 358.864 358.737 358.504 358.232 358.042 357.754 357.582 357.437 357.409 357.322 357.317 357.227 357.164 357.089 356.994 356.904 356.709 356.607
370.267 369.559 368.827 368.042 367.287 366.654 366.349 366.307 366.492 366.789 367.149 367.497 367.819 367.992 367.877 367.724 367.464 367.159 366.854 366.549 366.352 366.064 365.907 365.644 365.362 365.089 364.952 364.899 364.812 364.649 364.409 364.139 363.822 363.422 363.029 362.889 362.647 362.377 362.164 361.902 361.572 361.357 361.132 360.942 360.674 360.474 360.322 359.992 359.757 359.544 359.327 359.094 358.887 358.664 358.279 358.034 357.817 357.772 357.687 357.587 357.517 357.459 357.424 357.434 357.347 357.189 357.092
370.489 369.924 369.127 368.357 367.552 366.979 366.809 366.784 367.049 367.437 367.829 368.182 368.407 368.412 368.124 368.064 367.872 367.607 367.379 367.144 366.787 366.577 366.372 366.187 365.957 365.744 365.662 365.522 365.529 365.319 365.057 364.759 364.437 364.002 363.754 363.582 363.312 363.012 362.799 362.507 362.269 362.047 361.839 361.602 361.379 361.134 360.887 360.644 360.437 360.189 359.944 359.779 359.557 359.234 358.842 358.537 358.269 358.159 358.057 357.962 357.792 357.904 357.957 357.909 357.747 357.614 357.419
370.747 370.137 369.477 368.737 367.817 367.339 367.249 367.369 367.679 368.007 368.272 368.519 368.862 368.889 368.712 368.492 368.187 368.049 367.907 367.539 367.224 367.067 366.867 366.624 366.467 366.369 366.302 366.127 366.087 365.849 365.622 365.264 364.964 364.632 364.382 364.157 363.944 363.627 363.369 363.119 362.894 362.727 362.492 362.257 362.074 361.794 361.452 361.289 361.124 360.922 360.682 360.489 360.162 359.814 359.384 359.062 358.772 358.602 358.472 358.307 358.282 358.439 358.399 358.279 358.074 357.957 357.707
371.134 370.417 369.749 369.149 368.247 367.804 367.767 368.132 368.314 368.647 368.867 369.097 369.324 369.334 369.122 368.857 368.524 368.349 368.262 367.979 367.694 367.544 367.417 367.202 367.049 366.959 366.827 366.712 366.594 366.394 366.127 365.779 365.557 365.267 364.959 364.739 364.427 364.122 363.959 363.829 363.544 363.327 363.087 362.902 362.632 362.317 362.104 362.059 361.794 361.552 361.264 360.977 360.682 360.289 359.857 359.489 359.294 359.084 358.924 358.739 358.777 358.857 358.754 358.647 358.474 358.224 358.094
371.469 370.692 370.002 369.394 368.682 368.282 368.329 368.752 369.002 369.252 369.492 369.722 369.829 369.744 369.594 369.339 369.007 368.827 368.654 368.329 368.112 367.887 367.892 367.842 367.597 367.429 367.289 367.127 367.002 366.847 366.612 366.344 366.057 365.727 365.392 365.187 364.909 364.672 364.509 364.339 364.212 364.029 363.872 363.557 363.154 362.919 362.842 362.747 362.422 362.134 361.834 361.522 361.129 360.702 360.267 359.917 359.727 359.582 359.447 359.312 359.309 359.309 359.224 359.044 358.922 358.682 358.562
371.804 371.044 370.244 369.619 369.187 368.822 368.972 369.259 369.584 369.839 370.024 370.232 370.282 370.194 370.009 369.767 369.497 369.227 368.874 368.469 367.997 368.024 368.222 368.262 368.107 367.924 367.717 367.494 367.297 367.069 366.932 366.742 366.492 366.247 365.937 365.597 365.362 365.219 365.032 364.867 364.804 364.634 364.457 364.157 363.834 363.617 363.447 363.249 362.917 362.609 362.329 361.974 361.524 361.054 360.667 360.332 360.104 359.997 359.899 359.739 359.752 359.774 359.672 359.469 359.337 359.217 359.064
372.009 371.307 370.582 369.917 369.477 369.307 369.442 369.792 370.082 370.269 370.469 370.669 370.754 370.684 370.492 370.119 369.864 369.524 369.039 368.389 367.762 368.087 368.624 368.672 368.539 368.354 368.162 367.962 367.709 367.444 367.227 367.089 366.904 366.709 366.437 366.174 365.899 365.687 365.574 365.484 365.339 365.109 364.844 364.729 364.402 364.172 363.924 363.637 363.342 363.009 362.729 362.352 361.924 361.512 361.092 360.704 360.442 360.369 360.299 360.152 360.184 360.214 360.154 359.959 359.847 359.709 359.554
372.107 371.479 370.832 370.147 369.679 369.639 369.789 370.304 370.699 370.867 371.037 371.222 371.287 371.147 370.922 370.567 370.307 370.019 369.634 369.132 368.649 368.799 369.274 369.169 368.992 368.744 368.632 368.434 368.222 367.924 367.659 367.477 367.152 367.114 366.902 366.684 366.417 366.159 365.997 365.919 365.742 365.517 365.354 365.104 364.814 364.559 364.322 363.979 363.702 363.344 363.002 362.692 362.287 361.934 361.504 361.124 360.882 360.727 360.659 360.594 360.649 360.649 360.512 360.422 360.362 360.194 360.024
372.254 371.604 371.029 370.412 370.012 369.947 370.277 370.834 371.184 371.422 371.634 371.809 371.769 371.574 371.387 371.039 370.707 370.464 370.279 370.017 369.699 369.547 369.757 369.634 369.467 369.159 368.972 368.837 368.639 368.334 368.002 367.727 367.514 367.344 367.194 366.952 366.727 366.524 366.357 366.347 366.234 365.967 365.824 365.544 365.324 364.899 364.609 364.297 363.982 363.579 363.267 362.994 362.592 362.214 361.777 361.567 361.329 361.167 361.092 361.097 361.137 361.074 360.939 360.834 360.817 360.654 360.469
372.312 371.694 371.227 370.654 370.172 370.444 370.934 371.497 371.729 372.019 372.242 372.387 372.242 372.022 371.812 371.542 371.197 370.989 370.754 370.587 370.379 370.197 370.129 369.969 369.782 369.569 369.334 369.167 368.944 368.654 368.309 368.037 367.769 367.612 367.402 367.142 367.024 366.859 366.712 366.614 366.412 366.109 366.052 366.029 365.492 365.127 364.857 364.567 364.234 363.879 363.584 363.234 362.867 362.507 362.157 361.907 361.682 361.524 361.472 361.544 361.552 361.414 361.287 361.274 361.182 360.969 360.839
372.249 371.802 371.302 371.032 370.934 371.132 371.572 372.059 372.369 372.639 372.802 372.819 372.702 372.482 372.224 371.999 371.769 371.564 371.324 371.059 370.829 370.634 370.509 370.349 370.062 369.832 369.717 369.517 369.184 368.869 368.569 368.284 368.032 367.867 367.639 367.362 367.199 367.059 366.897 366.704 366.617 366.229 366.064 365.939 365.484 365.344 365.014 364.757 364.454 364.132 363.809 363.442 363.112 362.789 362.454 362.232 362.107 362.012 361.987 362.087 361.982 361.887 361.759 361.709 361.552 361.517 361.224
372.277 371.814 371.512 371.427 371.514 371.747 372.132 372.637 372.979 373.289 373.462 373.384 373.124 372.899 372.609 372.362 372.207 371.982 371.712 371.524 371.367 371.139 370.872 370.639 370.442 370.209 370.134 369.779 369.427 369.119 368.794 368.504 368.249 368.052 367.757 367.477 367.232 367.144 367.009 366.884 366.677 366.414 366.037 365.849 365.709 365.432 365.172 364.917 364.682 364.367 364.044 363.712 363.327 362.964 362.712 362.589 362.467 362.394 362.384 362.459 362.384 362.327 362.307 362.154 361.967 361.774 361.589
372.347 371.989 371.812 371.837 372.057 372.344 372.739 373.219 373.609 373.947 373.964 373.752 373.429 373.217 372.902 372.684 372.499 372.274 372.034 371.877 371.744 371.527 371.212 370.937 370.804 370.604 370.349 370.054 369.712 369.392 369.064 368.799 368.397 368.069 367.724 367.459 367.232 367.179 367.159 367.034 366.774 366.597 366.214 365.989 365.932 365.564 365.304 365.094 364.887 364.624 364.332 363.972 363.589 363.239 363.002 362.837 362.849 362.787 362.814 362.829 362.709 362.764 362.672 362.532 362.357 362.172 361.962
372.454 372.292 372.232 372.357 372.604 372.912 373.359 373.837 374.214 374.422 374.309 374.064 373.707 373.457 373.179 372.962 372.882 372.657 372.432 372.262 372.129 371.917 371.652 371.417 371.142 370.944 370.687 370.359 370.029 369.684 369.347 369.034 368.607 368.012 367.472 367.229 367.199 367.192 367.132 367.069 366.829 366.624 366.362 366.197 366.067 365.814 365.482 365.089 365.179 364.979 364.664 364.257 363.964 363.534 363.334 363.217 363.139 363.124 363.177 363.202 363.134 363.139 363.034 362.964 362.732 362.562 362.347
372.654 372.624 372.662 372.797 373.099 373.417 373.792 374.194 374.532 374.594 374.504 374.277 373.987 373.769 373.584 373.362 373.187 372.997 372.792 372.592 372.464 372.249 371.972 371.752 371.509 371.264 370.967 370.649 370.347 370.012 369.639 369.287 368.799 368.022 367.179 366.944 367.239 367.207 367.214 366.994 366.324 366.434 366.434 366.042 366.214 366.139 365.822 365.572 365.472 365.269 364.922 364.534 364.192 363.857 363.804 363.622 363.582 363.594 363.492 363.532 363.352 363.134 362.947 363.009 362.952 362.874 362.667
372.904 372.949 373.084 373.244 373.562 373.884 374.262 374.602 374.897 374.847 374.662 374.452 374.259 374.109 373.929 373.742 373.567 373.327 373.112 372.987 372.809 372.539 372.299 372.074 371.787 371.532 371.229 371.002 370.694 370.292 369.954 369.574 369.087 368.339 367.669 367.422 367.574 367.582 367.544 367.309 367.012 366.864 366.709 366.647 366.607 366.464 366.252 366.027 365.759 365.507 365.144 364.799 364.509 364.327 364.154 363.954 363.917 363.937 363.827 363.634 363.379 363.169 363.089 363.099 363.142 363.052 362.897
373.267 373.429 373.569 373.749 374.042 374.324 374.727 375.059 375.184 375.059 374.872 374.677 374.514 374.332 374.137 373.937 373.807 373.669 373.514 373.359 373.122 372.809 372.602 372.392 372.034 371.804 371.489 371.177 370.912 370.574 370.214 369.872 369.464 368.887 368.427 368.179 368.124 368.032 367.939 367.727 367.614 367.374 367.269 367.107 366.974 366.829 366.607 366.382 366.099 365.807 365.504 365.107 364.782 364.622 364.494 364.387 364.307 364.279 364.334 364.204 364.047 363.642 363.609 363.397 363.267 363.232 363.192
373.787 373.992 374.094 374.234 374.509 374.797 375.142 375.382 375.432 375.229 375.059 374.909 374.734 374.534 374.329 374.224 374.102 373.999 373.824 373.627 373.364 373.084 372.832 372.554 372.302 372.017 371.694 371.404 371.104 370.864 370.477 370.109 369.854 369.527 369.164 368.824 368.617 368.487 368.394 368.224 368.064 367.859 367.689 367.509 367.337 367.214 366.972 366.679 366.429 366.124 365.812 365.437 365.107 364.974 364.879 364.812 364.734 364.784 364.902 364.729 364.562 364.259 364.159 363.859 363.674 363.607 363.629
374.409 374.664 374.814 374.919 375.117 375.312 375.579 375.702 375.652 375.429 375.312 375.159 374.912 374.759 374.562 374.487 374.382 374.217 373.989 373.802 373.529 373.289 373.042 372.809 372.499 372.252 371.947 371.672 371.397 371.167 370.839 370.532 370.259 369.984 369.689 369.407 369.137 368.967 368.707 368.672 368.452 368.187 367.989 367.852 367.799 367.587 367.349 367.039 366.759 366.499 366.117 365.714 365.467 365.359 365.257 365.142 365.159 365.209 365.207 365.154 365.032 364.774 364.479 364.289 364.179 364.209 363.902
375.079 375.279 375.407 375.434 375.637 375.812 375.959 376.024 375.897 375.752 375.614 375.404 375.234 375.074 374.887 374.764 374.599 374.414 374.287 374.024 373.767 373.529 373.322 373.032 372.752 372.537 372.319 372.032 371.787 371.589 371.262 370.949 370.624 370.372 370.169 369.899 369.639 369.407 369.254 369.127 368.962 368.694 368.509 368.344 368.234 367.997 367.712 367.434 367.097 366.789 366.409 366.067 365.837 365.672 365.624 365.564 365.602 365.649 365.582 365.459 365.339 365.109 364.879 364.662 364.502 364.479 364.434
375.779 375.879 375.854 375.917 376.074 376.229 376.357 376.374 376.202 376.059 375.974 375.784 375.587 375.422 375.184 375.027 374.834 374.649 374.492 374.274 374.029 373.744 373.477 373.282 372.994 372.814 372.582 372.324 372.154 371.944 371.644 371.314 371.059 370.774 370.547 370.362 370.102 369.877 369.799 369.569 369.432 369.269 369.119 368.869 368.654 368.402 368.044 367.754 367.422 367.137 366.677 366.419 366.132 366.057 366.054 366.034 366.057 366.047 365.937 365.767 365.587 365.347 365.222 365.129 364.969 364.882 364.799
376.329 376.359 376.369 376.439 376.574 376.577 376.557 376.544 376.452 376.317 376.167 376.047 375.864 375.687 375.487 375.352 375.172 374.929 374.727 374.584 374.304 374.029 373.757 373.577 373.362 373.087 372.764 372.524 372.484 372.289 372.017 371.802 371.467 371.162 370.982 370.802 370.562 370.394 370.264 370.029 369.867 369.734 369.544 369.357 369.119 368.767 368.374 368.174 367.762 367.427 367.089 366.629 366.359 366.632 366.572 366.547 366.509 366.467 366.297 366.099 365.914 365.667 365.527 365.472 365.387 365.164 364.969
376.704 376.777 376.859 376.989 377.007 376.889 376.872 376.782 376.677 376.554 376.392 376.257 376.144 375.947 375.779 375.649 375.419 375.124 374.952 374.807 374.512 374.264 374.027 373.842 373.644 373.374 373.084 372.842 372.759 372.587 372.372 372.179 371.982 371.604 371.439 371.234 371.049 370.869 370.732 370.479 370.247 370.089 369.969 369.754 369.477 369.179 368.862 368.472 368.124 367.822 367.434 367.132 366.812 367.114 367.097 367.027 366.997 366.892 366.717 366.552 366.279 366.014 365.882 365.907 365.762 365.554 365.307
377.057 377.134 377.232 377.327 377.324 377.282 377.167 377.052 376.932 376.829 376.712 376.594 376.427 376.229 376.067 375.817 375.624 375.412 375.167 374.954 374.682 374.449 374.267 374.099 373.942 373.667 373.449 373.317 373.117 372.952 372.724 372.487 372.284 372.049 371.849 371.674 371.532 371.367 371.144 370.874 370.684 370.552 370.389 370.167 369.864 369.569 369.222 368.829 368.552 368.209 367.867 367.629 367.549 367.509 367.499 367.489 367.434 367.294 367.102 366.919 366.719 366.487 366.294 366.207 366.057 365.879 365.689
377.537 377.544 377.624 377.679 377.662 377.602 377.504 377.427 377.287 377.164 376.962 376.804 376.694 376.504 376.277 376.047 375.822 375.567 375.357 375.134 374.859 374.704 374.522 374.362 374.219 373.964 373.712 373.577 373.369 373.184 373.037 372.904 372.732 372.477 372.304 372.097 371.914 371.762 371.627 371.397 371.202 370.999 370.792 370.547 370.284 369.972 369.604 369.302 369.024 368.579 368.229 368.087 368.034 367.984 367.974 367.912 367.817 367.669 367.482 367.287 367.167 366.934 366.694 366.582 366.409 366.214 366.012
377.947 377.932 377.964 377.997 377.974 377.892 377.859 377.817 377.692 377.469 377.237 377.062 376.919 376.744 376.509 376.277 376.069 375.819 375.579 375.422 375.157 374.927 374.807 374.642 374.534 374.287 374.134 373.929 373.657 373.517 373.467 373.352 373.139 372.864 372.682 372.557 372.334 372.214 372.104 371.927 371.727 371.472 371.174 370.982 370.697 370.312 369.874 369.572 369.419 369.037 368.797 368.629 368.522 368.447 368.369 368.322 368.234 368.052 367.819 367.672 367.512 367.289 367.129 366.994 366.817 366.634 366.414
