20220701_namedtuples/mapdata/sd8977_DSM_2M.asc
ncols 500
nrows 500
xllcorner    389000
yllcorner    477000
cellsize     2
NODATA_value -9999
[rows 90 to 119 of 500, columns 335 to 401 of 500]
476.744 476.04 474.853 473.661 472.471 471.598 470.671 469.285 468.575 467.625 466.903 465.974 465.204 464.448 463.525 462.405 461.638 460.564 459.698 460.065 459.812 459.349 458.864 457.714 455.906 454.832 454.139 452.931 451.138 449.939 447.76 446.955 446.693 446.406 446.217 445.447 445.439 445.126 445.249 444.414 444.157 443.598 443.105 442.872 442.593 442.609 442.68 442.354 441.611 440.52 439.233 438.017 436.627 435.393 435.376 436.198 435.767 435.713 438.117 439.048 439.961 440.644 441.06 441.611 441.951 442.419 442.852
476.569 475.634 474.8 473.763 472.937 471.554 470.784 469.563 468.691 467.94 467.316 466.549 465.567 465.11 464.352 463.46 462.289 461.782 461.879 461.553 461.137 460.35 458.831 457.339 456.21 455.35 454.192 452.849 451.622 450.457 448.568 447.586 447.646 447.694 446.971 446.792 446.905 446.54 445.931 445.343 444.55 444.305 444.016 444.299 444.599 444.883 443.931 442.768 441.682 440.599 439.657 438.204 437.15 434.493 435.124 434.57 434.137 435.838 438.163 439.511 440.382 440.994 441.27 441.823 442.228 442.407 442.926
476.095 475.505 474.527 473.606 472.847 471.998 471.088 470.139 469.248 468.652 467.537 466.824 466.235 465.508 464.873 464.108 463.517 462.841 462.825 461.97 461.253 460.198 459.009 457.421 456.254 454.897 454.277 453.067 451.656 450.392 449.466 448.864 448.71 448.745 448.384 448.111 447.601 447.313 446.708 445.785 444.881 444.732 444.74 445.123 445.488 445.098 444.29 443.019 441.672 440.571 439.422 438.325 437.163 434.305 433.401 434.183 434.626 436.014 438.21 440.023 440.629 441.268 441.777 442.43 442.797 443.078 443.433
476.161 475.072 474.401 473.57 472.898 471.924 471.262 470.23 469.68 468.771 468.05 467.309 466.438 465.706 465.315 464.728 464.442 464.135 463.287 461.659 460.826 459.806 458.43 457.752 456.535 455.435 454.385 453.248 451.845 450.879 449.983 449.151 450.196 450.176 449.304 449.01 448.337 447.868 447.152 446.671 446.119 445.805 446.09 447.019 446.958 446.006 445.162 443.538 442.561 441.313 440.479 439.577 437.748 435.875 433.537 434.12 434.786 437.586 439.232 440.454 441.099 441.62 442.245 442.672 443.008 443.412 443.859
475.771 475.196 474.518 473.651 473.036 472.162 471.62 470.907 470.181 469.306 468.923 467.855 467.187 466.399 466.283 465.545 464.946 463.609 462.772 461.471 460.067 459.483 458.744 457.805 457.24 456.248 454.309 453.433 452.427 451.478 451.305 451.55 451.75 451 450.356 449.627 449.43 448.799 448.067 447.587 446.868 447.31 447.594 447.687 447.316 446.214 444.608 443.574 442.626 441.665 440.571 439.309 437.783 434.684 434.296 434.017 436.627 437.989 439.927 440.55 441.18 441.781 442.703 443.126 443.409 443.815 444.248
475.984 475.445 474.652 473.939 473.181 472.269 471.604 470.9 470.252 469.315 468.951 468.195 467.728 466.997 466.86 465.798 463.743 463.29 462.308 461.278 460.443 459.619 458.816 458.177 457.178 456.07 454.775 453.772 452.919 452.34 452.522 452.829 452.439 451.217 450.483 449.971 449.681 448.907 448.319 448.267 448.317 448.308 448.703 448.788 447.723 446.361 445.521 444.263 443.259 442.344 441.507 440.405 439.203 436.231 435.474 435.315 436.891 438.662 439.776 440.527 441.196 441.876 442.866 443.45 443.75 444.21 444.907
476.203 475.636 474.741 474.222 473.247 472.824 472.138 471.349 470.479 470.362 469.517 469.125 468.553 467.451 466.456 465.297 464.377 463.083 462.456 461.75 461.096 459.94 459.085 458.154 456.983 455.756 455.197 454.109 453.578 453.91 454.272 453.878 453.021 452.387 451.676 451.038 450.603 450.462 450.375 450.703 449.978 449.663 449.774 449.198 448.234 447.13 446.003 444.52 443.685 442.545 441.491 440.503 438.532 436.547 434.912 436.514 437.284 438.985 439.898 440.471 441.302 442.164 442.702 443.574 444.415 444.861 445.309
476.498 475.85 475.043 474.447 473.89 472.992 472.406 471.725 471.348 470.452 469.929 469.418 468.392 467.319 466.062 465.338 464.068 463.222 462.533 462.084 461.281 460.925 459.752 458.215 456.901 456.349 455.604 455.094 454.776 454.772 455.215 454.284 453.522 453.143 452.133 451.668 451.003 451.107 451.248 451.249 451.249 450.784 450.305 449.201 448.349 447.313 445.921 445.028 443.786 443.084 441.766 440.328 438.65 436.668 436.328 437.015 438.27 439.266 439.888 440.287 441.424 442.345 443.032 443.961 444.593 445.256 446.071
476.925 476.086 475.325 474.83 474.347 473.576 472.825 472.092 471.76 471.186 470.282 469.503 468.225 467.27 466.727 466.108 465.182 464.254 463.221 462.504 461.515 460.636 460.03 458.25 457.055 456.54 456.038 455.792 456.066 456.147 456.479 455.678 454.869 454.373 453.563 453.027 452.814 452.666 453.326 453.066 452.43 451.521 449.966 449.308 448.131 446.596 445.655 444.665 443.39 442.325 441.464 440.217 438.43 436.977 437.545 437.778 438.418 439.445 440.223 440.736 441.308 442.349 443.251 444.282 445.133 446.116 446.566
477.124 476.369 475.721 475.471 474.458 473.882 473.284 472.823 472.117 471.378 470.491 469.212 468.536 467.844 467.038 466.368 465.434 464.798 464.03 463.282 462.007 461.086 459.805 458.92 458.184 457.718 457.726 457.739 457.947 457.796 457.228 456.731 455.997 454.973 454.045 453.633 453.377 453.541 453.408 453.397 452.334 451.477 450.025 448.54 447.951 446.585 445.518 444.356 443.46 442.833 441.527 439.768 437.863 437.446 437.726 438.116 438.573 439.607 440.305 440.996 441.629 442.171 443.228 444.346 445.362 446.207 446.757
477.216 476.512 476.211 475.492 475.084 474.561 474.043 473.53 472.438 471.731 470.421 469.588 468.999 468.374 467.404 466.525 465.935 465.212 464.423 463.593 462.481 461.43 460.243 459.035 458.321 458.371 458.448 458.492 458.6 458.19 457.421 457.267 456.481 455.736 455.446 454.951 455.315 454.909 454.432 453.631 452.1 450.988 450.113 448.33 447.522 446.739 445.199 444.564 443.973 442.653 441.706 440.163 437.658 437.615 437.802 438.484 439.027 439.799 440.571 441.379 442.033 442.712 443.509 444.719 445.721 446.669 447.405
477.876 477.573 476.92 476.248 475.8 475.308 474.587 474.067 472.846 471.88 470.931 469.73 469.133 468.722 467.973 467.151 466.27 465.722 464.959 463.916 463.042 461.739 460.402 460.049 460.239 460.636 460.609 460.462 459.826 459.158 458.44 457.874 457.363 456.798 456.603 456.474 455.817 455.181 454.47 453.676 452.353 450.867 449.88 448.896 447.698 446.88 445.663 445.142 444.403 443.23 442.133 440.95 438.982 438.301 437.731 439.237 439.332 440.01 441.073 441.805 442.896 443.195 443.815 444.83 445.789 446.954 447.455
478.356 477.875 477.337 476.939 476.194 475.477 474.591 473.562 472.976 472.157 471.406 470.403 469.813 469.221 468.463 467.647 466.913 466.009 465.01 464.079 462.911 461.706 461.075 460.799 461.109 461.179 461.434 460.806 460.056 459.51 459.128 458.329 458.029 457.878 457.582 456.98 456.187 455.225 454.477 453.661 451.967 451.238 450.185 448.689 448.053 447.212 446.129 445.196 444.316 442.918 441.745 440.587 439.573 438.571 438.124 439.317 439.664 440.446 441.49 443.009 443.845 444.264 444.82 445.686 446.342 447.395 447.978
479.023 478.217 477.847 477.279 476.529 475.535 474.752 474.111 472.973 472.277 471.154 470.729 470.048 469.216 468.837 468.033 466.962 466.345 465.293 464.024 462.733 462.159 462.431 462.447 462.993 462.957 463.069 462.105 461.371 460.74 460.149 459.842 459.28 458.985 458.012 456.992 456.368 455.406 454.262 453.462 452.564 451.346 449.848 449.615 448.343 447.47 446.815 445.091 443.875 443.088 442.195 441.176 440.514 439.834 439.186 439.203 440.035 440.18 441.595 442.358 443.938 444.849 445.7 446.37 446.822 447.444 448.503
479.181 478.967 478.107 477.218 476.736 476.192 475.255 474.409 473.069 472.438 472.099 471.301 470.425 469.93 469.26 468.378 467.737 466.446 464.946 464.037 463.077 462.897 463.517 463.887 464.036 463.497 463.189 462.59 461.898 461.137 460.514 460.321 459.568 458.977 458.156 457.396 456.474 455.649 454.847 454.097 453.114 451.919 451.384 450.116 448.969 447.685 446.907 444.932 443.935 443.16 442.237 441.565 440.904 440.056 439.311 439.331 440.068 440.424 441.491 442.75 444.021 445.475 446.643 447.039 447.474 448.077 448.747
479.715 478.922 478.309 477.862 477.258 476.256 475.549 474.786 473.725 472.773 472.203 471.594 470.65 470.074 469.41 468.705 467.486 466.173 465.069 463.962 463.996 464.209 464.807 465.006 465.267 464.822 464.909 464.103 463.037 462.221 461.757 461.024 460.142 459.307 458.624 457.707 456.791 456.014 455.192 454.101 453.473 452.628 451.384 450.025 448.866 447.828 446.244 444.825 443.88 443.551 443.099 442.224 441.415 440.713 440.046 439.805 440.25 440.827 441.832 442.894 445.466 446.324 447.052 447.623 448.291 448.638 449.08
479.983 479.149 478.55 478.187 477.332 476.66 476.089 475.199 474.18 473.508 472.869 472.082 471.299 470.511 469.917 469.038 467.594 466.543 465.84 464.943 464.973 465.783 465.98 466.291 466.301 465.829 465.407 464.531 463.579 462.763 462.223 461.327 460.504 459.488 458.565 458.02 457.395 456.398 455.292 454.776 453.202 452.168 450.438 449.218 447.927 447.525 446.664 445.318 444.501 443.945 443.105 442.408 441.653 440.897 440.239 440.057 440.672 441.369 442.034 443.173 444.739 446.842 447.383 448.234 448.831 449.163 449.688
480.259 479.569 478.938 478.369 477.779 477.003 476.428 475.607 474.745 473.376 472.713 472.176 471.416 470.668 469.965 468.852 467.629 466.601 465.511 465.738 466.591 466.934 467.189 467.243 467.038 466.263 465.865 464.862 463.919 463.234 462.497 461.754 460.747 460.063 458.799 457.922 456.988 456.126 454.94 454.203 452.701 451.506 449.882 448.78 447.996 447.048 446.535 445.741 444.917 444.496 443.364 442.898 441.873 441.308 440.903 440.817 440.733 441.415 441.943 442.992 446.199 447.944 448.435 449.084 449.536 449.835 450.465
480.242 479.753 479.312 478.42 477.737 477.172 476.401 475.756 474.359 473.651 473.196 472.287 471.525 470.775 469.88 468.904 467.755 467.46 467.276 467.103 467.612 467.998 468.344 467.816 467.219 466.548 465.738 464.985 464.135 463.535 462.667 461.705 460.791 459.503 458.445 457.66 456.827 456.093 455.062 453.297 452.545 451.042 450.081 449.591 448.912 448.414 447.772 447.251 446.788 445.749 445.208 443.737 442.818 442.399 441.697 441.562 441.253 441.434 441.927 444.69 446.804 448.342 449.065 449.39 449.81 450.419 450.846
480.526 479.841 479.569 478.713 478.052 477.467 477.069 475.674 474.779 474.114 473.44 472.679 471.888 471.084 470.119 469.099 468.33 468.147 467.968 468.695 468.884 468.737 468.441 468.015 467.322 466.857 465.924 465.323 464.494 463.517 462.72 461.492 460.836 459.73 458.688 458.081 457.237 456.142 455.005 453.54 451.962 451.299 450.565 449.846 449.422 449.246 448.294 448.253 447.456 446.544 445.205 444.386 443.604 443.136 442.364 441.898 441.698 441.614 442.303 445.303 448.011 448.963 449.614 449.864 450.686 451.129 451.594
480.502 480.082 479.428 479.003 478.269 477.433 476.755 475.832 475.118 474.324 473.831 472.986 472.025 471.342 470.66 469.555 469.022 468.877 468.902 469.489 469.429 469.16 468.731 468.091 467.46 466.888 466.148 465.288 464.475 463.597 462.858 461.743 460.682 459.755 458.875 458.411 457.429 456.178 454.927 453.946 452.674 452.134 451.342 450.851 451.144 450.521 450.104 449.113 448.247 447.466 445.869 445.546 445.138 444.047 443.092 442.414 442.384 442.418 442.601 444.183 448.667 449.761 450.161 450.5 451.03 451.521 451.913
480.911 480.458 479.6 479.086 478.195 477.543 476.913 475.897 475.247 474.503 473.894 473.235 472.09 471.105 470.241 469.755 469.489 469.486 470.3 470.113 469.782 469.467 468.927 468.277 467.55 467.166 466.412 465.637 464.576 463.488 462.71 462.024 461.3 460.03 459.414 458.521 457.823 456.607 455.197 454.559 453.625 452.837 452.4 452.308 451.965 451.422 450.643 450.353 448.906 448.026 447.386 446.759 446.461 446.209 444.849 443.694 443.246 442.569 443.117 444.402 448.082 449.694 450.64 450.959 451.476 451.797 452.306
481.073 480.574 479.78 479.027 478.241 477.494 476.942 476.287 475.418 474.738 474.162 473.202 472.358 471.696 471.5 471.178 471.395 471.426 471.227 470.69 470.306 469.841 469.24 468.749 468.143 467.459 466.312 465.588 464.891 463.64 462.618 462.074 461.359 460.257 459.669 459.058 457.691 456.739 455.596 455.061 454.825 454.854 454.201 453.362 452.649 452.078 451.551 450.874 450.276 449.589 448.354 447.872 448.195 447.483 445.726 445.335 443.1 442.612 443.04 447.358 446.987 450.355 451.068 451.601 451.886 452.087 452.447
481.257 480.598 480.1 479.279 478.341 478.078 477.076 476.18 475.641 475.065 474.164 473.339 472.826 472.274 471.826 472.026 471.968 471.881 471.491 470.937 470.359 470.076 469.431 468.915 468.199 467.412 466.276 465.561 464.641 464.007 463.203 462.629 461.549 460.634 459.941 459.33 458.207 457.151 456.627 456.419 456.647 456.13 455.217 453.824 453.035 452.64 451.928 451.59 450.671 450.578 449.296 448.984 449.339 449.224 448.078 447.848 443.95 443.73 444.575 449.676 451.459 450.634 451.476 451.792 452.145 452.365 452.833
481.383 480.818 479.946 478.904 478.593 477.605 476.864 476.069 475.522 474.849 474.433 473.841 473.656 473.454 473.244 473.284 473.181 472.45 471.941 471.343 470.859 470.404 469.831 469.025 468.253 467.393 466.734 465.781 465.007 464.26 463.402 462.603 462.02 461.087 460.304 459.453 458.878 457.712 457.775 457.953 458.008 456.993 456.024 454.615 454.339 453.359 452.986 452.671 452.036 451.434 450.69 450.748 450.294 449.809 449.37 447.42 444.68 444.911 444.272 445.134 447.289 450.376 451.656 451.905 452.236 452.496 452.956
481.484 480.626 480.004 479.825 478.191 477.41 476.728 476.246 475.896 475.372 474.91 474.655 474.287 474.312 474.247 473.748 473.371 472.66 472.095 471.545 471.085 470.534 469.771 468.964 468.482 467.395 466.717 466.14 465.095 464.443 463.736 462.961 462.125 461.308 460.584 460.282 459.644 458.918 459.028 459.137 458.501 456.931 455.62 454.85 454.242 453.688 453.412 453.078 452.448 451.887 451.22 451.406 451.145 450.863 450.292 447.913 447.21 446.828 445.888 445.52 445.763 449.389 451.064 451.852 452.339 452.66 453.02
481.427 480.697 480.113 479.085 478.332 477.65 477.304 476.092 476.27 476.276 475.819 475.372 475.193 475.183 474.928 474.234 473.796 473.346 472.847 472.109 471.399 470.9 469.823 469.392 468.646 467.74 467.167 466.52 465.879 464.588 463.784 462.935 462.134 461.699 461.129 460.676 460.322 460.252 460.222 459.625 457.993 456.755 456.017 455.474 455.036 454.705 454.173 453.759 453.231 452.913 452.819 452.952 452.327 451.433 449.811 449.228 449.041 449.579 447.719 447.044 448.755 451.288 452.588 451.781 452.408 452.743 453.073
481.515 480.53 479.943 479.288 479.048 478.893 478.381 477.922 477.953 477.023 476.496 476.352 476.103 475.735 475.522 474.614 474.073 473.594 473.055 472.271 471.513 471.153 470.179 469.534 469.014 468.14 467.532 466.853 466.098 465.521 464.675 464.046 463.575 462.628 462.107 461.974 461.824 461.344 460.321 459.691 457.675 457.003 456.428 456.033 455.432 455.07 454.548 454.088 453.646 453.458 453.87 453.462 452.887 451.595 450.009 450.172 450.255 450.617 449.694 450.614 452.514 455.636 455.021 452.129 452.294 452.761 453.214
481.436 480.733 480.55 480.069 479.677 479.371 478.733 478.718 478.132 477.982 477.472 477.394 476.869 476.259 475.698 475.248 474.502 473.896 473.36 472.861 472.268 471.636 470.674 470.314 469.559 468.797 467.974 467.524 466.429 465.734 465.032 464.462 464.068 462.962 462.689 462.572 462.613 461.744 460.283 458.541 457.888 457.071 456.825 456.415 456.148 455.847 455.17 454.603 454.654 454.827 454.897 454.289 453.704 452.285 450.988 450.915 450.922 451.597 450.981 450.62 449.857 453.187 451.557 451.836 452.407 452.574 453.267
481.806 481.458 481.169 480.837 480.066 479.964 479.783 479.771 479.209 478.741 478.602 477.765 477.294 476.686 476.148 475.467 474.873 474.393 473.642 473.03 472.45 471.755 470.923 470.319 469.799 469.025 468.278 467.764 466.705 465.676 465.473 464.966 464.662 464.285 463.947 463.683 462.877 462.045 461.003 459.226 458.323 457.87 457.522 457.271 456.593 456.187 455.63 455.521 455.752 456.091 455.359 454.982 453.794 452.546 451.98 451.693 451.324 451.981 451.822 450.582 450.894 450.755 451.285 451.379 452.342 452.969 453.641
