20220701_namedtuples/mapdata/sd8979_DSM_2M.asc
ncols 500
nrows 500
xllcorner    389000
yllcorner    479000
cellsize     2
NODATA_value -9999
[rows 406 to 434 of 500, columns 335 to 401 of 500]
324.254 324.089 323.957 323.669 323.417 323.219 323.067 322.917 322.714 322.507 322.214 321.894 321.479 321.112 320.814 320.474 320.199 319.992 319.749 319.614 319.297 319.072 318.679 318.302 317.947 317.507 317.052 316.597 316.202 315.862 315.684 315.429 315.042 314.734 314.524 314.032 313.627 313.657 313.789 313.787 312.312 312.034 311.817 311.617 311.367 311.174 310.959 310.782 310.642 310.499 310.447 310.387 310.397 310.429 310.527 310.477 310.489 310.499 310.502 310.559 310.557 310.482 310.339 310.147 309.929 309.682 309.404
324.599 324.537 324.354 324.012 323.739 323.549 323.392 323.222 323.042 322.852 322.627 322.294 321.834 321.437 321.074 320.714 320.412 320.179 319.914 319.737 319.477 319.104 318.859 318.544 318.112 317.707 317.302 316.947 316.507 316.189 316.064 315.747 315.399 315.074 314.827 314.452 314.019 313.589 313.214 312.962 312.604 312.334 311.949 311.679 311.534 311.314 311.179 311.022 310.912 310.767 310.769 310.719 310.824 310.979 311.167 311.192 311.202 311.184 311.164 311.147 311.062 310.929 310.739 310.529 310.252 310.004 309.702
324.957 324.899 324.652 324.284 324.047 323.847 323.697 323.529 323.319 323.109 322.914 322.579 322.122 321.744 321.337 320.927 320.634 320.364 320.112 319.884 319.579 319.292 319.042 318.697 318.332 317.932 317.569 317.257 316.902 316.499 316.302 316.057 315.639 315.332 315.027 314.712 314.339 313.992 313.572 313.242 312.949 312.552 312.189 311.887 311.679 311.502 311.372 311.254 311.127 311.102 311.099 311.164 311.359 311.507 311.754 311.917 311.897 311.794 311.717 311.657 311.524 311.359 311.159 310.892 310.654 310.457 310.149
325.107 324.949 324.719 324.574 324.352 324.082 323.874 323.709 323.564 323.402 323.189 322.839 322.439 322.034 321.582 321.122 320.794 320.517 320.314 320.042 319.754 319.464 319.192 318.857 318.539 318.189 317.847 317.492 317.219 316.842 316.564 316.292 315.977 315.589 315.204 314.872 314.572 314.152 313.944 313.527 313.082 312.594 312.287 312.204 311.904 311.597 311.484 311.379 311.402 311.334 311.319 311.579 311.842 312.062 312.249 312.374 312.414 312.364 312.279 312.154 311.992 311.829 311.609 311.344 311.049 310.812 310.502
325.062 324.977 324.949 324.842 324.632 324.354 324.107 323.897 323.792 323.684 323.437 323.134 322.689 322.367 321.889 321.354 320.992 320.734 320.409 320.179 319.962 319.654 319.382 319.072 318.719 318.444 318.124 317.774 317.449 317.169 316.952 316.627 316.272 315.854 315.494 315.144 314.802 314.519 314.172 313.932 313.612 312.942 312.504 312.259 312.082 311.789 311.729 311.699 311.609 311.529 311.717 311.944 312.312 312.517 312.687 312.822 312.907 312.879 312.774 312.574 312.377 312.224 312.014 311.687 311.419 311.164 310.887
325.149 325.139 325.197 325.107 324.837 324.524 324.282 324.099 323.994 323.937 323.672 323.307 322.884 322.462 322.012 321.614 321.259 320.909 320.662 320.422 320.127 319.884 319.577 319.234 318.864 318.619 318.324 317.902 317.637 317.432 317.134 316.829 316.564 316.172 315.939 315.584 315.059 314.689 314.519 314.299 314.034 313.554 312.997 312.592 312.244 311.939 311.874 311.807 311.772 311.907 312.184 312.467 312.852 313.072 313.277 313.387 313.369 313.382 313.292 313.054 312.797 312.584 312.374 312.102 311.774 311.509 311.279
325.414 325.327 325.269 325.184 324.952 324.659 324.424 324.279 324.139 323.949 323.712 323.399 323.052 322.619 322.174 321.834 321.527 321.217 320.964 320.639 320.294 319.994 319.734 319.392 319.057 318.739 318.459 318.132 317.837 317.584 317.294 317.029 316.809 316.479 316.222 315.869 315.547 314.989 314.612 314.357 314.139 313.854 313.422 312.969 312.564 312.457 312.152 312.147 312.124 312.297 312.572 312.972 313.397 313.569 313.782 313.924 314.007 313.889 313.729 313.444 313.179 312.912 312.737 312.477 312.117 311.852 311.652
325.509 325.454 325.314 325.104 324.894 324.657 324.459 324.307 324.142 323.939 323.739 323.452 323.089 322.697 322.322 322.027 321.742 321.457 321.159 320.832 320.522 320.207 319.872 319.577 319.219 318.899 318.617 318.307 318.037 317.782 317.517 317.287 317.009 316.752 316.467 316.137 315.814 315.344 314.822 314.519 314.307 314.009 313.702 313.327 312.912 312.772 312.414 312.402 312.497 312.769 312.984 313.467 313.842 314.097 314.284 314.424 314.404 314.314 314.069 313.792 313.552 313.284 313.047 312.777 312.487 312.202 311.954
325.532 325.417 325.267 325.077 324.929 324.802 324.497 324.297 324.069 323.897 323.699 323.442 323.089 322.729 322.429 322.197 321.922 321.624 321.377 321.067 320.807 320.454 320.069 319.699 319.327 319.019 318.769 318.469 318.204 317.924 317.777 317.544 317.279 317.052 316.807 316.482 316.084 315.809 315.244 314.789 314.424 314.207 313.939 313.954 313.342 312.979 312.759 312.839 312.934 313.139 313.492 313.879 314.327 314.592 314.737 314.874 314.812 314.639 314.402 314.162 313.899 313.649 313.349 313.047 312.769 312.464 312.252
325.659 325.512 325.292 325.079 324.919 324.762 324.584 324.394 324.159 323.914 323.752 323.472 323.189 322.844 322.604 322.379 322.022 321.767 321.554 321.252 320.994 320.732 320.254 319.899 319.529 319.222 318.939 318.637 318.372 318.139 318.007 317.789 317.524 317.299 317.074 316.799 316.542 316.159 316.237 315.224 314.549 314.277 314.054 313.887 313.664 313.377 313.234 313.222 313.404 313.547 313.872 314.309 314.769 315.007 315.214 315.244 315.209 314.969 314.759 314.474 314.212 313.972 313.657 313.334 313.012 312.752 312.477
325.864 325.704 325.499 325.247 325.069 324.814 324.677 324.517 324.282 324.072 323.874 323.624 323.404 323.057 322.747 322.472 322.132 321.862 321.644 321.477 321.179 320.847 320.504 320.179 319.884 319.609 319.312 318.984 318.674 318.447 318.204 318.052 317.932 317.617 317.427 317.122 316.742 316.317 317.109 315.902 314.719 314.417 314.194 314.032 313.874 313.659 313.569 313.567 313.707 313.872 314.219 314.589 315.049 315.359 315.567 315.517 315.447 315.254 315.004 314.809 314.519 314.242 313.909 313.534 313.242 312.957 312.637
326.039 325.897 325.752 325.537 325.364 325.154 324.824 324.612 324.404 324.249 323.997 323.694 323.462 323.252 322.912 322.682 322.392 322.177 321.849 321.719 321.457 321.222 320.799 320.462 320.154 319.869 319.629 319.462 319.122 318.829 318.574 318.264 318.084 317.939 317.677 317.347 316.879 316.474 316.069 315.619 314.927 314.632 314.349 314.167 314.039 314.007 313.879 313.887 314.029 314.267 314.639 314.994 315.419 315.684 315.832 315.842 315.709 315.559 315.337 315.109 314.839 314.479 314.142 313.804 313.462 313.139 312.794
326.304 326.157 326.017 325.857 325.679 325.472 325.182 324.859 324.624 324.434 324.179 323.829 323.582 323.389 323.157 322.967 322.674 322.359 322.099 321.867 321.657 321.359 321.104 320.882 320.502 320.692 319.829 319.719 319.387 319.167 318.954 318.657 318.369 318.229 317.799 317.522 317.149 316.784 316.199 315.734 315.227 314.802 314.559 314.432 314.312 314.254 314.202 314.252 314.387 314.699 315.099 315.414 315.814 316.039 316.129 316.134 316.014 315.809 315.607 315.389 315.077 314.722 314.344 314.012 313.614 313.269 312.887
326.612 326.444 326.282 326.112 325.937 325.704 325.457 325.302 325.024 324.664 324.442 324.122 323.789 323.589 323.437 323.197 322.952 322.659 322.372 322.084 321.879 321.629 321.387 321.277 320.992 320.494 320.049 319.834 319.617 319.499 319.167 318.934 318.697 318.262 317.869 317.622 317.307 317.009 316.442 315.984 315.729 315.182 314.887 314.732 314.557 314.457 314.529 314.712 314.822 314.999 315.394 315.772 316.132 316.422 316.452 316.409 316.274 316.127 315.879 315.567 315.264 314.862 314.517 314.169 314.447 313.407 312.969
326.994 326.864 326.599 326.404 326.219 325.949 325.752 325.604 325.427 325.054 324.717 324.492 324.167 323.834 323.702 323.514 323.217 322.957 322.652 322.357 322.129 321.897 321.667 321.487 321.294 320.999 320.554 320.129 319.904 319.592 319.387 319.134 318.864 318.564 318.062 317.774 317.467 317.162 316.797 316.227 315.854 315.474 315.234 315.059 314.919 314.844 314.854 314.932 315.159 315.397 315.719 316.127 316.487 316.697 316.747 316.672 316.474 316.229 316.049 315.707 315.369 314.979 314.614 314.182 313.822 313.422 313.064
327.547 327.292 327.067 326.847 326.599 326.362 326.137 325.904 325.699 325.379 325.027 324.779 324.577 324.267 323.967 323.677 323.407 323.304 323.017 322.777 322.484 322.174 321.979 321.769 321.467 321.302 321.022 320.547 320.259 319.987 319.674 319.327 319.007 318.604 318.227 317.924 317.642 317.387 317.094 316.574 316.137 315.799 315.524 315.359 315.329 315.312 315.364 315.492 315.657 315.894 316.229 316.534 316.864 316.964 317.007 316.867 316.589 316.319 316.049 315.729 315.367 314.984 314.662 314.257 313.857 313.499 313.147
329.174 327.869 327.604 327.317 327.017 326.839 326.587 326.297 326.024 325.739 325.364 325.129 324.929 324.734 324.472 324.094 323.904 323.579 323.364 323.182 322.857 322.537 322.237 321.997 321.714 321.459 321.229 320.912 320.702 320.442 319.987 319.582 319.239 318.877 318.477 318.154 317.909 317.619 317.407 316.937 316.502 316.272 316.064 315.984 315.939 316.044 316.127 316.279 316.432 316.659 316.822 317.084 317.297 317.349 317.217 317.007 316.714 316.399 316.094 315.769 315.417 315.072 314.722 314.367 313.959 313.569 313.209
328.974 328.632 328.314 327.912 327.552 327.359 327.097 326.759 326.392 326.007 325.724 325.472 325.262 325.067 324.882 324.687 324.507 324.184 323.842 323.507 323.199 322.984 322.679 322.407 322.002 321.744 321.464 321.229 321.014 320.744 320.392 320.034 319.622 319.232 318.902 318.507 318.237 317.874 317.629 317.377 317.032 316.829 316.697 316.644 316.652 316.727 316.914 317.114 317.302 317.547 317.642 317.744 317.727 317.627 317.462 317.159 316.792 316.492 316.197 315.899 315.607 315.272 314.887 314.549 314.117 313.674 313.267
329.469 329.547 329.004 328.624 328.212 327.952 327.707 327.334 326.917 326.622 326.234 325.927 325.699 325.459 325.244 325.059 324.967 324.757 324.347 323.907 323.617 323.849 323.159 322.807 322.517 322.192 321.802 321.587 321.364 321.107 320.829 320.554 320.234 319.742 319.457 319.029 318.704 318.404 318.092 317.862 317.669 317.507 318.024 317.474 317.494 317.602 317.762 317.934 318.154 318.352 318.462 318.417 318.187 317.934 317.629 317.292 316.977 316.707 316.454 316.129 315.807 315.482 315.062 314.654 314.279 313.784 313.329
329.827 329.657 329.487 329.237 328.859 328.517 328.212 327.899 327.569 327.152 326.814 326.444 326.199 325.942 325.617 325.377 325.164 324.972 324.832 324.449 324.519 325.009 323.529 323.244 322.912 322.607 322.242 321.959 321.814 321.649 321.202 320.982 320.672 320.297 319.967 319.592 319.257 318.967 318.774 318.542 318.462 318.367 319.292 318.442 318.522 318.602 318.732 318.979 319.154 319.234 319.182 318.934 318.607 318.302 317.972 317.597 317.292 317.014 316.747 316.484 316.122 315.754 315.292 314.799 314.382 313.894 313.434
330.334 330.197 329.919 329.652 329.372 329.079 328.732 328.354 328.044 327.699 327.344 327.079 326.692 326.412 326.077 325.764 325.522 325.207 324.997 324.804 324.514 324.312 323.942 323.567 323.327 323.094 322.854 322.434 322.354 322.092 321.617 321.382 321.089 320.794 320.452 320.122 319.854 319.657 319.449 319.304 319.262 319.244 319.209 319.319 319.489 319.622 319.742 319.914 320.079 320.007 319.857 319.544 319.039 318.639 318.242 317.954 317.664 317.439 317.219 316.982 316.617 316.042 315.504 315.029 314.422 313.964 313.569
330.699 330.667 330.424 330.169 329.914 329.567 329.262 328.899 328.522 328.277 327.962 327.602 327.234 326.834 326.527 326.212 325.862 325.527 325.289 325.059 324.909 324.699 324.417 324.082 323.774 323.499 323.227 322.854 322.597 322.374 322.122 321.887 321.632 321.364 321.074 320.779 320.507 320.339 320.224 320.129 320.152 320.202 320.324 320.449 320.504 320.619 320.744 320.822 320.784 320.664 320.464 320.012 319.472 319.022 318.639 318.327 318.157 317.974 317.774 317.459 316.974 316.347 315.637 315.034 314.489 314.104 313.777
331.149 330.999 330.777 330.592 330.302 329.989 329.624 329.304 328.937 328.664 328.339 328.067 327.709 327.337 326.929 326.592 326.257 325.899 325.604 325.364 325.107 324.977 324.799 324.559 324.332 323.979 323.694 323.417 323.224 322.957 322.687 322.452 322.264 322.024 321.647 321.469 321.309 321.207 321.062 321.037 321.122 321.189 321.367 321.454 321.544 321.642 321.692 321.702 321.534 321.267 320.834 320.309 319.839 319.424 319.069 318.827 318.657 318.454 318.149 317.739 317.079 316.472 315.749 315.142 314.674 314.282 314.004
331.529 331.304 331.079 330.869 330.607 330.347 330.017 329.702 329.364 329.087 328.737 328.349 327.987 327.664 327.269 326.944 326.647 326.294 325.989 325.694 325.402 325.219 324.979 324.834 324.674 324.422 324.144 323.932 323.737 323.517 323.339 323.087 322.929 322.679 322.384 322.219 322.074 321.919 321.927 321.972 322.089 322.172 322.374 322.434 322.489 322.502 322.419 322.194 321.962 321.614 321.092 320.617 320.207 319.822 319.509 319.314 319.234 318.977 318.489 317.872 317.187 316.477 315.867 315.279 314.849 314.499 314.267
331.824 331.607 331.427 331.164 330.864 330.629 330.394 330.124 329.817 329.542 329.129 328.829 328.339 327.977 327.612 327.224 326.892 326.612 326.327 326.042 325.762 325.499 325.297 325.022 324.899 324.777 324.597 324.419 324.224 324.127 323.924 323.749 323.522 323.274 323.064 322.892 322.792 322.732 322.814 322.892 322.939 323.037 323.229 323.262 323.207 323.069 322.822 322.562 322.167 321.699 321.282 320.909 320.537 320.219 319.967 319.814 319.687 319.272 318.577 317.984 317.339 316.562 315.962 315.497 315.059 314.857 314.664
332.112 331.879 331.672 331.474 331.169 330.944 330.802 330.494 330.222 329.867 329.464 329.142 328.867 328.302 327.919 327.547 327.189 326.884 326.549 326.299 326.044 325.822 325.554 325.287 325.072 324.914 324.879 324.707 324.629 324.519 324.424 324.309 324.109 323.947 323.644 323.459 323.409 323.497 323.634 323.764 323.777 323.822 323.864 323.802 323.612 323.367 323.054 322.712 322.214 321.819 321.462 321.207 320.934 320.697 320.474 320.202 319.932 319.344 318.584 317.879 317.277 316.632 316.104 315.677 315.382 315.217 315.137
332.649 332.319 331.979 331.744 331.534 331.299 331.109 330.834 330.542 330.289 329.967 329.484 329.129 328.727 328.344 327.882 327.534 327.219 326.904 326.652 326.329 326.069 325.752 325.464 325.309 325.169 325.012 324.949 324.989 324.912 324.804 324.704 324.559 324.369 324.159 324.022 323.999 324.047 324.192 324.292 324.339 324.297 324.209 324.062 323.847 323.569 323.149 322.709 322.337 322.007 321.749 321.539 321.397 321.282 321.002 320.529 319.974 319.229 318.542 317.902 317.372 316.797 316.374 316.042 315.779 315.699 315.642
333.267 332.897 332.492 332.204 331.992 331.689 331.457 331.219 330.909 330.612 330.332 329.959 329.574 329.202 328.807 328.402 328.022 327.579 327.222 326.929 326.582 326.287 326.007 325.762 325.559 325.352 325.212 325.207 325.162 325.077 325.004 324.942 324.852 324.777 324.644 324.559 324.557 324.647 324.639 324.559 324.512 324.467 324.397 324.199 323.939 323.687 323.162 322.784 322.494 322.257 322.037 321.929 321.854 321.637 321.322 320.682 319.964 319.189 318.529 318.024 317.519 317.084 316.772 316.574 316.307 316.167 316.197
333.652 333.399 333.022 332.649 332.404 332.094 331.802 331.562 331.324 331.054 330.767 330.467 330.064 329.714 329.289 328.802 328.462 327.977 327.587 327.239 326.954 326.624 326.324 326.129 325.934 325.619 325.569 325.472 325.347 325.237 325.202 325.037 325.009 325.002 324.887 324.824 324.762 324.784 324.739 324.644 324.557 324.499 324.404 324.237 323.952 323.622 323.259 322.907 322.752 322.582 322.457 322.374 322.239 321.914 321.382 320.664 319.912 319.219 318.597 318.107 317.717 317.452 317.167 316.919 316.902 316.922 316.932
